580	0	1001	2883	7047	15902	
634	0	1012	2883	7047	16073	
687	0	1041	2883	7047	16244	
740	0	1056	2883	7047	16414	
798	0	1069	2883	7047	16585	
846	0	1076	2883	7047	16756	
890	0	1079	2883	7047	16926	
931	0	1066	2883	7047	17097	
964	1	1063	2965	7047	17268	
1066	0	877	2965	7047	17436	
1062	0	904	2965	7047	17608	
1054	0	858	2965	7047	17779	
1043	0	810	2965	7047	17949	
1031	0	756	2965	7047	18120	
1010	0	707	2965	7047	18291	
1003	1	657	2965	7047	18461	
997	0	611	2965	7047	18632	
993	0	565	2965	7047	18803	
995	7	521	2965	7047	18974	
996	0	471	2965	7047	19143	
1002	0	432	2965	7047	19314	
1011	0	389	2965	7047	19485	
1026	0	350	2965	7047	19655	
1035	0	307	2965	7047	19826	
1043	0	269	2965	7047	19997	
1048	0	222	2965	7047	20167	
1047	0	177	2965	7047	20338	
1057	50	0	2874	7047	20508	
1053	51	1	2874	7047	20680	
1043	89	0	2874	7047	20850	
1028	123	0	2874	7047	21021	
1003	156	0	2874	7047	21192	
986	190	0	2874	7047	21362	
970	222	0	2874	7047	21533	
959	267	0	2874	7047	21704	
952	304	0	2874	7047	21874	
950	353	0	2874	7047	22045	
954	390	0	2874	7047	22216	
962	431	0	2874	7047	22387	
975	488	0	2874	7047	22557	
992	555	1	2874	6915	22743	
1011	600	0	2874	6915	22901	
1035	648	1	2874	6915	23072	
1052	709	0	2874	6915	23243	
1067	760	0	2874	6915	23413	
1078	816	0	2874	6915	23584	
1084	862	0	2874	6915	23755	
1082	904	0	2874	6915	23925	
0	1086	0	2861	6915	24093	
987	1087	0	2861	6915	24266	
943	1076	0	2861	6915	24436	
893	1058	0	2861	6915	24607	
842	1039	0	2861	6915	24778	
790	1012	0	2861	6915	24948	
733	994	0	2861	6915	25119	
683	979	0	2861	6915	25290	
637	969	0	2861	6915	25461	
590	964	0	2861	6915	25631	
545	964	0	2861	6915	25802	
498	970	0	2861	6915	25971	
458	981	0	2861	6915	26142	
419	996	1	2861	6915	26313	
410	1011	0	2861	6915	26484	
345	1036	0	2861	6915	26654	
308	1051	0	2861	6915	26825	
270	1064	0	2861	6915	26996	
223	1072	0	2861	6915	27166	
180	1086	0	2861	6915	27337	
136	1071	0	2861	6915	27508	
89	1058	0	3723	6915	27679	
0	1063	1126	2971	6915	27849	
0	1056	161	2971	6915	28020	
0	1049	187	2971	6915	28191	
0	1038	223	2971	6915	28361	
0	1026	266	2971	6915	28532	
0	1004	302	2971	6915	28703	
0	999	342	2971	6915	28874	
1	993	370	2971	6915	29044	
0	990	423	2971	6915	29215	
2	990	468	2971	6915	29386	
0	994	521	2971	6995	29571	
0	1001	567	2971	6995	29729	
0	1008	616	2971	6995	29900	
0	1011	665	2971	6995	30071	
1	1036	715	2971	6995	30242	
0	1043	770	2971	6995	30412	
0	1048	817	2971	6995	30583	
0	1051	861	2971	6995	30754	
0	1026	1063	3486	6995	30922	
0	1002	1062	3486	6995	31094	
0	956	1053	3486	6995	31265	
1	906	1038	3486	6995	31435	
0	856	1015	3486	6995	31606	
0	805	994	3486	6995	31777	
1	748	979	3486	6995	31947	
0	699	966	3486	6995	32119	
0	654	958	3486	6995	32289	
0	611	955	3486	6995	32460	
0	569	958	3486	6995	32630	
0	530	966	3486	6995	32801	
0	485	978	3486	6995	32971	
0	448	993	3486	6995	33141	
0	415	1012	3486	6995	33312	
0	378	1037	3486	6995	33483	
0	342	1055	3486	6995	33653	
0	306	1071	3486	6995	33824	
0	267	1079	3486	6995	33995	
0	221	1089	3486	6995	34165	
0	175	1089	3486	6995	34336	
0	0	1082	3478	6995	34506	
94	1	1090	3478	6995	34677	
120	0	1081	3478	6995	34848	
155	3	1067	3478	6995	35019	
188	0	1047	3478	6995	35190	
221	0	1027	3478	6995	35360	
261	1	1003	3478	6995	35531	
295	1	988	3478	6995	35702	
331	0	977	3478	6995	35873	
374	1	983	3478	6995	36043	
414	0	972	3478	6995	36214	
465	0	976	3478	6995	36385	
521	0	987	3478	6967	36570	
575	0	1000	3478	6967	36729	
627	0	1015	3478	6967	36899	
680	1	1036	3478	6967	37070	
733	0	1052	3478	6967	37241	
790	0	1064	3478	6967	37411	
838	0	1072	3478	6967	37582	
883	0	1076	3478	6967	37753	
922	0	1072	3478	6967	37923	
957	0	1061	3478	6967	38094	
1061	0	0	3477	6967	38262	
1057	0	906	3477	6967	38434	
1048	0	866	3477	6967	38605	
1040	0	821	3477	6967	38776	
1024	0	771	3477	6967	38946	
1013	0	718	3477	6967	39117	
1003	0	662	3477	6967	39288	
995	0	623	3477	6967	39459	
988	1	578	3477	6967	39629	
993	0	534	3477	6967	39800	
995	0	474	3477	6967	39970	
1002	0	444	3477	6967	40140	
1011	0	406	3477	6967	40311	
1025	0	362	3477	6967	40482	
1034	0	323	3477	6967	40652	
1043	0	281	3477	6967	40823	
1049	0	233	3477	6967	40994	
1050	0	192	3477	6967	41165	
1059	49	3	3473	6967	41335	
1056	44	0	3473	6967	41506	
1046	90	0	3473	6967	41677	
1032	115	0	3473	6967	41847	
1007	146	0	3473	6967	42018	
989	180	0	3473	6967	42189	
972	214	0	3473	6967	42359	
959	257	0	3473	6967	42530	
951	295	0	3473	6967	42701	
949	336	0	3473	6967	42872	
953	383	0	3473	6967	43042	
957	429	0	3473	6967	43213	
974	479	0	3473	6967	43384	
992	538	0	3473	6904	43569	
1011	592	0	3473	6904	43728	
1036	646	0	3473	6904	43898	
1056	708	0	3473	6904	44069	
1072	754	0	3473	6904	44240	
1084	811	0	3473	6904	44410	
1091	858	0	3473	6904	44582	
1091	901	0	3473	6904	44752	
1084	1083	0	3479	6904	44919	
1027	1093	0	3479	6904	45090	
955	1085	0	3479	6904	45263	
905	1069	0	3479	6904	45434	
849	1048	0	3479	6904	45604	
801	1029	0	3479	6904	45775	
741	1002	0	3479	6904	45946	
690	986	0	3479	6904	46116	
639	971	0	3479	6904	46287	
594	965	0	3479	6904	46458	
549	963	7	3479	6904	46628	
499	968	0	3479	6904	46798	
460	976	0	3479	6904	46969	
419	988	0	3479	6904	47139	
383	996	0	3479	6904	47310	
346	1026	0	3479	6904	47481	
309	1042	0	3479	6904	47651	
272	1055	0	3479	6904	47822	
225	1058	6	3479	6904	47993	
184	1069	0	3479	6904	48164	
142	1066	0	3479	6904	48334	
97	1058	0	3479	6904	48505	
0	1060	1124	3476	6904	48675	
0	1056	143	3476	6904	48846	
0	1047	186	3476	6904	49017	
0	1039	212	3476	6904	49188	
0	1026	256	3476	6904	49359	
0	1009	293	3476	6904	49529	
0	999	331	3476	6904	49700	
0	994	372	3476	6904	49871	
0	993	415	3476	6904	50042	
0	991	460	3476	6904	50212	
0	995	512	3476	7018	50398	
0	1002	561	3476	7018	50556	
0	1011	610	3476	7018	50727	
0	1029	661	3476	7018	50897	
1	1038	711	3476	7018	51068	
0	1047	761	3476	7018	51239	
0	1053	814	3476	7018	51410	
1	1056	859	3465	7018	51580	
0	1047	1070	3465	7018	51748	
0	1012	1068	3465	7018	51920	
0	963	1055	3465	7018	52091	
0	905	1040	3465	7018	52262	
0	860	1012	3465	7018	52433	
0	808	992	3465	7018	52603	
0	752	975	3465	7018	52774	
1	703	969	3465	7018	52945	
0	658	953	3465	7018	53115	
0	617	950	3465	7018	53286	
0	573	953	3465	7018	53457	
0	534	963	3465	7018	53628	
0	489	977	3465	7018	53797	
0	455	982	3465	7018	53968	
1	419	1014	3465	7018	54138	
0	379	1041	3465	7018	54309	
0	350	1060	3465	7018	54480	
0	316	1078	3465	7018	54650	
0	273	1089	3465	7018	54821	
0	227	1098	3465	7018	54992	
0	183	1096	3465	7018	55163	
0	0	1088	3470	7018	55333	
97	0	1096	3470	7018	55504	
125	0	1086	3470	7018	55675	
159	0	1069	3470	7018	55845	
190	1	1049	3470	7018	56016	
222	0	1027	3470	7018	56187	
260	0	1002	3470	7018	56358	
293	0	985	3470	7018	56528	
330	0	973	3470	7018	56699	
371	0	965	3470	7018	56870	
413	0	965	3470	7018	57040	
461	0	976	3470	7018	57211	
516	0	978	3470	6910	57397	
563	0	993	3470	6910	57555	
619	0	1008	3470	6910	57726	
673	0	1030	3470	6910	57896	
724	0	1046	3470	6910	58067	
782	3	1055	3470	6910	58238	
831	0	1071	3470	6910	58408	
878	0	1071	3470	6910	58579	
920	0	1074	3470	6910	58750	
957	0	1066	3470	6910	58921	
1064	0	0	3476	6910	59088	
1063	10	915	3476	6910	59261	
1055	0	874	3476	6910	59431	
1046	0	826	3476	6910	59602	
1034	0	776	3476	6910	59773	
1017	1	721	3476	6910	59944	
1007	1	673	3476	6910	60114	
1000	1	627	3476	6910	60285	
992	0	580	3476	6910	60456	
995	0	535	3476	6910	60626	
1000	0	486	3476	6910	60796	
1006	0	444	3476	6910	60967	
1014	0	402	3476	6910	61137	
1030	0	362	3476	6910	61308	
1039	1	320	3476	6910	61479	
1048	0	277	3476	6910	61650	
1054	0	233	3476	6910	61820	
1057	7	191	3476	6910	61991	
1063	361	0	3475	6910	62162	
1063	60	0	3475	6910	62332	
1055	84	0	3475	6910	62503	
1040	118	0	3475	6910	62674	
1016	152	1	3475	6910	62844	
999	177	0	3475	6910	63015	
982	219	0	3475	6910	63186	
969	262	0	3475	6910	63357	
962	301	0	3475	6910	63527	
957	342	0	3475	6910	63698	
957	387	0	3475	6910	63869	
969	435	0	3475	6910	64039	
981	486	0	3475	6910	64210	
998	545	0	3475	6874	64396	
1011	600	0	3475	6874	64554	
1039	653	0	3475	6874	64725	
1056	707	0	3475	6874	64895	
1070	759	0	3475	6874	65066	
1081	821	3	3475	6874	65237	
1086	863	0	3475	6874	65408	
1084	904	0	3475	6874	42	
0	1091	0	3461	6874	210	
990	1089	0	3461	6874	382	
946	1077	0	3461	6874	553	
895	1068	0	3461	6874	724	
843	1039	0	3461	6874	895	
788	1012	0	3461	6874	1065	
759	992	0	3461	6874	1236	
684	980	9	3461	6874	1407	
636	967	0	3461	6874	1577	
592	962	0	3461	6874	1748	
547	963	0	3461	6874	1919	
499	966	0	3461	6874	2088	
461	978	0	3461	6874	2259	
423	993	10	3461	6874	2430	
385	1009	0	3461	6874	2600	
349	1034	0	3461	6874	2771	
311	1050	0	3461	6874	2942	
272	1063	0	3461	6874	3113	
228	1072	0	3461	6874	3283	
186	1067	0	3461	6874	3454	
141	1073	0	3461	6874	3625	
95	1063	0	3461	6874	3795	
0	1070	0	3463	6874	3966	
0	1063	148	3463	6874	4137	
0	1054	183	3463	6874	4308	
0	1041	219	3463	6874	4478	
0	1030	258	3463	6874	4649	
0	1012	300	3463	6874	4820	
0	1002	339	3463	6874	4990	
0	996	382	3463	6874	5161	
0	992	424	3463	6874	5332	
0	994	470	3463	6874	5503	
0	999	525	3463	6968	5688	
0	1007	573	3463	6968	5846	
0	1024	613	3463	6968	6017	
0	1035	674	3463	6968	6188	
0	1044	713	3463	6968	6358	
0	1054	780	3463	6968	6529	
0	1053	828	3463	6968	6700	
0	0	1073	3462	6968	6868	
0	1038	1076	3462	6968	7038	
0	1006	1071	3462	6968	7211	
0	955	1056	3462	6968	7381	
0	904	1037	3462	6968	7552	
0	850	1010	3462	6968	7723	
0	798	989	3462	6968	7894	
0	741	965	3462	6968	8064	
0	691	960	3462	6968	8235	
0	645	961	3462	6968	8406	
0	601	951	3462	6968	8576	
0	558	955	3462	6968	8747	
0	520	965	3462	6968	8918	
0	478	981	3462	6968	9087	
0	440	999	3462	6968	9258	
0	405	1025	3462	6968	9429	
0	371	1045	3462	6968	9599	
0	335	1064	3462	6968	9770	
0	300	1081	3462	6968	9941	
0	266	1092	3462	6968	10112	
0	213	1097	3462	6968	10282	
0	169	1094	3462	6968	10453	
1154	0	1097	3465	6968	10623	
99	0	1094	3465	6968	10794	
132	1	1083	3465	6968	10965	
164	0	1065	3465	6968	11136	
193	0	1045	3465	6968	11307	
226	0	1017	3465	6968	11477	
265	1	1002	3465	6968	11648	
299	0	982	3465	6968	11819	
338	0	971	3465	6968	11989	
378	0	967	3465	6968	12160	
422	0	966	3465	6968	12331	
472	1	973	3465	6968	12502	
526	0	974	3465	6898	12687	
579	0	999	3465	6898	12845	
633	0	1027	3465	6898	13016	
687	1	1040	3465	6898	13187	
739	0	1055	3465	6898	13357	
799	0	1069	3465	6898	13528	
848	4	1078	3465	6898	13699	
893	0	1082	3465	6898	13870	
934	0	1074	3465	6898	14040	
970	0	1068	3453	6898	14211	
1073	0	930	3453	6898	14379	
1069	0	911	3453	6898	14551	
1060	0	865	3453	6898	14722	
1048	0	817	3453	6898	14893	
1036	1	753	3453	6898	15063	
1018	0	710	3453	6898	15234	
1008	0	661	3453	6898	15405	
1001	0	614	3453	6898	15575	
998	0	569	3453	6898	15746	
999	0	523	3453	6898	15917	
1004	0	475	3453	6898	16086	
1011	0	432	3453	6898	16257	
1025	2	390	3453	6898	16428	
1035	0	351	3453	6898	16599	
1046	0	308	3453	6898	16769	
1053	0	267	3453	6898	16940	
1059	0	219	3453	6898	17111	
1061	0	175	3457	6898	17281	
1069	36	0	3457	6898	17452	
1064	63	0	3457	6898	17623	
1053	100	0	3457	6898	17793	
1036	134	0	3457	6898	17964	
1011	168	0	3457	6898	18135	
993	201	0	3457	6898	18306	
977	237	0	3457	6898	18477	
964	283	0	3457	6898	18647	
959	320	0	3457	6898	18818	
957	362	4	3457	6898	18989	
962	408	0	3457	6898	19159	
970	457	1	3457	6898	19330	
983	514	0	3457	6947	19515	
1001	569	0	3457	6947	19674	
1025	620	0	3457	6947	19845	
1043	673	0	3457	6947	20016	
1059	727	0	3457	6947	20186	
1072	785	14	3457	6947	20357	
1081	832	0	3457	6947	20527	
1084	880	0	3457	6947	20698	
1083	917	0	3457	6947	20869	
1030	1083	0	3457	6947	21036	
977	1085	0	3457	6947	21209	
928	1071	5	3457	6947	21380	
877	1051	0	3457	6947	21550	
825	1031	0	3457	6947	21721	
773	1005	0	3457	6947	21892	
716	980	0	3457	6947	22062	
666	974	0	3457	6947	22233	
619	976	0	3457	6947	22404	
573	965	0	3457	6947	22574	
533	967	0	3457	6947	22745	
484	975	0	3457	6947	22915	
445	990	0	3457	6947	23085	
406	1004	0	3457	6947	23256	
371	1029	0	3457	6947	23427	
334	1045	0	3457	6947	23598	
295	1061	0	3457	6947	23768	
258	1075	0	3457	6947	23939	
210	1081	0	3457	6947	24110	
164	1083	0	3457	6947	24280	
122	1078	0	3457	6947	24451	
73	1063	0	3462	6947	24622	
0	1074	148	3462	6947	24792	
0	1065	165	3462	6947	24963	
1	1055	201	3462	6947	25134	
0	1044	242	3462	6947	25305	
0	1031	281	3462	6947	25476	
0	1008	309	3462	6947	25646	
0	1006	361	3462	6947	25817	
0	1001	404	3462	6947	25988	
0	1000	448	3462	6947	26158	
0	1003	496	3462	6947	26329	
0	1008	550	3462	6843	26514	
0	1014	600	3462	6843	26673	
0	1034	650	3462	6843	26844	
0	1045	691	3462	6843	27014	
0	1052	753	3462	6843	27185	
0	1060	796	3462	6843	27356	
0	1063	856	3462	6843	27526	
0	0	1075	3463	6843	27694	
0	1032	1076	3463	6843	27866	
0	980	1067	3463	6843	28037	
0	929	1052	3463	6843	28208	
0	871	1034	3463	6843	28379	
0	825	1008	3463	6843	28549	
0	773	987	3463	6843	28720	
0	718	973	3463	6843	28891	
0	668	962	3463	6843	29061	
0	624	957	3463	6843	29232	
0	575	959	3463	6843	29403	
0	541	964	3463	6843	29574	
0	497	975	3463	6843	29743	
0	461	990	3463	6843	29914	
0	425	1009	3463	6843	30084	
0	389	1034	3463	6843	30255	
0	354	1054	3463	6843	30426	
0	318	1070	3463	6843	30597	
0	281	1084	3463	6843	30767	
0	234	1094	3463	6843	30938	
0	190	1093	3463	6843	31109	
0	144	1087	3453	6843	31279	
102	0	1095	3453	6843	31450	
115	0	1088	3453	6843	31621	
149	0	1074	3453	6843	31792	
181	0	1050	3453	6843	31962	
214	0	1034	3453	6843	32133	
244	0	1011	3453	6843	32304	
286	0	994	3453	6843	32474	
323	1	985	3453	6843	32645	
363	0	975	3453	6843	32816	
406	1	975	3453	6843	32987	
455	0	978	3453	6843	33157	
505	0	984	3453	7055	33343	
562	0	1000	3453	7055	33501	
616	1	1016	3453	7055	33672	
669	0	1039	3453	7055	33842	
723	0	1055	3453	7055	34013	
781	0	1068	3453	7055	34184	
832	0	1079	3453	7055	34355	
878	0	1084	3453	7055	34525	
920	0	1083	3453	7055	34696	
959	0	1075	3451	7055	34867	
1079	0	913	3451	7055	35035	
1077	0	931	3451	7055	35207	
1065	0	885	3451	7055	35378	
1055	1	836	3451	7055	35548	
1041	0	786	3451	7055	35719	
1028	0	729	3451	7055	35890	
1011	0	678	3451	7055	36060	
1004	0	630	3451	7055	36231	
999	0	583	3451	7055	36402	
997	0	536	3451	7055	36573	
1000	0	486	3451	7055	36742	
1002	0	442	3451	7055	36913	
1013	0	400	3451	7055	37084	
1030	0	359	3451	7055	37254	
1040	0	318	3451	7055	37425	
1047	0	277	3451	7055	37596	
1054	0	230	3451	7055	37766	
1056	0	176	3451	7055	37937	
1063	1124	0	3460	7055	38107	
1064	52	0	3460	7055	38278	
1056	87	0	3460	7055	38449	
1043	123	0	3460	7055	38620	
1027	157	0	3460	7055	38791	
1003	190	0	3460	7055	38961	
988	224	0	3460	7055	39132	
975	266	0	3460	7055	39303	
965	306	0	3460	7055	39473	
962	344	0	3460	7055	39644	
963	389	0	3460	7055	39815	
970	430	0	3460	7055	39986	
980	486	0	3460	7055	40156	
995	545	8	3460	6756	40342	
1012	597	0	3460	6756	40500	
1035	651	0	3460	6756	40671	
1052	704	1	3460	6756	40842	
1066	758	0	3460	6756	41012	
1078	813	0	3460	6756	41183	
1085	860	0	3460	6756	41354	
1081	901	0	3460	6756	41525	
0	1090	0	3458	6756	41692	
993	1088	0	3458	6756	41865	
950	1081	0	3458	6756	42035	
899	1062	0	3458	6756	42206	
847	1043	0	3458	6756	42377	
796	1024	0	3458	6756	42547	
738	999	0	3458	6756	42718	
688	985	0	3458	6756	42889	
639	975	0	3458	6756	43059	
595	971	0	3458	6756	43230	
550	973	0	3458	6756	43401	
503	978	0	3458	6756	43572	
463	990	0	3458	6756	43741	
423	1004	0	3458	6756	43912	
386	1027	0	3458	6756	44083	
349	1043	0	3458	6756	44253	
311	1057	0	3458	6756	44424	
272	1070	0	3458	6756	44595	
224	1079	0	3458	6756	44765	
182	1082	0	3458	6756	44936	
137	1078	0	3458	6756	45107	
89	1065	0	3451	6756	45278	
0	1071	32	3451	6756	45448	
0	1066	154	3451	6756	45619	
0	1056	190	3451	6756	45790	
0	1038	232	3451	6756	45960	
0	1033	270	3451	6756	46131	
0	1024	310	3451	6756	46302	
0	1002	349	3451	6756	46472	
0	996	391	3451	6756	46643	
0	997	434	3451	6756	46814	
0	985	486	3451	6756	46985	
0	1002	534	3451	6939	47170	
0	1007	580	3451	6939	47328	
0	1024	632	3451	6939	47499	
0	1034	683	3451	6939	47670	
0	1044	731	3451	6939	47841	
0	1053	786	3451	6939	48011	
0	1055	832	3451	6939	48182	
0	0	1068	3448	6939	48350	
0	1032	1069	3448	6939	48520	
0	994	1062	3448	6939	48693	
0	945	1047	3448	6939	48864	
0	893	1028	3448	6939	49034	
0	840	1001	3448	6939	49205	
0	789	982	3448	6939	49376	
0	732	965	3448	6939	49546	
0	684	954	3448	6939	49717	
0	639	949	3448	6939	49888	
0	597	948	3448	6939	50059	
0	557	954	3448	6939	50230	
0	519	966	3448	6939	50400	
0	474	982	3448	6939	50569	
0	440	1002	3448	6939	50740	
0	405	1033	3448	6939	50911	
0	371	1050	3448	6939	51082	
0	336	1059	3448	6939	51252	
0	299	1084	3448	6939	51423	
0	260	1095	3448	6939	51594	
0	212	1100	3448	6939	51764	
0	168	1087	3448	6939	51935	
1158	0	1100	3461	6939	52105	
106	0	1087	3461	6939	52277	
135	0	1087	3461	6939	52447	
169	11	1069	3461	6939	52618	
201	0	1050	3461	6939	52789	
234	0	1031	3461	6939	52959	
273	1	1005	3461	6939	53130	
307	0	997	3461	6939	53301	
345	0	981	3461	6939	53472	
387	0	975	3461	6939	53642	
431	0	977	3461	6939	53813	
483	1	983	3461	6939	53984	
537	0	994	3461	6942	54169	
590	1	1007	3461	6942	54327	
644	0	1028	3461	6942	54498	
697	0	1045	3461	6942	54669	
751	0	1059	3461	6942	54840	
809	1	1072	3461	6942	55010	
856	0	1079	3461	6942	55181	
900	0	1080	3461	6942	55352	
942	1	1075	3461	6942	55522	
977	0	1062	3461	6942	55693	
1069	0	910	3461	6942	55861	
1064	1	898	3461	6942	56033	
1051	0	852	3461	6942	56204	
1044	0	807	3461	6942	56375	
1031	0	747	3461	6942	56545	
1014	0	698	3461	6942	56716	
1005	0	652	3461	6942	56887	
987	0	603	3461	6942	57058	
997	0	560	3461	6942	57228	
997	1	515	3461	6942	57399	
1001	0	464	3461	6942	57569	
1008	0	424	3461	6942	57739	
1016	0	382	3461	6942	57910	
1030	1	343	3461	6942	58081	
1039	0	300	3461	6942	58251	
1046	0	261	3461	6942	58422	
1050	0	212	3461	6942	58593	
1047	0	168	3454	6942	58763	
1058	36	0	3454	6942	58934	
1050	63	0	3454	6942	59105	
1042	99	1	3454	6942	59276	
1025	132	0	3454	6942	59446	
1001	166	0	3454	6942	59617	
984	199	0	3454	6942	59788	
969	240	0	3454	6942	59958	
955	279	0	3454	6942	60129	
954	309	0	3454	6942	60300	
954	361	0	3454	6942	60471	
960	406	0	3454	6942	60641	
971	456	0	3454	6942	60812	
985	502	0	3454	7038	60998	
1002	568	0	3454	7038	61156	
1028	622	0	3454	7038	61327	
1046	676	0	3454	7038	61497	
1063	730	0	3454	7038	61668	
1072	788	0	3454	7038	61839	
1087	835	0	3454	7038	62009	
1090	880	1	3454	7038	62180	
1086	922	0	3455	7038	62351	
1032	1095	0	3455	7038	62519	
979	1089	0	3455	7038	62691	
931	1074	0	3455	7038	62862	
879	1055	0	3455	7038	63032	
825	1036	1	3455	7038	63203	
773	1009	0	3455	7038	63374	
716	990	0	3455	7038	63545	
667	977	0	3455	7038	63715	
620	969	0	3455	7038	63886	
575	965	0	3455	7038	64057	
529	969	0	3455	7038	64227	
483	978	0	3455	7038	64397	
445	990	0	3455	7038	64568	
405	1004	0	3455	7038	64738	
368	1032	6	3455	7038	64909	
330	1046	0	3455	7038	65080	
291	1053	2	3455	7038	65250	
247	1071	0	3455	7038	65421	
205	1075	0	3455	7038	56	
161	1076	0	3455	7038	227	
117	1068	9	3455	7038	397	
71	1053	0	3467	7038	568	
0	1063	176	3467	7038	738	
0	1055	165	3467	7038	909	
0	1046	201	3467	7038	1080	
0	1034	237	3467	7038	1251	
0	1011	280	3467	7038	1421	
0	1007	318	3467	7038	1593	
0	992	358	3467	7038	1763	
0	995	399	3467	7038	1934	
0	993	442	3467	7038	2104	
0	997	489	3467	7038	2275	
0	1001	542	3467	6774	2461	
0	1007	590	3467	6774	2619	
0	1025	641	3467	6774	2790	
0	1036	691	3467	6774	2960	
0	1043	740	3467	6774	3131	
1	1050	794	3467	6774	3302	
0	1053	838	3467	6774	3472	
0	0	1064	3471	6774	3640	
0	1040	1066	3471	6774	3811	
0	983	1059	3471	6774	3983	
0	933	1045	3471	6774	4154	
0	880	1010	3471	6774	4325	
0	830	1002	3471	6774	4495	
0	779	991	3471	6774	4666	
0	723	969	3471	6774	4837	
0	675	959	3471	6774	5008	
0	631	954	3471	6774	5178	
0	589	953	3471	6774	5349	
0	549	960	3471	6774	5520	
0	493	966	3471	6774	5689	
0	467	988	3471	6774	5860	
0	432	1006	3471	6774	6031	
0	397	1032	3471	6774	6201	
0	366	1056	3471	6774	6372	
0	327	1070	3471	6774	6543	
0	290	1076	3471	6774	6713	
0	243	1094	3471	6774	6884	
0	201	1098	3471	6774	7055	
0	155	1093	3471	6774	7226	
293	0	1098	3460	6774	7396	
110	1	1092	3460	6774	7567	
142	0	1080	3460	6774	7738	
176	0	1062	3460	6774	7908	
209	1	1041	3460	6774	8079	
240	0	1015	3460	6774	8250	
281	0	997	3460	6774	8421	
317	0	983	3460	6774	8591	
356	3	974	3460	6774	8762	
399	0	971	3460	6774	8933	
445	0	973	3460	6774	9103	
491	0	979	3460	6774	9274	
550	0	992	3460	6961	9460	
603	0	1006	3460	6961	9618	
654	0	1027	3460	6961	9789	
707	0	1043	3460	6961	9959	
759	0	1057	3460	6961	10130	
815	0	1068	3460	6961	10301	
862	0	1074	3460	6961	10471	
903	0	1064	3460	6961	10642	
942	0	1068	3460	6961	10813	
320	0	0	3462	6961	10981	
893	0	835	3462	6961	11154	
918	0	823	3462	6961	11325	
936	1	793	3462	6961	11496	
952	0	746	3462	6961	11666	
964	0	718	3462	6961	11837	
971	1	681	3462	6961	12008	
983	1	643	3462	6961	12179	
988	0	603	3462	6961	12349	
991	0	560	3462	6961	12520	
992	3	522	3462	6961	12691	
990	0	469	3462	6961	12862	
986	0	425	3462	6961	13032	
978	0	378	3462	6961	13203	
967	0	332	3462	6961	13374	
956	0	285	3462	6961	13545	
944	9	230	3462	6961	13715	
927	0	183	3462	6961	13886	
908	0	136	3476	6961	14057	
1556	215	0	3476	6961	14224	
1511	263	0	3476	6961	14395	
1470	293	0	3476	6961	14566	
1410	308	0	3476	6961	14737	
1326	313	0	3476	6961	14907	
1222	308	1	3476	6961	15078	
1119	298	0	3476	6961	15249	
1010	290	0	3476	6961	15420	
918	287	0	3476	6961	15590	
840	289	2	3476	6961	15761	
780	305	0	3476	6961	15932	
732	328	0	3476	6961	16102	
727	363	0	3476	6961	16273	
719	411	0	3476	6961	16444	
744	468	0	3476	6961	16615	
791	540	0	3476	7310	16800	
844	612	0	3476	7310	16958	
904	689	0	3476	7310	17129	
968	774	0	3476	7310	17300	
1036	850	0	3476	7310	17470	
1092	922	7	3476	7310	17641	
1194	1136	0	3480	7310	17809	
1035	1157	0	3480	7310	17981	
988	1166	0	3480	7310	18152	
940	1166	0	3480	7310	18323	
888	1152	0	3480	7310	18493	
835	1135	0	3480	7310	18664	
778	1110	0	3480	7310	18835	
715	1086	0	3480	7310	19006	
658	1062	0	3480	7310	19177	
603	1034	0	3480	7310	19347	
548	1014	0	3480	7310	19518	
488	992	0	3480	7310	19688	
440	993	0	3480	7310	19858	
392	989	0	3480	7310	20029	
347	990	0	3480	7310	20199	
305	1001	0	3480	7310	20370	
263	998	0	3480	7310	20541	
217	1004	0	3480	7310	20711	
176	1009	0	3480	7310	20882	
134	1015	0	3480	7310	21053	
93	1026	0	3480	7310	21224	
49	1010	0	3464	7310	21394	
0	1030	121	3464	7310	21565	
0	1033	153	3464	7310	21736	
0	1032	192	3464	7310	21907	
0	1031	237	3464	7310	22077	
0	1029	286	3464	7310	22248	
0	1028	330	3464	7310	22419	
0	1028	374	3464	7310	22589	
0	1029	418	3464	7310	22760	
0	1030	464	3464	7310	22931	
0	1035	518	3464	6994	23116	
0	1042	570	3464	6994	23275	
0	1048	615	3464	6994	23445	
0	1053	663	3464	6994	23616	
0	1057	711	3464	6994	23787	
1	1060	757	3464	6994	23957	
0	1061	809	3464	6994	24128	
0	0	1077	3444	6994	24296	
1	1085	1068	3444	6994	24467	
0	1027	1068	3444	6994	24639	
0	964	1039	3444	6994	24810	
0	909	1005	3444	6994	24980	
1	857	984	3444	6994	25151	
0	806	952	3444	6994	25322	
0	747	944	3444	6994	25493	
0	698	921	3444	6994	25663	
0	653	925	3444	6994	25834	
0	610	932	3444	6994	26005	
0	572	932	3444	6994	26175	
0	530	947	3444	6994	26346	
0	494	965	3444	6994	26516	
0	470	987	3444	6994	26686	
0	429	1013	3444	6994	26857	
0	386	1038	3444	6994	27028	
0	365	1067	3444	6994	27198	
0	320	1087	3444	6994	27369	
0	291	1102	3444	6994	27540	
0	245	1110	3444	6994	27711	
0	200	1108	3444	6994	27881	
0	154	1101	3462	6994	28052	
112	0	1106	3462	6994	28222	
118	0	1095	3462	6994	28393	
150	0	1076	3462	6994	28564	
182	1	1053	3462	6994	28743	
209	0	1029	3462	6994	28906	
240	0	999	3462	6994	29076	
274	0	979	3462	6994	29247	
311	0	963	3462	6994	29418	
348	0	955	3462	6994	29588	
389	0	951	3462	6994	29759	
434	0	955	3462	6994	29930	
483	0	964	3462	6994	30101	
540	0	979	3462	6843	30286	
594	30	995	3462	6843	30444	
648	0	1015	3462	6843	30615	
703	0	1040	3462	6843	30786	
757	0	1059	3462	6843	30956	
814	0	1072	3462	6843	31127	
863	0	1079	3462	6843	31298	
907	0	1083	3462	6843	31469	
948	0	1076	3462	6843	31639	
1072	0	0	3478	6843	31807	
1072	0	916	3478	6843	31978	
1067	0	895	3478	6843	32150	
1057	0	848	3478	6843	32321	
1044	1	799	3478	6843	32492	
1031	3	743	3478	6843	32662	
1012	0	693	3478	6843	32833	
1001	0	644	3478	6843	33004	
996	0	597	3478	6843	33174	
993	0	551	3478	6843	33345	
995	0	502	3478	6843	33516	
999	7	457	3478	6843	33685	
1006	0	415	3478	6843	33856	
1014	0	377	3478	6843	34027	
1032	0	337	3478	6843	34197	
1040	1	295	3478	6843	34368	
1047	0	247	3478	6843	34539	
1052	0	206	3478	6843	34709	
1082	56	0	3445	6843	34880	
1061	32	0	3445	6843	35051	
1052	68	0	3445	6843	35222	
1035	102	0	3445	6843	35392	
1010	136	0	3445	6843	35563	
989	167	0	3445	6843	35734	
972	201	0	3445	6843	35905	
958	236	0	3445	6843	36076	
948	280	0	3445	6843	36246	
944	321	0	3445	6843	36417	
947	366	0	3445	6843	36588	
954	414	0	3445	6843	36758	
967	464	0	3445	6843	36929	
983	523	0	3445	6940	37114	
1002	577	0	3445	6940	37273	
1028	632	0	3445	6940	37443	
1047	690	0	3445	6940	37614	
1064	739	0	3445	6940	37785	
1076	795	0	3445	6940	37955	
1085	842	0	3445	6940	38126	
1087	886	6	3445	6940	38297	
165	1094	0	3443	6940	38465	
1010	1091	0	3443	6940	38637	
963	1078	0	3443	6940	38808	
912	1058	9	3443	6940	38978	
858	1034	0	3443	6940	39149	
806	1004	0	3443	6940	39320	
748	982	0	3443	6940	39491	
696	960	0	3443	6940	39661	
649	951	0	3443	6940	39832	
602	946	0	3443	6940	40003	
558	944	0	3443	6940	40174	
517	949	0	3443	6940	40344	
473	961	0	3443	6940	40514	
436	977	0	3443	6940	40684	
399	997	0	3443	6940	40855	
365	1007	0	3443	6940	41026	
332	1044	0	3443	6940	41197	
294	1061	0	3443	6940	41367	
258	1076	0	3443	6940	41538	
211	1083	0	3443	6940	41709	
168	1084	0	3443	6940	41879	
125	1079	0	3443	6940	42050	
0	1076	1144	3468	6940	42220	
0	1075	139	3468	6940	42391	
0	1066	167	3468	6940	42562	
0	1053	202	3468	6940	42733	
1	1039	238	3468	6940	42904	
0	1025	279	3468	6940	43074	
0	1005	317	3468	6940	43245	
0	994	355	3468	6940	43416	
0	988	394	3468	6940	43586	
0	987	438	3468	6940	43758	
0	989	485	3468	6940	43928	
0	994	538	3468	6935	44113	
0	1006	587	3468	6935	44272	
0	1013	639	3468	6935	44442	
0	1032	686	3468	6935	44613	
0	1042	741	3468	6935	44784	
0	1052	794	3468	6935	44955	
0	1057	845	3475	6935	45125	
0	1096	1071	3475	6935	45293	
0	1032	1068	3475	6935	45465	
0	977	1055	3475	6935	45636	
0	924	1037	3475	6935	45807	
0	870	1011	3475	6935	45978	
0	817	987	3475	6935	46148	
0	759	967	3475	6935	46319	
0	709	951	3475	6935	46490	
0	662	941	3475	6935	46660	
0	619	938	3475	6935	46831	
0	577	951	3475	6935	47002	
0	538	950	3475	6935	47173	
0	495	964	3475	6935	47342	
0	459	982	3475	6935	47513	
0	425	1003	3475	6935	47684	
0	392	1030	3475	6935	47854	
0	360	1052	3475	6935	48025	
0	325	1071	3475	6935	48196	
0	288	1084	3475	6935	48366	
0	242	1093	3475	6935	48537	
0	201	1096	3475	6935	48708	
1158	0	1100	3464	6935	48878	
76	0	1098	3464	6935	49049	
107	0	1087	3464	6935	49220	
138	0	1067	3464	6935	49391	
169	0	1042	3464	6935	49561	
199	0	1013	3464	6935	49732	
226	0	990	3464	6935	49903	
267	0	970	3464	6935	50074	
301	0	947	3464	6935	50244	
341	0	947	3464	6935	50415	
379	0	947	3464	6935	50586	
429	0	953	3464	6935	50756	
480	1	953	3464	6935	50927	
536	0	980	3464	6960	51112	
592	0	998	3464	6960	51271	
647	0	1025	3464	6960	51441	
702	7	1045	3464	6960	51612	
757	0	1064	3464	6960	51783	
815	0	1080	3464	6960	51954	
864	2	1088	3464	6960	52124	
908	0	1091	3464	6960	52295	
948	0	1085	3451	6960	52466	
1089	7	949	3451	6960	52633	
1085	1	950	3451	6960	52804	
1073	0	902	3451	6960	52977	
1058	1	854	3451	6960	53147	
1041	1	804	3451	6960	53318	
1024	0	745	3451	6960	53489	
1002	0	694	3451	6960	53659	
990	0	645	3451	6960	53830	
982	3	596	3451	6960	54001	
976	0	550	3451	6960	54172	
981	1	500	3451	6960	54342	
987	0	456	3451	6960	54512	
996	0	416	3451	6960	54682	
1008	0	376	3451	6960	54854	
1026	7	337	3451	6960	55024	
1038	0	303	3451	6960	55195	
1049	0	256	3451	6960	55366	