1561	1110	0	2185	2218	35117	
1560	992	5	2185	2218	35288	
1562	883	0	2185	2218	35458	
1566	774	0	2185	2164	35643	
1576	657	0	2185	2164	35801	
1582	547	0	2185	2164	35972	
1584	431	1	2185	2164	36140	
1590	323	0	2185	2164	36311	
1592	208	0	2194	2164	36481	
1587	99	0	2194	2164	36652	
1580	160	0	2194	2164	36822	
1570	261	0	2194	2164	36993	
1564	365	0	2194	2164	37164	
1560	472	0	2194	2164	37335	
1560	589	0	2194	2164	37507	
1564	703	0	2194	2164	37677	
1570	825	0	2194	2177	37862	
1578	943	0	2194	2177	38020	
1584	1063	6	2194	2177	38191	
1588	1177	0	2194	2177	38361	
1592	1294	0	2194	2177	38532	
1590	1400	0	2187	2177	38703	
1585	1501	0	2187	2177	38874	
1578	1430	0	2187	2177	39041	
1574	1292	0	2187	2177	39214	
1565	1177	0	2187	2177	39385	
1556	1067	1	2187	2177	39555	
1563	951	0	2187	2177	39726	
1566	841	0	2187	2177	39897	
1573	724	0	2187	2189	40081	
1577	616	0	2187	2189	40239	
1584	500	0	2187	2189	40410	
1587	391	0	2187	2189	40578	
1590	283	0	2187	2189	40749	
1587	168	0	2187	2189	40920	
1581	61	0	2183	2189	41090	
1573	195	0	2183	2189	41261	
1565	301	0	2183	2189	41432	
1562	405	0	2183	2189	41602	
1557	518	0	2183	2189	41774	
1560	630	0	2183	2189	41945	
1564	744	0	2183	2189	42116	
1571	867	0	2183	2190	42300	
1579	986	0	2183	2190	42459	
1583	1107	0	2183	2190	42629	
1588	1220	0	2183	2190	42800	
1591	1338	0	2183	2190	42971	
1588	1443	1	2195	2190	43141	
1579	1552	0	2195	2190	43312	
1578	1347	1	2195	2190	43480	
1572	1233	0	2195	2190	43652	
1568	1124	0	2195	2190	43823	
1567	1009	0	2195	2190	43994	
1558	900	0	2195	2190	44164	
1572	789	0	2195	2190	44335	
1571	674	0	2195	2179	44519	
1587	567	0	2195	2179	44678	
1591	452	0	2195	2179	44846	
1597	346	0	2195	2179	45017	
1611	233	0	2195	2179	45187	
1592	123	0	2194	2179	45358	
1590	0	0	2194	2179	45528	
1577	230	0	2194	2179	45699	
1570	338	0	2194	2179	45870	
1565	442	0	2194	2179	46041	
1565	559	1	2194	2179	46213	
1568	671	0	2194	2179	46384	
1573	793	9	2194	2194	46568	
1582	909	0	2194	2194	46726	
1592	1031	0	2194	2194	46897	
1593	1147	0	2194	2194	47068	
1596	1258	0	2194	2194	47238	
1596	1371	0	2194	2194	47409	
1590	1473	0	2189	2194	47580	
1578	1363	0	2189	2194	47747	
1570	1318	0	2189	2194	47920	
1565	1203	0	2189	2194	48091	
1562	1092	0	2189	2194	48261	
1561	974	0	2189	2194	48432	
1563	864	0	2189	2194	48603	
1570	746	0	2189	2174	48787	
1576	636	0	2189	2174	48945	
1582	525	0	2189	2174	49117	
1586	407	0	2189	2174	49284	
1589	298	0	2189	2174	49455	
1587	182	0	2188	2174	49626	
1582	75	0	2188	2174	49796	
1575	177	0	2188	2174	49967	
1565	282	0	2188	2174	50138	
1560	386	0	2188	2174	50309	
1556	491	3	2188	2174	50479	
1559	607	0	2188	2174	50651	
1566	718	0	2188	2174	50822	
1571	842	0	2188	2195	51006	
1577	958	4	2188	2195	51165	
1583	1078	0	2188	2195	51335	
1588	1194	9	2188	2195	51506	
1590	1308	0	2188	2195	51677	
1588	1414	0	2195	2195	51847	
1581	1516	0	2195	2195	52018	
1573	1402	0	2195	2195	52186	
1568	1265	0	2195	2195	52358	
1564	1155	0	2195	2195	52529	
1561	1046	0	2195	2195	52700	
1564	927	3	2195	2195	52870	
1569	820	0	2195	2195	53041	
1569	703	0	2195	2185	53226	
1581	594	0	2195	2185	53384	
1580	478	0	2195	2185	53552	
1591	371	0	2195	2185	53723	
1590	262	1	2195	2185	53893	
1587	147	0	2195	2185	54064	
1578	39	0	2193	2185	54235	
1571	212	0	2193	2185	54405	
1564	321	0	2193	2185	54576	
1559	427	0	2193	2185	54747	
1559	543	0	2193	2185	54919	
1561	657	0	2193	2185	55090	
1565	780	0	2193	2185	55260	
1573	898	0	2193	2177	55445	
1580	1015	0	2193	2177	55603	
1584	1135	0	2193	2177	55774	
1587	1246	0	2193	2177	55944	
1589	1362	0	2185	2177	56115	
1586	1467	0	2185	2177	56286	
1585	1306	1	2185	2177	56454	
1578	1331	0	2185	2177	56624	
1572	1217	0	2185	2177	56797	
1566	1108	1	2185	2177	56967	
1566	992	1	2185	2177	57138	
1569	883	0	2185	2177	57309	
1576	775	0	2185	2186	57493	
1582	658	0	2185	2186	57652	
1589	550	0	2185	2186	57822	
1593	433	0	2185	2186	57990	
1586	321	0	2185	2186	58161	
1597	209	0	2185	2186	58332	
1591	103	0	2187	2186	58503	
1585	166	0	2187	2186	58673	
1584	256	0	2187	2186	58844	
1571	359	0	2187	2186	59015	
1574	465	0	2187	2186	59185	
1566	580	0	2187	2186	59358	
1569	693	7	2187	2186	59528	
1575	816	0	2187	2196	59712	
1584	931	0	2187	2196	59871	
1591	1054	0	2187	2196	60041	
1596	1169	7	2187	2196	60212	
1599	1287	0	2187	2196	60383	
1596	1393	0	2187	2196	60554	
1590	1495	0	2194	2196	60724	
1577	1360	3	2194	2196	60892	
1570	1290	0	2194	2196	61064	
1564	1172	0	2194	2196	61235	
1571	1061	0	2194	2196	61406	
1560	944	0	2194	2196	61577	
1565	835	0	2194	2196	61748	
1570	717	0	2194	2165	61932	
1573	608	0	2194	2165	62090	
1583	492	0	2194	2165	62258	
1585	384	0	2194	2165	62429	
1589	278	0	2194	2165	62600	
1588	165	0	2185	2165	62770	
1580	56	0	2185	2165	62941	
1571	194	0	2185	2165	63111	
1566	301	0	2185	2165	63283	
1562	404	0	2185	2165	63453	
1559	519	0	2185	2165	63625	
1564	632	0	2185	2165	63796	
1566	743	0	2185	2165	63967	
1573	866	0	2185	2204	64151	
1581	982	0	2185	2204	64309	
1586	1105	9	2185	2204	64480	
1589	1216	0	2185	2204	64651	
1591	1335	0	2185	2204	64821	
1589	1440	0	2184	2204	64992	
1582	1543	0	2184	2204	65163	
1576	1374	0	2184	2204	65330	
1566	1245	14	2184	2204	65503	
1566	1137	0	2184	2204	138	
1566	1028	0	2184	2204	308	
1568	910	0	2184	2204	479	
1568	799	0	2184	2204	650	
1579	682	0	2184	2180	834	
1593	571	0	2184	2180	993	
1591	455	0	2184	2180	1161	
1595	345	5	2184	2180	1331	
1592	228	0	2184	2180	1502	
1586	119	0	2184	2180	1673	
1579	1647	0	2187	2180	1843	
1570	240	0	2187	2180	2014	
1564	348	0	2187	2180	2185	
1562	454	0	2187	2180	2356	
1557	570	0	2187	2180	2528	
1562	683	0	2187	2180	2698	
1567	803	0	2187	2170	2883	
1575	918	0	2187	2170	3041	
1580	1040	0	2187	2170	3212	
1585	1155	0	2187	2170	3382	
1586	1267	0	2187	2170	3553	
1585	1380	0	2186	2170	3724	
1580	1482	0	2186	2170	3895	
1580	1392	3	2186	2170	4062	
1574	1307	0	2186	2170	4235	
1569	1191	0	2186	2170	4405	
1568	1083	0	2186	2170	4576	
1570	967	0	2186	2170	4747	
1572	858	0	2186	2170	4917	
1579	743	0	2186	2184	5102	
1587	632	0	2186	2184	5260	
1592	522	0	2186	2184	5431	
1588	409	0	2186	2184	5599	
1599	299	0	2186	2184	5770	
1606	185	0	2186	2184	5940	
1592	77	0	2184	2184	6111	
1584	171	0	2184	2184	6281	
1578	279	1	2184	2184	6453	
1571	383	0	2184	2184	6623	
1568	491	0	2184	2184	6794	
1568	610	0	2184	2184	6966	
1573	724	0	2184	2184	7137	
1571	848	0	2184	2195	7321	
1586	966	0	2184	2195	7479	
1592	1088	6	2184	2195	7650	
1599	1202	0	2184	2195	7821	
1597	1317	0	2184	2195	7992	
1593	1420	0	2184	2195	8162	
1592	1521	1	2184	2195	8333	
1573	1344	0	2184	2195	8501	
1567	1259	0	2184	2195	8673	
1563	1151	0	2184	2195	8844	
1560	1040	0	2184	2195	9014	
1561	923	0	2184	2195	9185	
1566	814	0	2184	2195	9356	
1574	698	0	2184	2182	9540	
1580	588	0	2184	2182	9698	
1586	471	0	2184	2182	9867	
1588	361	0	2184	2182	10037	
1590	247	0	2184	2182	10208	
1588	139	0	2181	2182	10379	
1587	1642	6	2181	2182	10549	
1572	218	0	2181	2182	10720	
1567	328	0	2181	2182	10891	
1561	431	0	2181	2182	11062	
1560	548	0	2181	2182	11234	
1565	660	0	2181	2182	11404	
1571	780	4	2181	2182	11575	
1578	896	0	2181	2196	11759	
1585	1012	0	2181	2196	11918	
1590	1134	0	2181	2196	12088	
1594	1247	0	2181	2196	12259	
1595	1364	0	2181	2196	12430	
1590	1467	0	2185	2196	12600	
1586	0	0	2185	2196	12768	
1574	1328	0	2185	2196	12939	
1571	1214	0	2185	2196	13112	
1568	1102	0	2185	2196	13282	
1568	985	0	2185	2196	13453	
1571	873	0	2185	2196	13624	
1576	757	0	2185	2153	13808	
1585	646	0	2185	2153	13966	
1587	537	0	2185	2153	14137	
1593	422	0	2185	2153	14305	
1593	314	0	2185	2153	14476	
1591	201	0	2185	2153	14647	
1585	95	0	2185	2153	14817	
1576	276	0	2184	2153	14987	
1569	269	0	2184	2153	15159	
1569	373	0	2184	2153	15329	
1559	481	0	2184	2153	15500	
1560	597	0	2184	2153	15672	
1565	712	0	2184	2153	15843	
1570	835	0	2184	2194	16027	
1578	952	0	2184	2194	16185	
1586	1073	0	2184	2194	16356	
1587	1188	0	2184	2194	16527	
1588	1304	0	2184	2194	16697	
1586	1410	0	2178	2194	16868	
1578	1513	0	2178	2194	17039	
1581	1371	0	2178	2194	17207	
1576	1273	0	2178	2194	17379	
1562	1164	0	2178	2194	17550	
1572	1055	0	2178	2194	17721	
1574	941	0	2178	2194	17891	
1579	831	0	2178	2194	18062	
1585	714	0	2178	2180	18246	
1592	605	0	2178	2180	18405	
1590	481	0	2178	2180	18573	
1602	379	0	2178	2180	18744	
1605	268	0	2178	2180	18914	
1599	152	0	2180	2180	19085	
1591	41	0	2180	2180	19256	
1584	207	2	2180	2180	19426	
1576	316	1	2180	2180	19597	
1571	421	0	2180	2180	19768	
1569	535	2	2180	2180	19940	
1570	647	0	2180	2180	20110	
1583	768	0	2180	2180	20281	
1581	884	0	2180	2197	20465	
1589	999	0	2180	2197	20624	
1594	1118	0	2180	2197	20794	
1599	1230	0	2180	2197	20965	
1599	1346	0	2180	2197	21136	
1596	1451	0	2180	2197	21307	
1584	1556	0	2184	2197	21478	
1573	1315	0	2184	2197	21645	
1567	1226	0	2184	2197	21818	
1562	1116	0	2184	2197	21988	
1562	998	0	2184	2197	22159	
1565	889	0	2184	2197	22330	
1571	778	0	2184	2169	22514	
1576	661	0	2184	2169	22672	
1583	550	0	2184	2169	22843	
1587	433	0	2184	2169	23011	
1590	324	0	2184	2169	23182	
1591	210	0	2184	2169	23353	
1587	103	0	2184	2169	23523	
1580	162	0	2184	2169	23694	
1570	248	0	2184	2169	23865	
1565	359	0	2184	2169	24036	
1561	467	0	2184	2169	24206	
1564	583	0	2184	2169	24378	
1567	696	0	2184	2169	24549	
1573	821	0	2184	2180	24733	
1582	939	0	2184	2180	24891	
1587	1062	0	2184	2180	25062	
1592	1177	3	2184	2180	25233	
1596	1295	0	2184	2180	25404	
1590	1410	0	2175	2180	25574	
1586	1505	0	2175	2180	25745	
1580	1426	0	2175	2180	25913	
1573	1291	0	2175	2180	26085	
1568	1176	0	2175	2180	26256	
1567	1068	0	2175	2180	26427	
1566	953	0	2175	2180	26597	
1572	844	0	2175	2180	26768	
1578	726	0	2175	2180	26952	
1583	616	0	2175	2180	27111	
1591	500	0	2175	2180	27281	
1593	392	0	2175	2180	27450	
1593	282	0	2175	2180	27620	
1587	167	0	2175	2180	27791	
1581	58	0	2177	2180	27962	
1572	198	0	2177	2180	28132	
1566	303	0	2177	2180	28304	
1559	409	0	2177	2180	28474	
1558	524	0	2177	2180	28646	
1561	639	0	2177	2180	28817	
1566	753	0	2177	2180	28987	
1574	876	0	2177	2184	29172	
1580	994	0	2177	2184	29330	
1586	1114	0	2177	2184	29501	
1590	1228	0	2177	2184	29671	
1593	1345	0	2177	2184	29842	
1591	1452	0	2177	2184	30013	
1582	1561	0	2177	1965	30197	
1582	1347	0	2177	1965	30351	
1576	1233	0	2177	1965	30524	
1573	1123	0	2177	1965	30694	
1571	1005	0	2177	1965	30865	
1573	894	0	2177	1965	31036	
1578	785	0	2177	2068	31220	
1586	665	0	2177	2068	31378	
1595	556	0	2177	2068	31549	
1598	441	0	2177	2068	31717	
1600	332	0	2177	2068	31888	
1599	219	0	2177	2068	32059	
1596	109	0	2181	2068	32230	
1591	139	0	2181	2068	32400	
1581	240	0	2181	2068	32571	
1573	349	1	2181	2068	32742	
1561	454	3	2181	2068	32912	
1568	570	0	2181	2068	33084	
1561	682	0	2181	2068	33255	
1576	805	0	2181	2172	33439	
1584	923	0	2181	2172	33598	
1590	1044	0	2181	2172	33768	
1594	1162	0	2181	2172	33939	
1598	1269	0	2181	2172	34110	
1597	1384	0	2181	2172	34280	
1592	1486	0	2174	2172	34451	
1580	1384	0	2174	2172	34619	
1572	1305	0	2174	2172	34791	
1566	1187	0	2174	2172	34962	
1562	1076	0	2174	2172	35133	
1562	960	0	2174	2172	35304	
1565	846	0	2174	2172	35474	
1572	734	0	2174	2171	35659	
1579	622	0	2174	2171	35817	
1585	505	0	2174	2171	35988	
1589	395	0	2174	2171	36156	
1592	285	23	2174	2171	36327	
1591	168	3	2178	2171	36497	
1585	61	0	2178	2171	36668	
1573	192	0	2178	2171	36838	
1568	302	0	2178	2171	37009	
1563	406	0	2178	2171	37180	
1561	521	0	2178	2171	37352	
1564	630	1	2178	2171	37523	
1567	746	0	2178	2171	37693	
1576	868	0	2178	2180	37878	
1582	984	0	2178	2180	38036	
1587	1106	0	2178	2180	38207	
1594	1217	0	2178	2180	38377	
1594	1325	0	2178	2180	38548	
1591	1437	0	2179	2180	38719	
1583	1545	5	2179	2180	38890	
1578	1376	0	2179	2180	39057	
1574	1248	0	2179	2180	39230	
1567	1138	0	2179	2180	39401	
1575	1029	0	2179	2180	39571	
1567	911	0	2179	2180	39742	
1568	801	0	2179	2180	39913	
1580	685	0	2179	2185	40097	
1587	574	8	2179	2185	40255	
1592	458	0	2179	2185	40424	
1593	349	0	2179	2185	40594	
1592	234	0	2179	2185	40765	
1587	126	0	2179	2185	40936	
1578	0	16	2182	2185	41106	
1568	233	0	2182	2185	41277	
1566	342	0	2182	2185	41448	
1561	448	0	2182	2185	41619	
1561	565	0	2182	2185	41790	
1563	679	0	2182	2185	41961	
1570	802	0	2182	2169	42145	
1577	921	0	2182	2169	42304	
1585	1045	0	2182	2169	42474	
1589	1160	0	2182	2169	42645	
1593	1281	0	2182	2169	42816	
1593	1392	0	2183	2169	42987	
1587	1495	0	2183	2169	43157	
1586	1388	0	2183	2169	43325	
1587	1304	0	2183	2169	43498	
1573	1187	0	2183	2169	43668	
1570	1078	0	2183	2169	43839	
1570	962	0	2183	2169	44010	
1562	854	0	2183	2169	44180	
1580	739	0	2183	2173	44365	
1587	629	0	2183	2173	44523	
1592	520	0	2183	2173	44694	
1598	440	0	2183	2173	44862	
1600	298	0	2183	2173	45033	
1592	182	0	2183	2173	45203	
1593	73	0	2180	2173	45374	
1587	178	0	2180	2173	45544	
1577	284	0	2180	2173	45715	
1572	388	0	2180	2173	45886	
1569	494	0	2180	2173	46057	
1576	613	3	2180	2173	46229	
1575	731	0	2180	2173	46400	
1582	851	0	2180	2207	46584	
1588	972	0	2180	2207	46742	
1594	1089	0	2180	2207	46913	
1600	1203	0	2180	2207	47084	
1601	1318	0	2180	2207	47254	
1598	1422	0	2180	2207	47434	
1590	1524	0	1842	2207	47596	
1577	1346	0	1842	2207	47763	
1571	1258	0	1842	2207	47936	
1566	1146	0	1842	2207	48107	
1563	1034	0	1842	2207	48277	
1564	917	0	1842	2207	48448	
1569	805	0	1842	2207	48619	
1579	686	0	1842	2158	48803	
1583	574	0	1842	2158	48962	
1586	457	0	1842	2158	49130	
1591	348	0	1842	2158	49300	
1593	229	5	1842	2158	49471	
1589	126	0	1813	2158	49642	
1582	429	1	1813	2158	49812	
1574	228	0	1813	2158	49983	
1567	337	0	1813	2158	50154	
1562	441	1	1813	2158	50325	
1562	557	0	1813	2158	50497	
1565	669	0	1813	2158	50667	
1572	791	6	1813	2185	50852	
1578	908	0	1813	2185	51010	
1585	1031	0	1813	2185	51181	
1589	1145	0	1813	2185	51352	
1593	1259	0	1813	2185	51522	
1595	1372	0	1813	2185	51693	
1590	1475	3	1786	2185	51863	
1584	1434	0	1786	2185	52031	
1580	1325	0	1786	2185	52204	
1571	1208	0	1786	2185	52374	
1568	1098	0	1786	2185	52545	
1568	981	0	1786	2185	52716	
1572	872	0	1786	2185	52886	
1578	755	0	1786	2179	53071	
1578	645	0	1786	2179	53229	
1590	535	0	1786	2179	53400	
1595	418	0	1786	2179	53568	
1595	308	0	1786	2179	53739	
1592	192	0	1786	2179	53909	
1586	83	0	2354	2179	54080	
1580	195	0	1865	2179	54250	
1568	282	0	1865	2179	54422	
1563	388	0	1865	2179	54592	
1559	496	0	1865	2179	54763	
1561	616	0	1865	2179	54935	
1565	731	0	1865	2179	55106	
1571	853	0	1865	2172	55290	
1583	962	0	1865	2172	55448	
1585	1092	0	1865	2172	55619	
1588	1206	0	1865	2172	55790	
1590	1322	0	1865	2172	55960	
1589	1427	0	1787	2172	56131	
1581	1527	0	1787	2172	56302	
1576	1364	0	1787	2172	56470	
1575	1259	0	1787	2172	56642	
1571	1149	0	1787	2172	56813	
1569	1040	0	1787	2172	56984	
1570	923	0	1787	2172	57154	
1577	814	0	1787	2172	57325	
1584	698	0	1787	2185	57509	
1591	587	0	1787	2185	57668	
1596	471	0	1787	2185	57836	
1600	363	0	1787	2185	58006	
1590	249	0	1787	2185	58177	
1598	138	0	1805	2185	58348	
1591	0	0	1805	2185	58518	
1584	214	0	1805	2185	58689	
1593	323	0	1805	2185	58860	
1573	428	0	1805	2185	59031	
1570	541	0	1805	2185	59203	
1573	656	0	1805	2185	59373	
1579	779	0	1805	2185	59544	
1586	895	0	1805	2207	59728	
1591	1013	6	1805	2207	59887	
1598	1135	0	1805	2207	60057	
1600	1247	8	1805	2207	60228	
1598	1362	0	1805	2207	60399	
1593	1467	0	1805	2207	60570	
1582	0	0	2192	2207	60737	
1572	1298	0	2192	2207	60908	
1567	1209	0	2192	2207	61080	
1564	1098	0	2192	2207	61251	
1562	980	0	2192	2207	61422	
1564	870	0	2192	2207	61593	
1565	754	0	2192	2150	61777	
1578	646	1	2192	2150	61935	
1581	536	0	2192	2150	62106	
1586	420	0	2192	2150	62274	
1591	317	2	2192	2150	62445	
1590	197	0	2176	2150	62616	
1585	86	0	2176	2150	62786	
1577	166	0	2176	2150	62957	
1569	273	3	2176	2150	63128	
1562	378	0	2176	2150	63299	
1561	478	0	2176	2150	63469	
1562	601	0	2176	2150	63641	
1566	715	0	2176	2150	63812	
1572	837	0	2176	2189	63996	
1580	955	0	2176	2189	64154	
1585	1076	0	2176	2189	64325	
1591	1188	0	2176	2189	64496	
1594	1308	0	2176	2189	64667	
1593	1415	12	2176	2189	64837	
1587	1517	0	2176	2189	65008	
1584	1419	0	2176	2189	65176	
1575	1283	0	2176	2189	65348	
1570	1165	0	2176	2189	65519	
1569	1055	0	2176	2189	154	
1571	939	0	2176	2189	324	
1575	827	0	2176	2189	495	
1586	708	0	2176	2171	679	
1586	596	0	2176	2171	838	
1591	480	0	2176	2171	1006	
1593	369	0	2176	2171	1177	
1593	260	0	2176	2171	1347	
1588	145	0	2176	2171	1518	
1572	38	0	2184	2171	1689	
1571	217	0	2184	2171	1859	
1565	320	0	2184	2171	2030	
1559	425	0	2184	2171	2201	
1559	540	0	2184	2171	2373	
1562	651	0	2184	2171	2544	
1567	774	0	2184	2171	2714	
1573	891	0	2184	2192	2899	
1581	1008	0	2184	2192	3057	
1586	1130	0	2184	2192	3228	
1589	1243	0	2184	2192	3398	
1590	1360	0	2185	2192	3569	
1587	1465	0	2185	2192	3740	
1587	0	0	2185	2192	3908	
1579	1333	0	2185	2192	4078	
1569	1217	0	2185	2192	4251	
1569	1107	0	2185	2192	4421	
1570	989	0	2185	2192	4592	
1572	882	0	2185	2192	4763	
1579	770	0	2185	2167	4947	
1586	654	0	2185	2167	5105	
1599	546	0	2185	2167	5276	
1599	431	0	2185	2167	5445	
1603	321	0	2185	2167	5615	
1602	206	0	2185	2167	5786	
1593	95	0	2177	2167	5956	
1590	161	0	2177	2167	6127	
1592	261	1	2177	2167	6298	
1575	366	0	2177	2167	6469	
1571	475	3	2177	2167	6639	
1572	594	0	2177	2167	6811	
1576	709	0	2177	2167	6982	
1581	831	0	2177	2189	7166	
1587	946	0	2177	2189	7325	
1593	1068	0	2177	2189	7495	
1597	1181	0	2177	2189	7666	
1598	1297	0	2177	2189	7837	
1596	1402	0	2177	2189	8007	
1589	1501	0	2175	2189	8178	
1576	1373	0	2175	2189	8346	
1569	1287	0	2175	2189	8518	
1564	1171	0	2175	2189	8689	
1561	1060	1	2175	2189	8860	
1562	943	1	2175	2189	9030	
1562	834	0	2175	2189	9201	
1571	718	0	2175	2182	9385	
1578	607	0	2175	2182	9544	
1584	490	0	2175	2182	9712	
1588	379	0	2175	2182	9883	
1591	271	0	2175	2182	10054	
1588	145	0	2177	2182	10224	
1582	48	0	2177	2182	10395	
1575	203	0	2177	2182	10565	
1568	311	0	2177	2182	10736	
1562	425	0	2177	2182	10907	
1561	528	0	2177	2182	11079	
1564	640	0	2177	2182	11250	
1569	755	0	2177	2182	11420	
1576	880	5	2177	2186	11605	
1584	996	0	2177	2186	11763	
1588	1125	0	2177	2186	11934	
1594	1230	0	2177	2186	12104	
1594	1342	0	2177	2186	12275	
1591	1454	0	2184	2186	12446	
1583	1563	8	2184	1967	12630	
1577	1346	0	2184	1967	12784	
1571	1227	0	2184	1967	12957	
1567	1119	0	2184	1967	13127	
1569	1002	0	2184	1967	13298	
1573	893	0	2184	1967	13469	
1571	781	0	2184	2070	13653	
1581	665	0	2184	2070	13811	
1585	556	0	2184	2070	13982	
1591	442	0	2184	2070	14150	
1598	334	0	2184	2070	14321	
1590	219	0	2184	2070	14492	
1584	111	1	2184	2070	14663	
1577	230	0	2177	2070	14833	
1569	246	0	2177	2070	15004	
1563	356	1	2177	2070	15175	
1559	462	0	2177	2070	15345	
1559	580	1	2177	2070	15517	
1562	695	0	2177	2070	15688	
1569	817	0	2177	2173	15872	
1577	933	0	2177	2173	16031	
1583	1057	0	2177	2173	16201	
1587	1173	0	2177	2173	16372	
1590	1290	0	2166	2173	16543	
1590	1400	0	2166	2173	16713	
1586	1502	0	2166	2173	16884	
1585	1386	0	2166	2173	17052	
1569	1297	0	2166	2173	17225	
1573	1180	0	2166	2173	17395	
1570	1069	0	2166	2173	17566	
1572	950	0	2166	2173	17737	
1568	836	0	2166	2173	17907	
1581	725	0	2166	2173	18092	
1583	611	0	2166	2173	18250	
1594	499	0	2166	2173	18418	
1610	390	0	2166	2173	18589	
1599	279	0	2166	2173	18760	
1599	162	0	2177	2173	18930	
1591	53	0	2177	2173	19101	
1586	193	2	2177	2173	19272	
1577	300	0	2177	2173	19442	
1572	405	1	2177	2173	19613	
1569	517	0	2177	2173	19785	
1570	629	0	2177	2173	19956	
1574	742	0	2177	2173	20126	
1581	865	2	2177	2206	20311	
1589	979	0	2177	2206	20469	
1593	1101	0	2177	2206	20640	
1599	1215	0	2177	2206	20810	
1600	1331	0	2177	2206	20981	
1596	1435	0	2177	2206	21152	
1587	1542	0	2186	2206	21323	
1576	1330	0	2186	2206	21490	
1568	1244	0	2186	2206	21663	
1563	1135	0	2186	2206	21834	
1564	1016	0	2186	2206	22004	
1565	904	0	2186	2206	22175	
1569	794	0	2186	2206	22346	
1575	678	0	2186	2170	22530	
1582	567	0	2186	2170	22689	
1586	450	1	2186	2170	22857	
1590	339	0	2186	2170	23027	
1593	236	0	2174	2170	23198	
1589	117	0	2174	2170	23369	
1582	396	0	2174	2170	23539	
1573	238	0	2174	2170	23710	
1567	349	0	2174	2170	23888	
1561	454	0	2174	2170	24052	
1562	571	0	2174	2170	24223	
1565	685	0	2174	2170	24395	
1571	807	2	2174	2170	24579	
1577	926	1	2174	2170	24737	
1584	1058	0	2174	2170	24907	
1589	1163	0	2174	2170	25078	
1593	1280	1	2174	2170	25249	
1592	1388	0	2167	2170	25420	
1587	1480	5	2167	2170	25590	
1583	1451	0	2167	2170	25758	
1575	1309	0	2167	2170	25931	
1571	1193	0	2167	2170	26101	
1567	1085	0	2167	2170	26272	
1567	968	0	2167	2170	26443	
1573	859	0	2167	2170	26613	
1577	741	0	2167	2186	26798	
1580	631	0	2167	2186	26956	
1587	523	0	2167	2186	27127	
1592	405	0	2167	2186	27295	
1593	296	0	2167	2186	27466	
1590	181	0	2167	2186	27636	
1583	73	0	2177	2186	27807	
1575	184	0	2177	2186	27977	
1567	288	0	2177	2186	28149	
1562	393	0	2177	2186	28319	
1558	501	1	2177	2186	28491	
1561	619	0	2177	2186	28662	
1565	732	0	2177	2186	28833	
1573	855	0	2177	2188	29017	
1580	973	0	2177	2188	29175	
1586	1097	0	2177	2188	29346	
1583	1212	0	2177	2188	29517	
1593	1330	0	2181	2188	29687	
1591	1437	0	2181	2188	29858	
1583	1545	0	2181	2188	30029	
1582	1354	0	2181	2188	30197	
1576	1244	0	2181	2188	30369	
1583	1134	0	2181	2188	30540	
1569	1016	0	2181	2188	30710	
1570	906	0	2181	2188	30881	
1575	796	0	2181	2188	31052	
1572	678	0	2181	2164	31236	
1582	571	0	2181	2164	31394	
1589	453	0	2181	2164	31563	
1598	351	0	2181	2164	31733	
1598	245	0	2181	2164	31904	
1594	128	0	2174	2164	32075	
1589	0	0	2174	2164	32245	
1581	233	0	2174	2164	32416	
1573	334	8	2174	2164	32587	
1568	439	0	2174	2164	32758	
1567	554	0	2174	2164	32930	
1570	668	0	2174	2164	33100	
1576	789	0	2174	2198	33285	
1583	905	0	2174	2198	33443	
1588	1028	0	2174	2198	33614	
1596	1144	0	2174	2198	33784	
1599	1256	0	2174	2198	33955	
1598	1366	0	2174	2198	34126	
1592	1472	0	2166	2198	34296	
1583	1442	0	2166	2198	34464	
1573	1324	0	2166	2198	34637	
1567	1209	0	2166	2198	34807	
1565	1098	0	2166	2198	34978	
1563	975	0	2166	2198	35149	
1565	867	0	2166	2198	35320	
1570	753	0	2166	2176	35504	
1578	639	0	2166	2176	35662	
1584	527	0	2166	2176	35833	
1588	412	0	2166	2176	36001	
1592	300	0	2166	2176	36172	
1590	185	0	2181	2176	36343	
1584	76	0	2181	2176	36514	
1576	180	0	2181	2176	36684	
1568	285	0	2181	2176	36855	
1562	388	0	2181	2176	37025	
1558	498	0	2181	2176	37196	
1561	612	0	2181	2176	37368	
1565	721	0	2181	2176	37539	
1573	845	0	2181	2182	37723	
1580	960	0	2181	2182	37881	
1585	1082	0	2181	2182	38052	
1589	1194	9	2181	2182	38223	
1593	1313	0	2181	2182	38393	
1591	1411	0	2180	2182	38564	
1585	1523	0	2180	2182	38735	
1586	1400	0	2180	2182	38903	
1574	1265	0	2180	2182	39075	
1559	1154	0	2180	2182	39246	
1565	1045	0	2180	2182	39417	
1561	928	0	2180	2182	39587	
1572	819	0	2180	2182	39758	
1578	701	0	2180	2179	39942	
1585	592	0	2180	2179	40101	
1590	477	0	2180	2179	40269	
1595	368	0	2180	2179	40440	
1593	259	0	2180	2179	40610	
1590	145	0	2180	2179	40781	
1583	36	0	2174	2179	40952	
1575	216	0	2174	2179	41122	
1568	324	0	2174	2179	41293	
1563	431	0	2174	2179	41464	
1561	547	0	2174	2179	41636	
1563	660	0	2174	2179	41806	
1569	783	0	2174	2179	41977	
1576	899	0	2174	2187	42161	
1582	1026	0	2174	2187	42320	
1587	1144	0	2174	2187	42490	
1590	1257	0	2174	2187	42661	
1591	1371	0	2180	2187	42832	
1586	1474	0	2180	2187	43003	
1579	1516	0	2180	2187	43170	
1578	1324	0	2180	2187	43341	
1580	1198	0	2180	2187	43514	
1568	1099	0	2180	2187	43684	
1567	984	0	2180	2187	43855	
1571	874	0	2180	2187	44026	
1585	760	0	2180	2158	44210	
1582	649	0	2180	2158	44368	
1581	540	0	2180	2158	44539	
1594	424	0	2180	2158	44707	
1598	315	0	2180	2158	44878	
1597	200	0	2180	2158	45049	
1592	92	0	2181	2158	45220	
1587	160	0	2181	2158	45390	
1578	265	0	2181	2158	45561	
1572	370	0	2181	2158	45731	
1568	477	0	2181	2158	45902	
1568	592	0	2181	2158	46075	
1571	705	0	2181	2158	46245	
1579	829	0	2181	2209	46429	
1587	944	0	2181	2209	46587	
1593	1067	0	2181	2209	46758	
1599	1182	0	2181	2209	46929	
1600	1295	0	2181	2209	47100	
1598	1406	0	2181	2209	47270	
1591	1505	0	2181	2209	47441	
1579	1362	0	2181	2209	47609	
1572	1283	0	2181	2209	47781	
1566	1165	0	2181	2209	47952	
1563	1042	0	2181	2209	48123	
1564	934	0	2181	2209	48293	
1567	813	0	2181	2209	48464	
1573	707	0	2181	2163	48648	
1579	598	0	2181	2163	48807	
1584	479	0	2181	2163	48975	
1588	371	0	2181	2163	49146	
1591	263	0	2176	2163	49316	
1584	145	0	2176	2163	49487	
1579	43	0	2176	2163	49657	
1573	206	0	2176	2163	49828	
1565	313	0	2176	2163	49999	
1558	417	0	2176	2163	50170	
1558	534	0	2176	2163	50342	
1562	647	8	2176	2163	50513	
1567	759	0	2176	2163	50683	
1573	883	0	2176	2196	50868	
1581	999	0	2176	2196	51026	
1585	1122	0	2176	2196	51197	
1590	1233	0	2176	2196	51367	
1591	1350	0	2176	2196	51538	
1588	1454	0	2180	2196	51709	
1576	1580	0	2180	2196	51876	
1574	1349	0	2180	2196	52047	
1574	1229	0	2180	2196	52220	
1567	1121	0	2180	2196	52391	
1567	1005	1	2180	2196	52561	
1570	895	1	2180	2196	52732	
1575	785	1	2180	2180	52916	
1580	667	0	2180	2180	53074	
1587	556	0	2180	2180	53245	
1592	441	0	2180	2180	53413	
1593	331	0	2180	2180	53584	
1591	215	0	2180	2180	53755	
1584	105	0	2180	2180	53926	
1578	186	0	2181	2180	54096	
1570	260	0	2181	2180	54267	
1563	364	0	2181	2180	54438	
1558	469	0	2181	2180	54608	
1558	587	0	2181	2180	54780	
1560	700	0	2181	2180	54951	
1566	823	0	2181	2166	55135	
1573	937	0	2181	2166	55294	
1579	1066	0	2181	2166	55464	
1583	1172	0	2181	2166	55635	
1587	1291	1	2181	2166	55806	
1587	1399	0	2181	2166	55976	
1581	1502	0	2181	2166	56147	
1581	1379	0	2181	2166	56315	
1574	1291	0	2181	2166	56487	
1569	1170	1	2181	2166	56658	
1565	1061	0	2181	2166	56829	
1567	945	0	2181	2166	56999	
1580	836	0	2181	2166	57170	
1578	720	0	2181	2180	57355	
1586	610	0	2181	2180	57513	
1591	495	0	2181	2180	57681	
1596	386	0	2181	2180	57852	
1599	279	0	2181	2180	58022	
1597	164	0	2178	2180	58193	
1591	57	0	2178	2180	58364	
1585	188	1	2178	2180	58535	
1578	297	0	2178	2180	58705	
1572	402	0	2178	2180	58876	
1570	518	0	2178	2180	59048	
1570	631	0	2178	2180	59219	
1576	745	0	2178	2180	59390	
1583	868	1	2178	2208	59574	
1589	986	0	2178	2208	59732	
1595	1108	0	2178	2208	59903	
1599	1221	0	2178	2208	60073	
1598	1336	0	2178	2208	60244	
1594	1440	1	2178	2208	60415	
1586	1546	0	2181	2208	60586	
1573	1326	0	2181	2208	60753	
1566	1238	0	2181	2208	60926	
1562	1127	0	2181	2208	61096	
1562	1015	0	2181	2208	61267	
1563	907	0	2181	2208	61438	
1567	795	0	2181	2208	61609	
1575	679	0	2181	2174	61793	
1581	569	0	2181	2174	61951	
1585	450	0	2181	2174	62119	
1588	342	0	2181	2174	62291	
1591	221	0	2186	2174	62461	
1586	119	0	2186	2174	62632	
1578	133	0	2186	2174	62802	
1570	238	0	2186	2174	62973	
1563	342	0	2186	2174	63144	
1558	452	0	2186	2174	63314	
1558	570	5	2186	2174	63487	
1563	683	0	2186	2174	63657	
1569	804	0	2186	2172	63841	
1575	919	0	2186	2172	64000	
1583	1046	0	2186	2172	64170	
1588	1155	0	2186	2172	64341	
1592	1268	0	2186	2172	64512	
1592	1376	0	2181	2172	64683	
1588	1489	0	2181	2172	64853	
1583	1444	0	2181	2172	65021	
1576	1309	0	2181	2172	65193	
1569	1193	1	2181	2172	65364	
1567	1082	0	2181	2172	65535	
1568	964	0	2181	2172	170	
1572	852	0	2181	2172	340	
1576	737	0	2181	2177	525	
1582	625	0	2181	2177	683	
1588	516	0	2181	2177	854	
1592	400	0	2181	2177	1022	
1593	292	0	2181	2177	1193	
1588	178	0	2181	2177	1363	
1582	71	0	2177	2177	1534	
1577	182	0	2177	2177	1704	
1568	283	0	2177	2177	1875	
1562	390	0	2177	2177	2046	
1558	498	0	2177	2177	2217	
1558	615	0	2177	2177	2389	
1563	720	0	2177	2177	2560	
1569	853	0	2177	2194	2744	
1577	975	0	2177	2194	2902	
1583	1092	0	2177	2194	3073	
1586	1207	0	2177	2194	3244	
1587	1324	0	2189	2194	3414	
1588	1434	0	2189	2194	3585	
1580	1537	1	2189	2194	3756	
1575	1355	0	2189	2194	3923	
1574	1252	0	2189	2194	4096	
1565	1141	0	2189	2194	4267	
1570	1032	0	2189	2194	4437	
1570	916	0	2189	2194	4608	
1576	808	0	2189	2194	4779	
1583	686	1	2189	2169	4963	
1589	581	0	2189	2169	5121	
1593	464	0	2189	2169	5290	
1599	356	0	2189	2169	5460	
1599	240	0	2189	2169	5631	
1596	131	0	2186	2169	5802	
1591	273	0	2186	2169	5972	
1583	226	1	2186	2169	6143	
1575	335	0	2186	2169	6314	
1571	443	0	2186	2169	6485	
1568	557	0	2186	2169	6657	
1570	669	0	2186	2169	6827	
1576	791	0	2186	2189	7012	
1584	907	0	2186	2189	7170	
1589	1029	0	2186	2189	7341	
1596	1143	0	2186	2189	7511	
1599	1252	0	2186	2189	7682	
1598	1364	1	2186	2189	7853	
1593	1467	0	2182	2189	8023	
1580	1347	0	2182	2189	8191	
1572	1325	0	2182	2189	8364	
1567	1206	0	2182	2189	8534	
1561	1099	0	2182	2189	8705	
1561	987	0	2182	2189	8876	
1563	872	0	2182	2189	9046	