1545	682	0	0	17753	29224	
1545	673	0	0	17753	29565	
1545	661	0	0	17753	29907	
1545	650	0	0	17753	30248	
1545	642	0	0	17753	30590	
1546	678	0	1	17753	30929	
1546	676	0	1	17753	31272	
1546	687	0	1	17753	31614	
1546	689	0	1	17753	31955	
1552	694	0	1	17753	32296	
1547	697	0	1	17753	32638	
1546	700	0	1	17753	32979	
1548	704	0	1	17753	33321	
1555	708	0	1	17753	33662	
1548	712	4	1	17753	34003	
1550	715	0	1	17753	34345	
1547	719	0	1	17753	34686	
1551	722	0	1	17753	35028	
1547	726	0	1	17753	35369	
1548	729	0	1	17753	35710	
1557	732	0	1	17753	36052	
1547	736	0	1	17753	36393	
1547	738	0	1	17753	36735	
1548	742	0	1	17753	37076	
1547	746	0	1	17753	37418	
1548	748	0	1	17753	37759	
1547	752	0	1	17753	38100	
1547	755	0	1	17753	38442	
1547	758	0	1	17753	38783	
1547	761	0	1	17753	39125	
1546	764	0	1	17753	39466	
1548	767	0	1	17753	39808	
1547	770	0	1	17753	40149	
1547	773	0	1	17753	40490	
1548	777	0	1	17036	40845	
1547	780	0	1	17036	41174	
1546	783	0	1	17036	41515	
1546	785	0	1	17036	41856	
1547	789	0	1	17036	42198	
1546	792	0	1	17036	42539	
1546	794	0	1	17036	42880	
1547	796	0	1	17036	43222	
1545	799	0	1	17036	43564	
1546	802	0	1	17036	43905	
1545	804	1	1	17036	44246	
1545	808	0	1	17036	44588	
1545	809	0	1	17036	44929	
1543	814	0	1	17036	45270	
1546	817	0	1	17036	45612	
1546	821	7	1	17036	45953	
1544	822	0	1	17036	46295	
1546	826	1	1	17036	46636	
1546	827	0	1	17036	46977	
1552	830	0	1	17036	47319	
1538	831	0	1	17036	47660	
1545	834	0	1	17036	47002	
1545	835	0	1	17036	48343	
1543	837	0	1	17036	48685	
1548	841	0	1	17036	49026	
1545	826	0	0	17036	49366	
1544	824	0	0	17036	49709	
1545	814	0	0	17036	50050	
1545	817	0	0	17036	50392	
1545	815	0	0	17036	50733	
1545	814	0	0	17036	51074	
1545	809	0	0	17036	51416	
1546	807	0	0	17036	51757	
1545	804	0	0	17036	52099	
1545	801	0	0	17036	52440	
1545	798	0	0	17036	52781	
1545	795	0	0	17036	53123	
1546	792	0	0	17036	53464	
1546	789	0	0	17036	53806	
1545	787	0	0	17036	54147	
1546	783	0	0	17036	54489	
1546	781	0	0	17036	54830	
1546	777	0	0	17036	55171	
1545	774	0	0	17036	55513	
1546	772	0	0	15332	55868	
1547	768	1	0	15349	56208	
1546	765	0	0	15349	56537	
1547	762	0	0	15349	56879	
1546	759	0	0	15349	57220	
1545	756	0	0	15349	57561	
1547	753	0	0	15349	57903	
1546	751	10	0	15349	58244	
1545	748	0	0	15349	58586	
1545	745	0	0	15349	58928	
1546	742	0	0	15349	59269	
1546	739	0	0	15349	59610	
1546	735	2	0	15349	59951	
1546	742	0	0	15349	60293	
1546	723	0	0	15349	60634	
1545	727	5	0	15349	60976	
1545	724	0	0	15349	61317	
1545	720	0	0	15349	61659	
1546	719	0	0	15349	62000	
1545	715	0	0	15349	62342	
1546	711	0	0	15349	62683	
1545	709	0	0	15349	63024	
1545	705	0	0	15349	63365	
1545	701	0	0	15349	63707	
1545	669	1	1	15349	64047	
1544	669	1	1	15349	64390	
1544	665	1	1	15349	64731	
1543	660	1	1	15349	65072	
1544	659	1	1	15349	65414	
1543	661	1	1	15349	219	
1544	669	1	1	15349	561	
1544	683	1	1	15349	902	
1545	696	1	1	15349	1243	
1545	707	1	1	15349	1585	
1545	715	1	1	15349	1926	
1545	720	1	1	15349	2268	
1545	724	1	1	15349	2609	
1545	727	1	1	15349	2950	
1545	729	1	1	15349	3292	
1545	740	1	1	15349	3633	
1546	735	1	1	15349	3975	
1543	738	1	1	15349	4316	
1545	737	1	1	15349	4658	
1546	744	1	1	15349	4999	
1546	748	1	1	15349	5340	
1546	751	2	1	15349	5682	
1545	754	1	1	15349	6023	
1546	757	1	1	15349	6365	
1547	759	1	1	15349	6706	
1546	766	1	1	15349	7048	
1546	773	1	1	15349	7389	
1546	768	1	1	15349	7730	
1546	773	4	1	15349	8072	
1546	779	1	1	16195	8426	
1547	777	1	1	16195	8755	
1547	780	1	1	16195	9096	
1547	784	3	1	16195	9438	
1547	787	1	1	16195	9779	
1547	790	1	1	16195	10121	
1546	793	1	1	16195	10462	
1547	797	1	1	16195	10803	
1547	800	1	1	16195	11145	
1547	802	1	1	16195	11486	
1547	807	1	1	16195	11828	
1547	810	1	1	16195	12169	
1547	813	1	1	16195	12510	
1547	817	1	1	16195	12852	
1547	819	1	1	16195	13193	
1547	822	1	1	16195	13535	
1547	826	1	1	16195	13876	
1547	828	1	1	16195	14218	
1546	831	1	1	16195	14559	
1546	834	1	1	16195	14900	
1545	837	1	1	16195	15242	
1546	840	1	1	16195	15583	
1546	843	1	1	16195	15925	
1545	846	1	1	16195	16266	
1549	874	1	0	16195	16606	
1549	873	1	0	16195	16949	
1548	874	1	0	16195	17290	
1560	873	1	0	16195	17631	
1549	870	1	0	16195	17973	
1548	865	1	0	16195	18314	
1550	864	1	0	16195	18656	
1550	861	1	0	16195	18997	
1549	857	2	0	16195	19339	
1549	856	1	0	16195	19680	
1541	853	6	0	16195	20021	
1551	850	1	0	16195	20363	
1549	848	1	0	16195	20704	
1559	846	1	0	16195	21046	
1550	844	1	0	16195	21387	
1550	841	1	0	16195	21728	
1550	838	1	0	16195	22070	
1551	835	1	0	16195	22411	
1551	833	1	0	16195	22753	
1551	829	1	0	16195	23094	
1551	826	1	0	16195	23435	
1551	823	1	0	16195	23777	
1550	821	1	0	16195	24118	
1551	817	1	0	16195	24460	
1550	815	1	0	16195	24801	
1551	812	1	0	16195	25143	
1551	808	1	0	16195	25484	
1551	805	1	0	16195	25825	
1551	803	1	0	16195	26167	
1551	800	1	0	16195	26509	
1550	796	1	0	16195	26850	
1552	793	1	0	16195	27191	
1551	789	1	0	16195	27533	
1551	786	1	0	16195	27874	
1551	784	1	0	16195	28215	
1550	781	1	0	16195	28557	
1551	776	1	0	16195	28898	
1552	774	1	0	17189	29252	
1551	770	1	0	17189	29581	
1551	766	1	0	17189	29923	
1551	765	1	0	17189	30264	
1551	760	1	0	17189	30605	
1541	757	1	0	17189	30947	
1541	754	1	0	17189	31288	
1542	750	1	0	17189	31630	
1546	746	3	0	17189	31971	
1547	743	1	0	17189	32313	
1551	739	1	0	17189	32654	
1551	736	1	0	17189	32996	
1556	732	5	0	17189	33337	
1551	728	1	0	17189	33679	
1551	725	3	0	17189	34020	
1550	721	1	0	17189	34361	
1550	716	1	0	17189	34703	
1550	710	1	0	17189	35044	
1551	701	1	0	17189	35385	
1550	692	1	0	17189	35727	
1549	685	1	0	17189	36068	
1550	679	1	0	17189	36410	
1549	678	1	0	17189	36751	
1548	682	1	0	17189	37092	
1549	687	1	0	17189	37434	
1549	690	1	0	17189	37775	
1551	699	0	1	17189	38116	
1551	701	0	1	17189	38458	
1550	704	3	1	17189	38799	
1550	708	0	1	17189	39141	
1549	713	0	1	17189	39482	
1551	717	0	1	17189	39824	
1550	720	0	1	17189	40165	
1551	722	0	1	17189	40506	
1552	727	0	1	17189	40848	
1551	729	0	1	17189	41189	
1551	733	0	1	17189	41536	
1551	737	0	1	17189	41872	
1551	738	0	1	17189	42213	
1551	743	0	1	17189	42555	
1551	747	0	1	17189	42897	
1552	750	0	1	17189	43238	
1552	752	0	1	17189	43579	
1555	755	0	1	17189	43920	
1550	759	0	1	17189	44262	
1551	762	0	1	17189	44603	
1552	766	0	1	17189	44945	
1541	770	0	1	17189	45286	
1565	768	0	1	17189	45628	
1540	775	0	1	16695	45982	
1548	779	0	1	16695	46311	
1552	781	0	1	16695	46652	
1552	793	0	1	16695	46994	
1552	798	0	1	16695	47335	
1552	791	0	1	16695	47676	
1552	788	0	1	16695	48018	
1552	797	0	1	16695	48359	
1552	800	0	1	16695	48701	
1552	804	0	1	16695	49042	
1552	807	0	1	16695	49383	
1551	809	0	1	16695	49725	
1551	811	0	1	16695	50066	
1551	815	0	1	16695	50408	
1551	818	0	1	16695	50749	
1552	821	0	1	16695	51090	
1552	824	0	1	16695	51432	
1551	826	0	1	16695	51773	
1550	829	0	1	16695	52115	
1551	831	0	1	16695	52456	
1551	835	0	1	16695	52798	
1550	837	0	1	16695	53139	
1550	840	0	1	16695	53480	
1550	844	0	1	16695	53822	
1550	845	0	1	16695	54163	
1545	858	0	0	16695	54503	
1545	856	0	0	16695	54846	
1545	852	0	0	16695	55187	
1544	850	0	0	16695	55529	
1545	847	0	0	16695	55870	
1544	844	0	0	16695	56212	
1545	841	0	0	16695	56553	
1545	833	0	0	16695	56894	
1545	835	0	0	16695	57236	
1545	833	0	0	16695	57577	
1546	827	0	0	16695	57919	
1546	826	0	0	16695	58260	
1546	823	0	0	16695	58601	
1547	832	0	0	16695	58943	
1541	817	0	0	16695	59284	
1550	814	0	0	16695	59626	
1548	812	0	0	16695	59967	
1538	808	0	0	16695	60309	
1546	806	0	0	16695	60650	
1547	803	0	0	16695	60991	
1546	800	0	0	16695	61333	
1547	796	0	0	16695	61674	
1547	793	0	0	16695	62016	
1547	790	0	0	16695	62357	
1547	787	0	0	16695	62699	
1548	784	0	0	16695	63040	
1547	781	0	0	16695	63381	
1547	777	0	0	16695	63723	
1547	774	0	0	16695	64064	
1547	773	0	0	17576	64418	
1546	768	0	0	17576	64747	
1547	765	0	0	17576	65089	
1548	762	0	0	17576	65430	
1547	759	0	0	17576	236	
1546	756	0	0	17576	577	
1547	753	0	0	17576	918	
1547	750	0	0	17576	1260	
1546	747	0	0	17576	1601	
1546	744	0	0	17576	1943	
1546	741	1	0	17576	2284	
1546	738	0	0	17576	2625	
1546	735	0	0	17576	2967	
1546	733	0	0	17576	3308	
1547	727	0	0	17576	3650	
1547	727	0	0	17576	3991	
1547	720	0	0	17576	4332	
1546	721	0	0	17576	4674	
1546	719	0	0	17576	5015	
1538	710	0	0	17576	5357	
1550	713	0	0	17576	5698	
1545	710	0	0	17576	6040	
1534	715	0	0	17576	6381	
1547	705	0	0	17576	6722	
1545	702	0	0	17576	7064	
1548	699	0	0	17576	7405	
1539	579	0	1	17576	7745	
1544	667	0	1	17576	8088	
1544	662	0	1	17576	8429	
1544	658	0	1	17576	8771	
1544	655	0	1	17576	9112	
1544	654	0	1	17576	9453	
1545	658	0	1	17576	9795	
1545	664	0	1	17576	10136	
1544	672	0	1	17576	10478	
1545	681	0	1	17576	10819	
1546	687	0	1	17576	11161	
1546	692	0	1	17576	11502	
1545	696	0	1	17576	11843	
1547	700	0	1	17576	12185	
1546	704	0	1	17576	12526	
1545	708	0	1	17576	12868	
1547	712	0	1	17576	13209	
1547	715	0	1	17576	13551	
1547	718	0	1	17576	13892	
1547	722	0	1	17576	14233	
1546	725	0	1	17576	14575	
1547	729	0	1	17576	14916	
1547	733	0	1	17576	15258	
1547	732	0	1	17576	15599	
1547	739	0	1	17576	15940	
1547	743	0	1	17576	16282	
1546	745	0	1	17576	16623	
1546	749	0	1	17576	16965	
1546	752	0	1	17576	17306	
1546	754	0	1	17576	17647	
1547	756	0	1	17576	17996	
1544	762	3	1	17576	18330	
1545	764	0	1	17576	18672	
1546	768	7	1	17576	19013	
1536	771	0	1	18551	19367	
1547	774	0	1	18551	19696	
1546	776	0	1	18551	20038	
1538	780	0	1	18551	20379	
1545	783	0	1	18551	20720	
1546	787	0	1	18551	21062	
1546	789	0	1	18551	21403	
1546	792	0	1	18551	21745	
1545	795	0	1	18551	22086	
1546	797	0	1	18551	22428	
1547	800	0	1	18551	22769	
1546	803	0	1	18551	23110	
1546	806	0	1	18551	23452	
1545	809	0	1	18551	23793	
1546	812	0	1	18551	24135	
1546	815	0	1	18551	24476	
1545	818	0	1	18551	24817	
1545	822	0	1	18551	25159	
1545	824	0	1	18551	25500	
1544	827	0	1	18551	25842	
1545	830	0	1	18551	26183	
1545	833	0	1	18551	26524	
1545	836	0	1	18551	26866	
1544	840	0	1	18551	27207	
1544	842	0	1	18551	27549	
1544	845	0	1	18551	27890	
1545	847	0	1	18551	28232	
1544	850	0	1	18551	28573	
1545	824	0	0	18551	28914	
1547	819	0	0	18551	29256	
1546	816	6	0	18551	29597	
1545	813	0	0	18551	29938	
1545	809	0	0	18551	30280	
1545	794	5	0	18551	30621	
1546	803	0	0	18551	30963	
1545	801	9	0	18551	31304	
1544	799	0	0	18551	31645	
1546	795	6	0	18551	31987	
1545	791	0	0	18551	32328	
1545	788	0	0	18551	32670	
1546	785	1	0	18551	33011	
1546	782	0	0	18551	33353	
1546	779	0	0	18551	33694	
1546	776	0	0	18551	34035	
1546	774	0	0	18551	34377	
1546	771	0	0	16695	34732	
1546	767	0	0	15948	35072	
1546	765	0	0	15948	35401	
1546	761	0	0	15948	35743	
1546	758	0	0	15948	36084	
1546	755	0	0	15948	36426	
1546	752	0	0	15948	36767	
1547	749	0	0	15948	37108	
1546	746	0	0	15948	37450	
1546	743	0	0	15948	37791	
1546	740	0	0	15948	38133	
1546	737	0	0	15948	38474	
1547	734	0	0	15948	38816	
1546	731	0	0	15948	39157	
1545	727	0	0	15948	39498	
1545	725	0	0	15948	39840	
1547	720	0	0	15948	40181	
1546	718	0	0	15948	40523	
1544	716	0	0	15948	40864	
1546	711	0	0	15948	41205	
1546	709	0	0	15948	41547	
1546	705	0	0	15948	41888	
1545	700	1	0	15948	42230	
1545	696	0	0	15948	42571	
1543	692	0	0	15948	42913	
1545	668	1	1	15948	43254	
1545	659	1	1	15948	43595	
1543	659	1	1	15948	43937	
1544	672	1	1	15948	44278	
1544	674	3	1	15948	44619	
1543	685	1	1	15948	44961	
1544	694	1	1	15948	45302	
1545	705	1	1	15948	45644	
1545	713	1	1	15948	45985	
1545	718	1	1	15948	46326	
1545	721	1	1	15948	46668	
1546	724	1	1	15948	47009	
1545	727	1	1	15948	47351	
1546	731	1	1	15948	47692	
1546	734	1	1	15948	48033	
1546	737	1	1	15948	48375	
1546	740	1	1	15948	48716	
1545	744	1	1	15948	49058	
1546	747	1	1	15948	49399	
1547	751	1	1	15948	49741	
1546	753	1	1	15948	50082	
1546	756	1	1	15948	50423	
1547	759	1	1	15948	50765	
1547	762	1	1	15948	51106	
1547	766	1	1	15948	51448	
1546	768	1	1	15948	51789	
1547	771	1	1	15948	52130	
1546	775	1	1	16780	52485	
1547	778	1	1	16780	52814	
1546	781	1	1	16780	53155	
1547	784	1	1	16780	53496	
1547	788	1	1	16780	53838	
1548	791	1	1	16780	54179	
1547	794	1	1	16780	54521	
1546	797	1	1	16780	54862	
1546	801	1	1	16780	55204	
1546	804	1	1	16780	55545	
1544	808	1	1	16780	55886	
1547	811	1	1	16780	56228	
1547	814	1	1	16780	56569	
1547	814	1	1	16780	56911	
1547	820	1	1	16780	57252	
1546	823	1	1	16780	57593	
1548	827	1	1	16780	57935	
1546	829	1	1	16780	58276	
1546	832	8	1	16780	58618	
1546	837	1	1	16780	58959	
1546	838	1	1	16780	59301	
1546	841	1	1	16780	59642	
1547	844	1	1	16780	59983	
1545	848	1	1	16780	60325	
1546	851	1	1	16780	60666	
1550	875	10	0	16780	61006	
1549	873	1	0	16780	61349	
1548	871	1	0	16780	61690	
1548	869	1	0	16780	62032	
1548	867	1	0	16780	62373	
1549	864	1	0	16780	62714	
1549	862	1	0	16780	63056	
1549	858	1	0	16780	63397	
1549	855	1	0	16780	63739	
1549	853	1	0	16780	64080	
1548	850	1	0	16780	64422	
1549	848	1	0	16780	64763	
1549	847	1	0	16780	65104	
1550	843	1	0	16780	65446	
1549	841	1	0	16780	251	
1550	838	1	0	16780	593	
1551	836	1	0	16780	934	
1551	833	1	0	16780	1275	
1549	831	1	0	16780	1617	
1551	826	1	0	16780	1958	
1550	824	1	0	16780	2300	
1545	822	5	0	16780	2641	
1551	819	1	0	16780	2982	
1552	816	1	0	16780	3324	
1550	813	5	0	16780	3665	
1560	810	1	0	16780	4007	
1541	806	1	0	16780	4348	
1551	804	3	0	16780	4690	
1556	800	1	0	16780	5031	
1547	797	3	0	16780	5372	
1551	794	1	0	16780	5714	
1552	792	1	0	16780	6055	
1545	788	1	0	16780	6397	
1551	784	1	0	16780	6738	
1551	781	1	0	16780	7079	
1551	778	2	0	16780	7421	
1551	775	1	0	17774	7775	
1552	772	1	0	17774	8104	
1551	769	1	0	17774	8445	
1551	765	1	0	17774	8787	
1551	762	1	0	17774	9128	
1552	759	1	0	17774	9470	
1551	756	1	0	17774	9811	
1551	752	1	0	17774	10153	
1551	749	1	0	17774	10494	
1551	747	1	0	17774	10835	
1551	743	1	0	17774	11177	
1550	739	1	0	17774	11518	
1550	737	1	0	17774	11860	
1551	733	1	0	17774	12201	
1550	729	1	0	17774	12542	
1551	727	1	0	17774	12884	
1550	722	1	0	17774	13225	
1550	719	1	0	17774	13567	
1550	713	1	0	17774	13908	
1550	708	1	0	17774	14249	
1552	700	1	0	17774	14591	
1549	693	1	0	17774	14932	
1549	685	1	0	17774	15274	
1538	679	1	0	17774	15615	
1549	679	1	0	17774	15957	
1549	682	1	0	17774	16298	
1548	687	6	0	17774	16639	
1554	699	0	1	17774	16981	
1551	702	0	1	17774	17322	
1549	704	0	1	17774	17663	
1561	707	0	1	17774	18005	
1538	709	0	1	17774	18346	
1549	715	0	1	17774	18688	
1553	718	0	1	17774	19029	
1553	720	0	1	17774	19371	
1550	723	0	1	17774	19712	
1550	727	0	1	17774	20053	
1551	739	0	1	17774	20395	
1550	734	0	1	17774	20736	
1550	736	0	1	17774	21078	
1551	739	0	1	17774	21419	
1550	742	0	1	17774	21760	
1552	746	0	1	17774	22102	
1551	750	0	1	17774	22443	
1551	752	0	1	17774	22785	
1551	755	0	1	17774	23126	
1551	759	0	1	17774	23467	
1552	763	0	1	17774	23809	
1551	765	0	1	17774	24150	
1552	768	0	1	17774	24492	
1552	772	0	1	17774	24833	
1552	774	0	1	17774	25175	
1552	777	0	1	17743	25529	
1552	781	0	1	17743	25858	
1551	783	0	1	17743	26199	
1551	787	0	1	17743	26541	
1552	790	0	1	17743	26882	
1551	792	0	1	17743	27223	
1550	796	0	1	17743	27565	
1552	799	0	1	17743	27906	
1550	802	0	1	17743	28248	
1561	802	0	1	17743	28589	
1551	808	2	1	17743	28930	
1554	810	0	1	17743	29272	
1548	817	0	1	17743	29613	
1551	816	0	1	17743	29955	
1551	821	0	1	17743	30296	
1551	821	0	1	17743	30637	
1556	824	0	1	17743	30979	
1561	829	0	1	17743	31320	
1552	831	0	1	17743	31662	
1541	833	0	1	17743	32003	
1550	837	0	1	17743	32345	
1550	840	0	1	17743	32686	
1550	843	0	1	17743	33027	
1550	853	0	1	17743	33369	
1549	849	0	1	17743	33710	
1549	850	0	1	17743	34052	
1549	854	0	1	17743	34393	
1546	850	0	0	17743	34734	
1546	847	0	0	17743	35076	
1545	844	0	0	17743	35417	
1547	842	0	0	17743	35758	
1545	838	0	0	17743	36100	
1546	835	0	0	17743	36441	
1546	833	0	0	17743	36783	
1546	830	0	0	17743	37124	
1547	827	0	0	17743	37466	
1546	824	0	0	17743	37807	
1547	820	0	0	17743	38149	
1547	817	0	0	17743	38490	
1547	814	0	0	17743	38831	
1547	810	0	0	17743	39173	
1546	806	0	0	17743	39514	
1547	802	0	0	17743	39856	
1547	799	0	0	17743	40197	
1547	796	0	0	17743	40538	
1547	793	1	0	17743	40880	
1547	789	0	0	17743	41221	
1552	786	0	0	17743	41563	
1547	783	0	0	17743	41904	
1546	780	0	0	17743	42245	
1551	776	0	0	17743	42587	
1548	774	0	0	17423	42941	
1547	765	0	0	17423	43270	
1548	768	0	0	17423	43611	
1540	766	0	0	17423	43953	
1540	754	0	0	17423	44294	
1547	758	0	0	17423	44636	
1544	755	0	0	17423	44977	
1547	752	0	0	17423	45318	
1547	749	0	0	17423	45660	
1542	746	0	0	17423	46001	
1546	743	0	0	17423	46343	
1546	740	0	0	17423	46684	
1546	737	0	0	17423	47026	
1546	734	0	0	17423	47367	
1546	731	0	0	17423	47708	
1547	728	0	0	17423	48050	
1547	725	0	0	17423	48391	
1546	723	0	0	17423	48733	
1547	720	0	0	17423	49074	
1547	717	0	0	17423	49415	
1545	714	0	0	17423	49757	
1546	711	0	0	17423	50098	
1546	708	0	0	17423	50440	
1546	706	0	0	17423	50781	
1545	703	0	0	17423	51122	
1545	700	0	0	17423	51464	
1544	645	0	1	17423	51804	
1545	665	0	1	17423	52147	
1544	663	0	1	17423	52488	
1544	658	0	1	17423	52829	
1544	658	0	1	17423	53171	
1545	653	0	1	17423	53512	
1545	653	0	1	17423	53854	
1544	662	0	1	17423	54195	
1544	671	0	1	17423	54536	
1544	679	0	1	17423	54878	
1545	686	2	1	17423	55219	
1543	693	0	1	17423	55561	
1545	695	0	1	17423	55902	
1543	700	1	1	17423	56243	
1542	703	0	1	17423	56585	
1545	707	3	1	17423	56927	
1546	710	4	1	17423	57268	
1546	714	0	1	17423	57609	
1537	716	0	1	17423	57951	
1547	721	0	1	17423	58292	
1546	724	0	1	17423	58633	
1556	727	0	1	17423	58975	
1547	730	0	1	17423	59316	
1547	734	0	1	17423	59658	
1547	737	0	1	17423	59999	
1546	739	0	1	17423	60341	
1547	743	0	1	17423	60682	
1546	746	0	1	17423	61023	
1547	750	0	1	17423	61365	
1547	753	0	1	17423	61706	
1547	756	0	1	17423	62048	
1547	759	0	1	17423	62389	
1546	762	0	1	17423	62730	
1547	766	0	1	17423	63072	
1546	769	0	1	17423	63413	
1547	773	0	1	17423	63755	
1547	776	0	1	18430	64109	
1547	778	0	1	18430	64438	
1547	782	0	1	18430	64779	
1547	785	0	1	18430	65121	
1546	787	0	1	18430	65462	
1547	791	0	1	18430	267	
1547	794	0	1	18430	609	
1547	797	0	1	18430	950	
1546	799	0	1	18430	1292	
1545	803	0	1	18430	1633	
1546	805	0	1	18430	1975	
1546	807	0	1	18430	2316	
1546	811	1	1	18430	2657	
1546	813	0	1	18430	2999	
1550	815	0	1	18430	3340	
1547	819	0	1	18430	3682	
1548	822	0	1	18430	4023	
1545	823	0	1	18430	4364	
1545	826	0	1	18430	4706	
1545	829	0	1	18430	5047	
1549	831	0	1	18430	5389	
1544	834	0	1	18430	5730	
1544	836	0	1	18430	6071	
1544	838	0	1	18430	6413	
1544	840	0	1	18430	6754	
1543	845	0	1	18430	7096	
1544	852	0	1	18430	7437	
1544	861	0	1	18430	7779	
1545	819	0	0	18430	8120	
1545	816	0	0	18430	8461	
1545	812	0	0	18430	8803	
1544	810	0	0	18430	9144	
1545	807	0	0	18430	9485	
1545	804	0	0	18430	9827	
1545	801	0	0	18430	10168	
1545	798	0	0	18430	10510	
1545	796	0	0	18430	10851	
1546	793	0	0	18430	11192	
1546	791	0	0	18430	11534	
1546	787	0	0	18430	11875	
1546	784	1	0	18430	12217	
1546	781	0	0	18430	12558	
1546	779	0	0	18430	12900	
1547	775	0	0	18430	13241	
1545	772	0	0	16587	13596	
1546	769	0	0	15855	13937	
1544	767	0	0	15855	14266	
1546	763	0	0	15855	14607	
1546	760	0	0	15855	14948	
1545	757	6	0	15855	15290	
1545	754	0	0	15855	15631	
1546	751	0	0	15855	15973	
1546	749	0	0	15855	16314	
1546	739	0	0	15855	16655	
1546	741	0	0	15855	16997	
1546	737	0	0	15855	17338	
1546	743	0	0	15855	17680	
1546	733	0	0	15855	18021	
1546	726	0	0	15855	18362	
1546	731	0	0	15855	18704	
1546	724	0	0	15855	19045	
1546	721	0	0	15855	19387	
1546	718	0	0	15855	19728	
1546	714	0	0	15855	20070	
1545	711	0	0	15855	20411	
1546	709	0	0	15855	20752	
1546	705	0	0	15855	21094	
1544	702	0	0	15855	21435	
1545	697	0	0	15855	21777	
1545	662	1	1	15855	22118	
1545	662	1	1	15855	22459	
1545	659	1	1	15855	22801	
1544	660	1	1	15855	23142	
1544	664	1	1	15855	23484	
1544	671	1	1	15855	23825	
1544	681	1	1	15855	24166	
1544	692	1	1	15855	24508	
1545	703	1	1	15855	24849	
1545	713	1	1	15855	25191	
1545	719	1	1	15855	25532	
1544	724	1	1	15855	25873	
1544	727	1	1	15855	26215	
1544	730	1	1	15855	26556	
1546	732	1	1	15855	26898	
1546	735	1	1	15855	27239	
1545	743	1	1	15855	27581	
1545	742	1	1	15855	27922	
1545	745	1	1	15855	28263	
1545	750	1	1	15855	28605	
1545	751	1	1	15855	28947	
1546	766	2	1	15855	29288	
1545	757	3	1	15855	29629	
1545	760	1	1	15855	29971	
1547	762	2	1	15855	30312	
1546	765	1	1	15855	30653	
1545	768	1	1	15855	30995	
1547	771	9	1	15855	31336	
1547	775	1	1	16702	31690	
1546	777	1	1	16702	32020	
1546	781	1	1	16702	32361	
1547	783	1	1	16702	32702	
1547	786	1	1	16702	33043	
1546	790	1	1	16702	33385	
1546	793	1	1	16702	33726	
1547	796	1	1	16702	34068	
1547	799	1	1	16702	34409	
1547	802	1	1	16702	34751	
1546	805	1	1	16702	35092	
1546	808	1	1	16702	35433	
1546	812	1	1	16702	35775	
1546	815	1	1	16702	36116	
1547	818	1	1	16702	36458	
1547	822	1	1	16702	36799	
1547	825	1	1	16702	37140	
1546	828	1	1	16702	37482	
1547	831	1	1	16702	37823	
1546	834	1	1	16702	38165	
1546	837	1	1	16702	38506	
1547	840	1	1	16702	38848	
1544	843	1	1	16702	39189	
1546	846	1	1	16702	39530	
1546	849	1	1	16702	39872	
1550	874	1	0	16702	40211	
1549	871	1	0	16702	40554	
1549	870	1	0	16702	40896	
1541	868	1	0	16702	41237	
1542	866	6	0	16702	41579	
1548	864	1	0	16702	41920	
1536	862	1	0	16702	42261	
1560	860	1	0	16702	42603	
1540	858	1	0	16702	42944	
1549	855	1	0	16702	43286	
1549	853	1	0	16702	43627	
1549	849	1	0	16702	43968	
1550	847	1	0	16702	44310	
1550	844	1	0	16702	44651	
1550	842	1	0	16702	44993	
1550	839	1	0	16702	45334	
1550	836	1	0	16702	45676	
1551	833	1	0	16702	46017	
1551	829	1	0	16702	46359	
1551	826	1	0	16702	46700	
1551	824	1	0	16702	47041	
1551	821	1	0	16702	47383	
1550	818	1	0	16702	47724	
1551	814	1	0	16702	48066	
1551	812	1	0	16702	48407	
1551	809	1	0	16702	48748	
1551	805	1	0	16702	49090	
1551	803	1	0	16702	49432	
1552	800	1	0	16702	49773	
1552	795	1	0	16702	50114	
1552	793	1	0	16702	50456	
1551	789	1	0	16702	50797	
1552	788	1	0	16702	51138	
1552	783	1	0	16702	51480	
1551	780	1	0	16702	51821	
1552	777	1	0	16702	52162	
1552	773	1	0	17694	52517	
1552	769	1	0	17694	52846	
1558	765	1	0	17694	53187	
1551	763	1	0	17694	53528	
1552	760	1	0	17694	53870	
1555	757	1	0	17694	54211	
1551	752	1	0	17694	54553	
1552	749	1	0	17694	54894	
1544	745	1	0	17694	55236	
1551	742	10	0	17694	55577	
1551	738	2	0	17694	55918	
1551	735	1	0	17694	56260	
1551	731	3	0	17694	56601	
1555	728	1	0	17694	56943	
1551	724	1	0	17694	57284	
1551	719	1	0	17694	57625	
1550	713	1	0	17694	57967	
1551	706	1	0	17694	58308	
1549	697	1	0	17694	58650	
1550	689	1	0	17694	58991	
1550	682	1	0	17694	59332	
1549	680	1	0	17694	59674	
1549	679	1	0	17694	60015	
1550	684	1	0	17694	60357	
1549	689	1	0	17694	60698	
1549	691	1	0	17694	61040	
1552	1606	3	1	17694	61379	
1550	703	0	1	17694	61722	
1549	706	0	1	17694	62064	
1550	710	0	1	17694	62405	
1550	715	0	1	17694	62747	
1550	717	0	1	17694	63088	
1550	722	0	1	17694	63429	
1551	725	0	1	17694	63771	
1551	728	0	1	17694	64112	
1550	732	0	1	17694	64453	
1550	734	0	1	17694	64795	
1553	737	0	1	17694	65136	
1551	740	0	1	17694	65478	
1552	743	0	1	17694	283	
1553	746	0	1	17694	625	
1552	750	0	1	17694	966	
1551	752	0	1	17694	1307	
1552	758	0	1	17694	1649	
1561	760	0	1	17694	1990	
1540	762	0	1	17694	2332	
1551	765	0	1	17694	2673	
1551	776	0	1	16928	3027	
1550	771	0	1	16928	3356	
1551	774	0	1	16928	3697	
1552	770	0	1	16928	4039	
1559	785	0	1	16928	4380	
1552	783	0	1	16928	4722	
1551	786	0	1	16928	5063	
1551	789	0	1	16928	5405	
1551	792	0	1	16928	5746	
1551	794	0	1	16928	6087	
1551	797	0	1	16928	6429	
1551	800	0	1	16928	6770	
1551	803	0	1	16928	7112	
1551	806	0	1	16928	7453	
1551	808	0	1	16928	7795	
1551	811	0	1	16928	8136	
1551	814	0	1	16928	8477	
1551	817	0	1	16928	8819	
1551	821	0	1	16928	9160	
1550	822	0	1	16928	9502	
1551	825	0	1	16928	9843	
1550	828	0	1	16928	10185	
1550	831	0	1	16928	10526	
1551	834	0	1	16928	10867	
1550	837	0	1	16928	11209	
1544	920	0	0	16928	11549	
1544	863	0	0	16928	11891	
1544	861	0	0	16928	12233	
1543	848	0	0	16928	12574	
1545	856	0	0	16928	12916	
1544	853	0	0	16928	13257	
1544	849	0	0	16928	13598	
1545	848	0	0	16928	13940	
1545	845	0	0	16928	14281	
1538	839	0	0	16928	14623	
1545	836	0	0	16928	14964	
1546	839	0	0	16928	15305	
1541	833	0	0	16928	15647	
1546	830	0	0	16928	15988	
1547	820	0	0	16928	16330	
1555	824	0	0	16928	16671	
1547	820	0	0	16928	17013	
1547	823	0	0	16928	17354	
1547	814	0	0	16928	17695	
1546	810	0	0	16928	18037	
1547	808	0	0	16928	18379	
1547	804	0	0	16928	18720	
1548	801	0	0	16928	19061	
1548	797	0	0	16928	19402	
1547	794	0	0	16928	19744	
1548	792	0	0	16928	20085	
1547	788	0	0	16928	20427	
1547	785	0	0	16928	20768	
1546	782	0	0	16928	21110	
1548	778	0	0	16928	21451	
1547	776	0	0	16928	21792	
1547	772	0	0	17839	22147	
1548	769	0	0	17839	22475	
1547	766	0	0	17839	22817	
1547	763	0	0	17839	23158	
1548	760	0	0	17839	23500	
1547	757	0	0	17839	23841	
1547	755	0	0	17839	24183	
1547	751	0	0	17839	24524	
1547	748	0	0	17839	24866	
1546	745	0	0	17839	25207	
1546	751	0	0	17839	25548	
1546	739	0	0	17839	25890	
1547	736	0	0	17839	26231	
1547	738	0	0	17839	26572	
1545	731	0	0	17839	26914	
1547	728	0	0	17839	27255	
1547	726	0	0	17839	27597	
1546	716	0	0	17839	27938	
1546	719	0	0	17839	28280	
1549	716	0	0	17839	28621	
1549	726	0	0	17839	28962	
1546	710	0	0	17839	29304	
1546	708	0	0	17839	29645	
1547	704	0	0	17839	29987	
1538	701	0	0	17839	30328	
1545	696	0	0	17839	30670	
1546	690	0	0	17839	31011	
1539	652	0	1	17839	31352	
1546	665	0	1	17839	31694	
1545	661	0	1	17839	32035	
1545	657	0	1	17839	32376	
1545	655	0	1	17839	32718	
1547	656	0	1	17839	33059	
1546	662	0	1	17839	33401	
1546	671	0	1	17839	33742	
1545	681	0	1	17839	34083	
1546	687	0	1	17839	34425	
1546	693	0	1	17839	34766	
1546	697	0	1	17839	35108	
1546	701	0	1	17839	35449	
1545	705	0	1	17839	35790	
1547	708	0	1	17839	36132	
1546	712	0	1	17839	36473	
1548	716	0	1	17839	36815	
1547	720	0	1	17839	37156	
1547	723	0	1	17839	37498	
1547	727	0	1	17839	37839	
1547	730	0	1	17839	38180	
1548	734	0	1	17839	38522	
1547	739	0	1	17839	38863	
1547	740	0	1	17839	39205	
1549	744	0	1	17839	39546	
1547	747	0	1	17839	39887	
1547	751	0	1	17839	40229	
1546	754	4	1	17839	40570	
1547	757	0	1	17839	40912	
1546	760	0	1	17839	41253	
1538	763	0	1	17839	41595	
1540	767	0	1	17839	41936	
1551	770	0	1	17839	42277	
1546	773	0	1	17839	42619	