12.02 0.04 0.47 189.84 4.00 7664 0.00 167.75 3.39
12.02 0.04 0.47 189.80 4.00 7674 0.00 167.69 3.40
12.02 0.04 0.47 189.87 4.00 7684 0.00 167.80 3.40
12.02 0.04 0.47 189.67 4.00 7694 0.00 167.46 3.41
12.02 0.04 0.47 189.71 4.00 7704 0.00 167.52 3.41
12.02 0.04 0.47 189.74 4.00 7714 0.00 167.57 3.42
12.02 0.04 0.47 189.77 4.00 7724 0.00 167.63 3.42
12.02 0.04 0.47 189.71 4.00 7734 0.00 167.52 3.43
12.02 0.04 0.47 189.74 4.00 7744 0.00 167.57 3.43
12.02 0.04 0.47 189.67 4.00 7754 0.00 167.46 3.43
12.02 0.04 0.47 189.67 4.00 7764 0.00 167.46 3.44
12.02 0.04 0.47 189.67 4.00 7774 0.00 167.46 3.44
12.02 0.04 0.47 189.74 4.00 7784 0.00 167.57 3.45
12.02 0.04 0.47 189.67 4.00 7794 0.00 167.46 3.45
12.02 0.04 0.47 189.61 4.00 7804 0.00 167.34 3.46
12.02 0.04 0.47 189.61 4.00 7814 0.00 167.34 3.46
12.02 0.04 0.47 189.61 4.00 7824 0.00 167.34 3.47
12.02 0.04 0.47 189.58 4.00 7834 0.00 167.29 3.47
12.02 0.04 0.47 189.61 4.00 7844 0.00 167.34 3.48
12.02 0.04 0.47 189.58 4.00 7854 0.00 167.29 3.48
12.02 0.04 0.47 189.54 4.00 7864 0.00 167.23 3.49
12.02 0.04 0.47 189.54 4.00 7874 0.00 167.23 3.49
12.02 0.04 0.47 189.48 4.00 7884 0.00 167.12 3.50
12.02 0.04 0.47 189.54 4.00 7894 0.00 167.23 3.50
12.02 0.04 0.47 189.45 4.00 7904 0.00 167.06 3.51
12.02 0.04 0.47 189.45 4.00 7914 0.00 167.06 3.51
12.02 0.04 0.47 189.42 4.00 7924 0.00 167.00 3.51
12.02 0.04 0.47 189.45 4.00 7934 0.00 167.06 3.52
12.02 0.04 0.47 189.51 4.00 7944 0.00 167.17 3.52
12.02 0.04 0.47 189.45 4.00 7954 0.00 167.06 3.53
12.02 0.04 0.47 189.42 4.00 7964 0.00 167.00 3.53
12.02 0.04 0.47 189.38 4.00 7974 0.00 166.95 3.54
12.02 0.04 0.47 189.42 4.00 7984 0.00 167.00 3.54
12.02 0.04 0.47 189.38 4.00 7994 0.00 166.95 3.55
12.02 0.04 0.47 189.32 4.00 8004 0.00 166.83 3.55
12.02 0.04 0.47 189.35 4.00 8014 0.00 166.89 3.56
12.02 0.04 0.47 189.32 4.00 8024 0.00 166.83 3.56
12.02 0.04 0.47 189.38 4.00 8034 0.00 166.95 3.57
12.02 0.04 0.47 189.29 4.00 8044 0.00 166.78 3.57
12.02 0.04 0.47 189.32 4.00 8054 0.00 166.83 3.58
12.02 0.04 0.47 189.25 4.00 8064 0.00 166.72 3.58
12.02 0.04 0.45 189.25 4.00 8074 0.00 166.72 3.59
12.02 0.04 0.45 189.29 4.00 8084 0.00 166.78 3.59
12.02 0.04 0.45 189.25 4.00 8094 0.00 166.72 3.59
12.02 0.04 0.45 189.16 4.00 8104 0.00 166.55 3.60
12.02 0.04 0.45 189.29 4.00 8114 0.00 166.78 3.60
12.02 0.04 0.45 189.32 4.00 8124 0.00 166.83 3.61
12.02 0.04 0.45 189.16 4.00 8134 0.00 166.55 3.61
12.02 0.04 0.45 189.16 4.00 8144 0.00 166.55 3.62
12.02 0.04 0.45 189.13 4.00 8154 0.00 166.49 3.62
12.02 0.04 0.45 189.16 4.00 8164 0.00 166.55 3.63
12.02 0.04 0.45 189.09 4.00 8174 0.00 166.43 3.63
12.02 0.04 0.45 189.13 4.00 8184 0.00 166.49 3.64
12.02 0.04 0.45 189.13 4.00 8194 0.00 166.49 3.64
12.02 0.04 0.45 189.09 4.00 8204 0.00 166.43 3.64
12.02 0.04 0.47 189.06 4.00 8214 0.00 166.38 3.65
12.02 0.04 0.47 189.13 4.00 8224 0.00 166.49 3.65
12.02 0.04 0.47 189.16 4.00 8234 0.00 166.55 3.66
12.02 0.04 0.47 189.09 4.00 8244 0.00 166.43 3.66
12.02 0.04 0.47 189.06 4.00 8254 0.00 166.38 3.67
12.02 0.04 0.47 189.06 4.00 8264 0.00 166.38 3.67
12.02 0.04 0.47 189.03 4.00 8274 0.00 166.32 3.68
12.02 0.04 0.47 188.96 4.00 8284 0.00 166.21 3.68
12.02 0.04 0.47 189.00 4.00 8294 0.00 166.26 3.69
12.02 0.04 0.47 188.93 4.00 8304 0.00 166.15 3.69
12.02 0.04 0.47 189.00 4.00 8314 0.00 166.26 3.70
12.02 0.04 0.47 188.93 4.00 8324 0.00 166.15 3.70
12.02 0.04 0.47 188.93 4.00 8334 0.00 166.15 3.71
12.02 0.04 0.47 188.93 4.00 8344 0.00 166.15 3.71
12.02 0.04 0.47 188.90 4.00 8354 0.00 166.10 3.71
12.01 0.30 3.55 198.20 4.00 8364 0.00 182.85 3.75
12.01 0.30 3.55 235.36 4.00 8374 0.00 257.83 3.79
12.01 0.30 3.55 248.74 4.00 8384 0.00 287.99 3.82
12.01 0.30 3.55 259.18 4.00 8394 0.00 312.68 3.86
12.01 0.30 3.55 280.09 4.00 8404 0.00 365.16 3.89
12.01 0.30 3.55 291.71 4.00 8414 0.00 396.08 3.93
12.01 0.30 3.55 300.46 4.00 8424 0.00 420.22 3.96
12.01 0.30 3.55 318.64 4.00 8434 0.00 472.61 4.00
12.01 0.30 3.55 329.22 4.00 8444 0.00 504.50 4.03
12.01 0.30 3.55 331.28 4.00 8454 0.00 510.84 4.07
12.01 0.30 3.55 331.87 4.00 8464 0.00 512.67 4.11
12.01 0.30 3.55 332.27 4.00 8474 0.00 513.90 4.14
12.01 0.30 3.55 333.17 4.00 8484 0.00 516.67 4.18
12.01 0.30 3.55 333.97 4.00 8494 0.00 519.16 4.21
11.34 16.51 187.13 335.08 4.00 8504 0.00 522.61 5.83
11.34 16.51 187.13 335.89 4.00 8514 0.00 525.14 7.67
11.34 16.51 187.13 337.01 4.00 8524 0.00 528.65 9.63
11.34 16.51 187.13 338.24 4.00 8534 0.00 532.52 11.46
11.34 16.51 187.13 332.07 4.00 8544 0.00 513.28 13.30
11.34 16.51 187.13 314.14 4.00 8554 0.00 459.34 15.26
11.34 16.51 187.13 302.26 4.00 8564 0.00 425.26 17.10
11.34 16.51 187.13 294.80 4.00 8574 0.00 404.53 18.94
11.34 16.51 187.13 281.15 4.00 8584 0.00 367.94 20.78
11.34 16.51 187.13 272.26 4.00 8594 0.00 345.04 22.73
11.34 16.51 187.13 260.15 4.00 8604 0.00 315.03 24.57
11.34 16.51 187.13 254.08 4.00 8614 0.00 300.50 26.41
11.34 16.51 187.13 248.79 4.00 8624 0.00 288.12 28.36
11.34 16.51 187.13 243.50 4.00 8634 0.00 276.00 30.20
11.05 19.47 215.16 240.50 4.00 8644 0.00 269.23 32.23
11.05 19.47 215.16 234.21 4.00 8654 0.00 255.34 34.34
11.05 19.47 215.16 226.62 4.00 8664 0.00 239.05 36.59
11.05 19.47 215.16 223.11 4.00 8674 0.00 231.71 38.70
11.05 19.47 215.16 217.74 4.00 8684 0.00 220.68 40.81
11.05 19.47 215.16 217.82 4.00 8694 0.00 220.85 43.06
11.05 19.47 215.16 214.33 4.00 8704 0.00 213.83 45.17
11.05 19.47 215.16 212.17 4.00 8714 0.00 209.53 47.28
11.05 19.47 215.16 207.26 4.00 8724 0.00 199.95 49.53
11.05 19.47 215.16 207.68 4.00 8734 0.00 200.77 51.65
11.05 19.47 215.16 204.55 4.00 8744 0.00 194.75 53.75
11.05 19.47 215.16 205.19 4.00 8754 0.00 195.98 55.87
11.05 19.47 215.16 205.91 4.00 8764 0.00 197.36 58.11
11.05 19.47 215.16 206.72 4.00 8774 0.00 198.91 60.22
11.45 19.36 221.63 207.49 4.00 8784 0.00 200.40 62.35
11.45 19.36 221.63 208.19 4.00 8794 0.00 201.75 64.67
11.45 19.36 221.63 208.86 4.00 8804 0.00 203.04 66.85
11.45 19.36 221.63 209.64 4.00 8814 0.00 204.58 69.02
11.45 19.36 221.63 210.32 4.00 8824 0.00 205.90 71.20
11.45 19.36 221.63 211.04 4.00 8834 0.00 207.31 73.52
11.45 19.36 221.63 211.80 4.00 8844 0.00 208.81 75.69
11.45 19.36 221.63 212.49 4.00 8854 0.00 210.17 77.87
11.45 19.36 221.63 213.18 4.00 8864 0.00 211.54 80.19
11.45 19.36 221.63 213.96 4.00 8874 0.00 213.09 82.37
11.45 19.36 221.63 214.62 4.00 8884 0.00 214.41 84.54
11.45 19.36 221.63 215.33 4.00 8894 0.00 215.83 86.71
11.45 19.36 221.63 216.00 4.00 8904 0.00 217.17 89.03
11.45 19.36 221.63 216.72 4.00 8914 0.00 218.62 91.20
11.64 18.53 215.66 217.44 4.00 8924 0.00 220.07 93.36
11.64 18.53 215.66 218.08 4.00 8934 0.00 221.37 95.61
11.64 18.53 215.66 218.85 4.00 8944 0.00 222.94 97.74
11.64 18.53 215.66 219.41 4.00 8954 0.00 224.09 99.85
11.64 18.53 215.66 220.11 4.00 8964 0.00 225.51 101.96
11.64 18.53 215.66 220.77 4.00 8974 0.00 226.86 104.22
11.64 18.53 215.66 221.38 4.00 8984 0.00 228.13 106.34
11.64 18.53 215.66 222.13 4.00 8994 0.00 229.68 108.46
11.64 18.53 215.66 223.07 4.00 9004 0.00 231.62 110.71
11.64 18.53 215.66 223.65 4.00 9014 0.00 232.83 112.83
11.64 18.53 215.66 224.33 4.00 9024 0.00 234.25 114.95
11.64 18.53 215.66 225.01 4.00 9034 0.00 235.67 117.07
11.64 18.53 215.66 225.61 4.00 9044 0.00 236.92 119.32
11.64 18.53 215.66 226.25 4.00 9054 0.00 238.27 121.44
11.64 18.53 215.66 226.85 4.00 9064 0.00 239.54 123.55
11.51 16.63 191.43 227.50 4.00 9074 0.00 240.91 125.56
11.51 16.63 191.43 228.06 4.00 9084 0.00 242.10 127.44
11.51 16.63 191.43 228.62 4.00 9094 0.00 243.30 129.31
11.51 16.63 191.43 229.52 4.00 9104 0.00 245.21 131.20
11.51 16.63 191.43 230.00 4.00 9114 0.00 246.23 133.20
11.51 16.63 191.43 230.71 4.00 9124 0.00 247.76 135.08
11.51 16.63 191.43 231.19 4.00 9134 0.00 248.79 136.96
11.51 16.63 191.43 231.77 4.00 9144 0.00 250.04 138.96
11.51 16.63 191.43 232.35 4.00 9154 0.00 251.30 140.84
11.51 16.63 191.43 232.94 4.00 9164 0.00 252.56 142.71
11.51 16.63 191.43 233.67 4.00 9174 0.00 254.16 144.60
11.51 16.63 191.43 234.21 4.00 9184 0.00 255.34 146.60
11.51 16.63 191.43 234.81 4.00 9194 0.00 256.64 148.48
11.51 16.63 191.43 235.31 4.00 9204 0.00 257.72 150.36
11.55 15.44 178.37 235.85 4.00 9214 0.00 258.93 152.24
11.55 15.44 178.37 236.66 4.00 9224 0.00 260.70 153.99
11.55 15.44 178.37 237.21 4.00 9234 0.00 261.92 155.73
11.55 15.44 178.37 237.67 4.00 9244 0.00 262.93 157.59
11.55 15.44 178.37 238.28 4.00 9254 0.00 264.29 159.33
11.55 15.44 178.37 238.69 4.00 9264 0.00 265.20 161.07
11.55 15.44 178.37 239.46 4.00 9274 0.00 266.91 162.93
11.55 15.44 178.37 239.98 4.00 9284 0.00 268.07 164.67
11.55 15.44 178.37 240.45 4.00 9294 0.00 269.11 166.42
11.55 15.44 178.37 240.92 4.00 9304 0.00 270.16 168.27
11.55 15.44 178.37 241.39 4.00 9314 0.00 271.22 170.01
11.55 15.44 178.37 242.23 4.00 9324 0.00 273.12 171.87
11.55 15.44 178.37 242.60 4.00 9334 0.00 273.95 173.61
11.55 15.44 178.37 243.13 4.00 9344 0.00 275.15 175.35
11.58 14.33 165.84 243.99 4.00 9354 0.00 277.09 177.14
11.58 14.33 165.84 244.31 4.00 9364 0.00 277.82 178.77
11.58 14.33 165.84 244.85 4.00 9374 0.00 279.05 180.39
11.58 14.33 165.84 245.28 4.00 9384 0.00 280.03 182.02
11.58 14.33 165.84 245.93 4.00 9394 0.00 281.52 183.76
11.58 14.33 165.84 246.53 4.00 9404 0.00 282.90 185.38
11.58 14.33 165.84 246.91 4.00 9414 0.00 283.78 187.01
11.58 14.33 165.84 247.35 4.00 9424 0.00 284.79 188.74
11.58 14.33 165.84 248.02 4.00 9434 0.00 286.32 190.37
11.58 14.33 165.84 248.52 4.00 9444 0.00 287.47 192.00
11.58 14.33 165.84 248.90 4.00 9454 0.00 288.38 193.63
11.58 14.33 165.84 249.58 4.00 9464 0.00 289.93 195.36
11.58 14.33 165.84 249.91 4.00 9474 0.00 290.72 196.99
11.58 14.33 165.84 250.42 4.00 9484 0.00 291.90 198.62
11.61 13.15 152.63 250.82 4.00 9494 0.00 292.82 200.29
11.61 13.15 152.63 251.38 4.00 9504 0.00 294.15 201.79
11.61 13.15 152.63 251.90 4.00 9514 0.00 295.35 203.29
11.61 13.15 152.63 252.30 4.00 9524 0.00 296.29 204.78
11.61 13.15 152.63 252.99 4.00 9534 0.00 297.91 206.38
11.61 13.15 152.63 253.33 4.00 9544 0.00 298.72 207.88
11.61 13.15 152.63 253.74 4.00 9554 0.00 299.68 209.38
11.61 13.15 152.63 254.38 4.00 9564 0.00 301.19 210.97
11.61 13.15 152.63 254.78 4.00 9574 0.00 302.16 212.47
11.61 13.15 152.63 255.19 4.00 9584 0.00 303.13 213.97
11.61 13.15 152.63 255.66 4.00 9594 0.00 304.25 215.47
11.61 13.15 152.63 256.13 4.00 9604 0.00 305.37 217.07
11.61 13.15 152.63 256.55 4.00 9614 0.00 306.36 218.56
11.61 13.15 152.63 257.14 4.00 9624 0.00 307.78 220.06
11.64 12.53 145.80 257.50 4.00 9634 0.00 308.64 221.64
11.64 12.53 145.80 258.16 4.00 9644 0.00 310.22 223.07
11.64 12.53 145.80 258.52 4.00 9654 0.00 311.08 224.50
11.64 12.53 145.80 258.94 4.00 9664 0.00 312.10 225.93
11.64 12.53 145.80 259.30 4.00 9674 0.00 312.97 227.46
11.64 12.53 145.80 259.79 4.00 9684 0.00 314.14 228.89
11.64 12.53 145.80 260.21 4.00 9694 0.00 315.17 230.32
11.64 12.53 145.80 260.89 4.00 9704 0.00 316.81 231.85
11.64 12.53 145.80 261.25 4.00 9714 0.00 317.70 233.28
11.64 12.53 145.80 261.75 4.00 9724 0.00 318.90 234.71
11.64 12.53 145.80 262.12 4.00 9734 0.00 319.80 236.14
11.64 12.53 145.80 262.36 4.00 9744 0.00 320.41 237.67
11.64 12.53 145.80 262.92 4.00 9754 0.00 321.77 239.10
11.64 12.53 145.80 263.23 4.00 9764 0.00 322.54 240.53
11.64 12.53 145.80 263.80 4.00 9774 0.00 323.91 242.05
11.67 11.70 136.46 264.24 4.00 9784 0.00 324.99 243.39
11.67 11.70 136.46 264.49 4.00 9794 0.00 325.61 244.73
11.67 11.70 136.46 265.06 4.00 9804 0.00 327.01 246.16
11.67 11.70 136.46 265.37 4.00 9814 0.00 327.79 247.50
11.67 11.70 136.46 265.82 4.00 9824 0.00 328.89 248.83
11.67 11.70 136.46 266.13 4.00 9834 0.00 329.68 250.17
11.67 11.70 136.46 266.77 4.00 9844 0.00 331.27 251.60
11.67 11.70 136.46 267.03 4.00 9854 0.00 331.90 252.94
11.67 11.70 136.46 267.42 4.00 9864 0.00 332.86 254.28
11.67 11.70 136.46 268.06 4.00 9874 0.00 334.47 255.70
11.67 11.70 136.46 268.19 4.00 9884 0.00 334.79 257.04
11.67 11.70 136.46 268.58 4.00 9894 0.00 335.77 258.38
11.67 11.70 136.46 268.97 4.00 9904 0.00 336.74 259.72
11.67 11.70 136.46 269.49 4.00 9914 0.00 338.05 261.15
11.68 10.98 128.31 269.88 4.00 9924 0.00 339.04 262.41
11.68 10.98 128.31 270.15 4.00 9934 0.00 339.70 263.67
11.68 10.98 128.31 270.74 4.00 9944 0.00 341.19 265.00
11.68 10.98 128.31 271.07 4.00 9954 0.00 342.02 266.26
11.68 10.98 128.31 271.40 4.00 9964 0.00 342.86 267.59
11.68 10.98 128.31 271.93 4.00 9974 0.00 344.20 268.84
11.68 10.98 128.31 272.13 4.00 9984 0.00 344.71 270.10
11.68 10.98 128.31 272.67 4.00 9994 0.00 346.06 271.43
11.68 10.98 128.31 272.87 4.00 10004 0.00 346.57 272.69
11.68 10.98 128.31 273.20 4.00 10014 0.00 347.42 273.94
11.68 10.98 128.31 273.67 4.00 10024 0.00 348.62 275.28
11.68 10.98 128.31 274.08 4.00 10034 0.00 349.66 276.53
11.68 10.98 128.31 274.42 4.00 10044 0.00 350.52 277.79
11.68 10.98 128.31 274.89 4.00 10054 0.00 351.73 279.13
11.70 10.29 120.36 275.03 4.00 10064 0.00 352.08 280.33
11.70 10.29 120.36 275.44 4.00 10074 0.00 353.13 281.51
11.70 10.29 120.36 275.85 4.00 10084 0.00 354.18 282.77
11.70 10.29 120.36 276.33 4.00 10094 0.00 355.42 283.96
11.70 10.29 120.36 276.53 4.00 10104 0.00 355.95 285.14
11.70 10.29 120.36 277.09 4.00 10114 0.00 357.37 286.40
11.70 10.29 120.36 277.29 4.00 10124 0.00 357.91 287.58
11.70 10.29 120.36 277.71 4.00 10134 0.00 358.98 288.76
11.70 10.29 120.36 278.13 4.00 10144 0.00 360.06 289.94
11.70 10.29 120.36 278.33 4.00 10154 0.00 360.60 291.20
11.70 10.29 120.36 278.75 4.00 10164 0.00 361.69 292.38
11.70 10.29 120.36 279.03 4.00 10174 0.00 362.41 293.56
11.70 10.29 120.36 279.38 4.00 10184 0.00 363.33 294.82
11.70 10.29 120.36 279.81 4.00 10194 0.00 364.42 296.00
11.72 9.70 113.74 280.16 4.00 10204 0.00 365.34 297.15
11.72 9.70 113.74 280.51 4.00 10214 0.00 366.27 298.27
11.72 9.70 113.74 280.94 4.00 10224 0.00 367.38 299.46
11.72 9.70 113.74 281.08 4.00 10234 0.00 367.75 300.58
11.72 9.70 113.74 281.51 4.00 10244 0.00 368.87 301.70
11.72 9.70 113.74 281.79 4.00 10254 0.00 369.62 302.89
11.72 9.70 113.74 282.15 4.00 10264 0.00 370.56 304.00
11.72 9.70 113.74 282.44 4.00 10274 0.00 371.31 305.12
11.72 9.70 113.74 282.87 4.00 10284 0.00 372.45 306.24
11.72 9.70 113.74 283.30 4.00 10294 0.00 373.59 307.43
11.72 9.70 113.74 283.59 4.00 10304 0.00 374.35 308.54
11.72 9.70 113.74 283.88 4.00 10314 0.00 375.12 309.66
11.72 9.70 113.74 284.24 4.00 10324 0.00 376.08 310.85
11.72 9.70 113.74 284.46 4.00 10334 0.00 376.65 311.97
11.72 9.23 108.22 284.83 4.00 10344 0.00 377.62 313.07
11.74 9.23 108.36 285.05 4.00 10354 0.00 378.20 314.14
11.74 9.23 108.36 285.41 4.00 10364 0.00 379.17 315.27
11.74 9.23 108.36 285.71 4.00 10374 0.00 379.95 316.33
11.74 9.23 108.36 286.07 4.00 10384 0.00 380.93 317.40
11.74 9.23 108.36 286.30 4.00 10394 0.00 381.52 318.46
11.74 9.23 108.36 286.59 4.00 10404 0.00 382.31 319.60
11.74 9.23 108.36 287.03 4.00 10414 0.00 383.50 320.66
11.74 9.23 108.36 287.26 4.00 10424 0.00 384.09 321.72
11.74 9.23 108.36 287.63 4.00 10434 0.00 385.09 322.85
11.74 9.23 108.36 288.00 4.00 10444 0.00 386.09 323.92
11.74 9.23 108.36 288.30 4.00 10454 0.00 386.89 324.98
11.74 9.23 108.36 288.60 4.00 10464 0.00 387.69 326.04
11.74 9.23 108.36 288.98 4.00 10474 0.00 388.70 327.18
11.74 9.23 108.36 289.20 4.00 10484 0.00 389.31 328.24
11.76 8.50 99.90 289.50 4.00 10494 0.00 390.12 329.22
11.76 8.50 99.90 289.73 4.00 10504 0.00 390.73 330.27
11.76 8.50 99.90 290.11 4.00 10514 0.00 391.75 331.25
11.76 8.50 99.90 290.49 4.00 10524 0.00 392.78 332.23
11.76 8.50 99.90 290.64 4.00 10534 0.00 393.19 333.27
11.76 8.50 99.90 290.94 4.00 10544 0.00 394.01 334.25
11.76 8.50 99.90 291.32 4.00 10554 0.00 395.04 335.23
11.76 8.50 99.90 291.55 4.00 10564 0.00 395.67 336.21
11.76 8.50 99.90 291.86 4.00 10574 0.00 396.50 337.26
11.76 8.50 99.90 292.24 4.00 10584 0.00 397.54 338.24
11.76 8.50 99.90 292.32 4.00 10594 0.00 397.75 339.22
11.76 8.50 99.90 292.71 4.00 10604 0.00 398.80 340.26
11.76 8.50 99.90 293.01 4.00 10614 0.00 399.64 341.24
11.76 8.50 99.90 293.25 4.00 10624 0.00 400.27 342.22
11.76 8.23 96.86 293.56 4.00 10634 0.00 401.12 343.18
11.76 8.23 96.86 293.79 4.00 10644 0.00 401.76 344.19
11.76 8.23 96.86 294.02 4.00 10654 0.00 402.40 345.14
11.76 8.23 96.86 294.33 4.00 10664 0.00 403.25 346.10
11.76 8.23 96.86 294.72 4.00 10674 0.00 404.32 347.11
11.76 8.23 96.86 294.96 4.00 10684 0.00 404.96 348.06
11.76 8.23 96.86 295.27 4.00 10694 0.00 405.83 349.01
11.76 8.23 96.86 295.51 4.00 10704 0.00 406.47 349.96
11.76 8.23 96.86 295.74 4.00 10714 0.00 407.12 350.98
11.76 8.23 96.86 296.06 4.00 10724 0.00 407.99 351.93
11.76 8.23 96.86 296.38 4.00 10734 0.00 408.86 352.88
11.76 8.23 96.86 296.53 4.00 10744 0.00 409.30 353.89
11.76 8.23 96.86 296.85 4.00 10754 0.00 410.17 354.84
11.76 8.23 96.86 297.09 4.00 10764 0.00 410.83 355.79
11.78 7.74 91.19 297.33 4.00 10774 0.00 411.49 356.72
11.78 7.74 91.19 297.57 4.00 10784 0.00 412.15 357.67
11.78 7.74 91.19 297.89 4.00 10794 0.00 413.04 358.56
11.78 7.74 91.19 298.20 4.00 10804 0.00 413.93 359.46
11.78 7.74 91.19 298.45 4.00 10814 0.00 414.59 360.36
11.78 7.74 91.19 298.53 4.00 10824 0.00 414.82 361.31
11.78 7.74 91.19 298.93 4.00 10834 0.00 415.93 362.20
11.78 7.74 91.19 299.17 4.00 10844 0.00 416.60 363.10
11.78 7.74 91.19 299.49 4.00 10854 0.00 417.50 364.05
11.78 7.74 91.19 299.73 4.00 10864 0.00 418.18 364.95
11.78 7.74 91.19 299.90 4.00 10874 0.00 418.63 365.85
11.78 7.74 91.19 300.14 4.00 10884 0.00 419.31 366.74
11.78 7.74 91.19 300.46 4.00 10894 0.00 420.22 367.69
11.78 7.74 91.19 300.63 4.00 10904 0.00 420.67 368.59
11.80 7.39 87.22 300.95 4.00 10914 0.00 421.58 369.47
11.80 7.39 87.22 301.28 4.00 10924 0.00 422.50 370.38
11.80 7.39 87.22 301.44 4.00 10934 0.00 422.96 371.24
11.80 7.39 87.22 301.69 4.00 10944 0.00 423.65 372.10
11.80 7.39 87.22 301.85 4.00 10954 0.00 424.11 372.95
11.80 7.39 87.22 302.18 4.00 10964 0.00 425.03 373.87
11.80 7.39 87.22 302.51 4.00 10974 0.00 425.96 374.72
11.80 7.39 87.22 302.76 4.00 10984 0.00 426.65 375.58
11.80 7.39 87.22 302.92 4.00 10994 0.00 427.12 376.49
11.80 7.39 87.22 303.17 4.00 11004 0.00 427.82 377.34
11.80 7.39 87.22 303.50 4.00 11014 0.00 428.75 378.20
11.80 7.39 87.22 303.75 4.00 11024 0.00 429.46 379.11
11.80 7.39 87.22 303.83 4.00 11034 0.00 429.69 379.97
11.80 7.39 87.22 304.16 4.00 11044 0.00 430.63 380.82
11.80 7.05 83.15 304.50 4.00 11054 0.00 431.58 381.68
11.80 7.05 83.21 304.75 4.00 11064 0.00 432.29 382.55
11.80 7.05 83.21 304.83 4.00 11074 0.00 432.53 383.36
11.80 7.05 83.21 305.00 4.00 11084 0.00 433.00 384.18
11.80 7.05 83.21 305.33 4.00 11094 0.00 433.95 385.05
11.80 7.05 83.21 305.42 4.00 11104 0.00 434.19 385.86
11.80 7.05 83.21 305.75 4.00 11114 0.00 435.15 386.68
11.80 7.05 83.21 305.92 4.00 11124 0.00 435.63 387.50
11.80 7.05 83.21 306.18 4.00 11134 0.00 436.35 388.37
11.80 7.05 83.21 306.43 4.00 11144 0.00 437.07 389.18
11.80 7.05 83.21 306.60 4.00 11154 0.00 437.55 390.00
11.80 7.05 83.21 306.85 4.00 11164 0.00 438.28 390.87
11.80 7.05 83.21 307.11 4.00 11174 0.00 439.01 391.68
11.80 7.05 83.21 307.45 4.00 11184 0.00 439.98 392.50
11.80 7.05 83.21 307.62 4.00 11194 0.00 440.47 393.37
11.82 6.44 76.18 307.79 4.00 11204 0.00 440.95 394.11
11.82 6.44 76.18 307.96 4.00 11214 0.00 441.44 394.86
11.82 6.44 76.18 308.30 4.00 11224 0.00 442.42 395.61
11.82 6.44 76.18 308.47 4.00 11234 0.00 442.91 396.41
11.82 6.44 76.18 308.73 4.00 11244 0.00 443.65 397.15
11.82 6.44 76.18 308.90 4.00 11254 0.00 444.15 397.90
11.82 6.44 76.18 309.07 4.00 11264 0.00 444.64 398.70
11.82 6.44 76.18 309.33 4.00 11274 0.00 445.38 399.44
11.82 6.44 76.18 309.50 4.00 11284 0.00 445.88 400.19
11.82 6.44 76.18 309.85 4.00 11294 0.00 446.88 400.94
11.82 6.44 76.18 310.02 4.00 11304 0.00 447.37 401.74
11.82 6.44 76.18 310.11 4.00 11314 0.00 447.62 402.49
11.82 6.44 76.18 310.28 4.00 11324 0.00 448.12 403.24
11.82 6.44 76.18 310.63 4.00 11334 0.00 449.13 404.03
11.82 6.50 76.84 310.89 4.00 11344 0.00 449.88 404.78
11.82 6.50 76.84 310.97 4.00 11354 0.00 450.13 405.54
11.82 6.50 76.84 311.24 4.00 11364 0.00 450.89 406.29
11.82 6.50 76.84 311.50 4.00 11374 0.00 451.65 407.10
11.82 6.50 76.84 311.67 4.00 11384 0.00 452.16 407.85
11.82 6.50 76.84 311.85 4.00 11394 0.00 452.66 408.60
11.82 6.50 76.84 312.11 4.00 11404 0.00 453.43 409.41
11.82 6.50 76.84 312.29 4.00 11414 0.00 453.94 410.16
11.82 6.50 76.84 312.46 4.00 11424 0.00 454.45 410.92
11.82 6.50 76.84 312.72 4.00 11434 0.00 455.22 411.67
11.82 6.50 76.84 312.90 4.00 11444 0.00 455.73 412.48
11.82 6.50 76.84 312.99 4.00 11454 0.00 455.99 413.23
11.82 6.50 76.84 313.34 4.00 11464 0.00 457.01 413.98
11.82 6.50 76.84 313.52 4.00 11474 0.00 457.53 414.78
11.84 5.98 70.85 313.61 4.00 11484 0.00 457.79 415.51
11.84 5.98 70.85 313.87 4.00 11494 0.00 458.57 416.20
11.84 5.98 70.85 314.14 4.00 11504 0.00 459.34 416.94
11.84 5.98 70.85 314.23 4.00 11514 0.00 459.60 417.64
11.84 5.98 70.85 314.50 4.00 11524 0.00 460.38 418.33
11.84 5.98 70.85 314.58 4.00 11534 0.00 460.64 419.03
11.84 5.98 70.85 314.76 4.00 11544 0.00 461.17 419.77
11.84 5.98 70.85 314.94 4.00 11554 0.00 461.69 420.47
11.84 5.98 70.85 315.21 4.00 11564 0.00 462.48 421.16
11.84 5.98 70.85 315.39 4.00 11574 0.00 463.00 421.86
11.84 5.98 70.85 315.57 4.00 11584 0.00 463.53 422.60
11.84 5.98 70.85 315.75 4.00 11594 0.00 464.05 423.30
11.84 5.98 70.85 315.84 4.00 11604 0.00 464.32 423.99
11.84 5.98 70.85 316.20 4.00 11614 0.00 465.38 424.73
11.85 5.67 67.16 316.29 4.00 11624 0.00 465.64 425.42
11.85 5.67 67.16 316.47 4.00 11634 0.00 466.17 426.07
11.85 5.67 67.16 316.74 4.00 11644 0.00 466.97 426.73
11.85 5.67 67.16 316.92 4.00 11654 0.00 467.50 427.44
11.85 5.67 67.16 317.19 4.00 11664 0.00 468.30 428.10
11.85 5.67 67.16 317.37 4.00 11674 0.00 468.84 428.75
11.85 5.67 67.16 317.37 4.00 11684 0.00 468.84 429.46
11.85 5.67 67.16 317.55 4.00 11694 0.00 469.37 430.12
11.85 5.67 67.16 317.82 4.00 11704 0.00 470.18 430.78
11.85 5.67 67.16 318.01 4.00 11714 0.00 470.72 431.44
11.85 5.67 67.16 318.19 4.00 11724 0.00 471.26 432.14
11.85 5.67 67.16 318.28 4.00 11734 0.00 471.53 432.80
11.85 5.67 67.16 318.64 4.00 11744 0.00 472.61 433.46
11.85 5.67 67.16 318.74 4.00 11754 0.00 472.88 434.16
11.85 5.57 65.98 318.83 4.00 11764 0.00 473.15 434.82
11.85 5.57 65.99 319.10 4.00 11774 0.00 473.97 435.47
11.85 5.57 65.99 319.28 4.00 11784 0.00 474.51 436.11
11.85 5.57 65.99 319.47 4.00 11794 0.00 475.06 436.81
11.85 5.57 65.99 319.65 4.00 11804 0.00 475.61 437.45
11.85 5.57 65.99 319.74 4.00 11814 0.00 475.88 438.10
11.85 5.57 65.99 320.02 4.00 11824 0.00 476.70 438.79
11.85 5.57 65.99 320.20 4.00 11834 0.00 477.25 439.44
11.85 5.57 65.99 320.39 4.00 11844 0.00 477.80 440.09
11.85 5.57 65.99 320.48 4.00 11854 0.00 478.08 440.73
11.85 5.57 65.99 320.67 4.00 11864 0.00 478.63 441.42
11.85 5.57 65.99 320.76 4.00 11874 0.00 478.91 442.07
11.85 5.57 65.99 321.04 4.00 11884 0.00 479.74 442.72
11.85 5.57 65.99 321.22 4.00 11894 0.00 480.29 443.41
11.85 5.57 65.99 321.41 4.00 11904 0.00 480.85 444.06
11.86 5.07 60.18 321.50 4.00 11914 0.00 481.13 444.65
11.86 5.07 60.18 321.60 4.00 11924 0.00 481.41 445.24
11.86 5.07 60.18 321.87 4.00 11934 0.00 482.24 445.87
11.86 5.07 60.18 321.97 4.00 11944 0.00 482.52 446.46
11.86 5.07 60.18 322.06 4.00 11954 0.00 482.80 447.05
11.86 5.07 60.18 322.34 4.00 11964 0.00 483.64 447.68
11.86 5.07 60.18 322.44 4.00 11974 0.00 483.92 448.27
11.86 5.07 60.18 322.62 4.00 11984 0.00 484.49 448.86
11.86 5.07 60.18 322.62 4.00 11994 0.00 484.49 449.45
11.86 5.07 60.18 323.00 4.00 12004 0.00 485.61 450.08
11.86 5.07 60.18 323.09 4.00 12014 0.00 485.90 450.67
11.86 5.07 60.18 323.28 4.00 12024 0.00 486.46 451.26
11.86 5.07 60.18 323.56 4.00 12034 0.00 487.31 451.89
11.86 5.07 60.18 323.75 4.00 12044 0.00 487.88 452.48
11.87 5.04 59.81 323.84 4.00 12054 0.00 488.16 453.07
11.87 5.04 59.81 323.94 4.00 12064 0.00 488.45 453.69
11.87 5.04 59.81 324.03 4.00 12074 0.00 488.73 454.28
11.87 5.04 59.81 324.22 4.00 12084 0.00 489.30 454.87
11.87 5.04 59.81 324.41 4.00 12094 0.00 489.88 455.45
11.87 5.04 59.81 324.60 4.00 12104 0.00 490.45 456.08
11.87 5.04 59.81 324.70 4.00 12114 0.00 490.74 456.66
11.87 5.04 59.81 324.98 4.00 12124 0.00 491.60 457.25
11.87 5.04 59.81 325.08 4.00 12134 0.00 491.88 457.88
11.87 5.04 59.81 325.27 4.00 12144 0.00 492.46 458.46
11.87 5.04 59.81 325.36 4.00 12154 0.00 492.75 459.05
11.87 5.04 59.81 325.46 4.00 12164 0.00 493.04 459.64
11.87 5.04 59.81 325.65 4.00 12174 0.00 493.62 460.26
11.87 5.04 59.81 325.65 4.00 12184 0.00 493.62 460.85
11.87 4.86 57.73 325.93 4.00 12194 0.00 494.49 461.43
11.87 4.86 57.73 326.13 4.00 12204 0.00 495.07 462.03
11.87 4.86 57.73 326.32 4.00 12214 0.00 495.65 462.60
11.87 4.86 57.73 326.41 4.00 12224 0.00 495.94 463.16
11.87 4.86 57.73 326.61 4.00 12234 0.00 496.52 463.73
11.87 4.86 57.73 326.70 4.00 12244 0.00 496.81 464.33
11.87 4.86 57.73 326.89 4.00 12254 0.00 497.40 464.90
11.87 4.86 57.73 327.09 4.00 12264 0.00 497.99 465.47
11.87 4.86 57.73 327.28 4.00 12274 0.00 498.57 466.07
11.87 4.86 57.73 327.28 4.00 12284 0.00 498.57 466.64
11.87 4.86 57.73 327.47 4.00 12294 0.00 499.16 467.20
11.87 4.86 57.73 327.57 4.00 12304 0.00 499.45 467.77
11.87 4.86 57.73 327.76 4.00 12314 0.00 500.04 468.38
11.87 4.86 57.73 327.86 4.00 12324 0.00 500.34 468.94
11.89 4.43 52.69 328.05 4.00 12334 0.00 500.93 469.49
11.89 4.43 52.69 328.25 4.00 12344 0.00 501.52 470.04
11.89 4.43 52.69 328.34 4.00 12354 0.00 501.82 470.56
11.89 4.43 52.69 328.44 4.00 12364 0.00 502.12 471.08
11.89 4.43 52.69 328.54 4.00 12374 0.00 502.41 471.63
11.89 4.43 52.69 328.73 4.00 12384 0.00 503.01 472.15
11.89 4.43 52.69 328.93 4.00 12394 0.00 503.60 472.66
11.89 4.43 52.69 329.02 4.00 12404 0.00 503.90 473.18
11.89 4.43 52.69 329.02 4.00 12414 0.00 503.90 473.73
11.89 4.43 52.69 329.12 4.00 12424 0.00 504.20 474.25
11.89 4.43 52.69 329.41 4.00 12434 0.00 505.10 474.77
11.89 4.43 52.69 329.51 4.00 12444 0.00 505.40 475.32
11.89 4.43 52.69 329.71 4.00 12454 0.00 506.00 475.83
11.89 4.43 52.69 330.00 4.00 12464 0.00 506.90 476.35
11.89 4.51 53.67 330.00 4.00 12474 0.00 506.90 476.87
11.88 4.51 53.65 330.20 4.00 12484 0.00 507.50 477.43
11.88 4.51 53.65 330.29 4.00 12494 0.00 507.80 477.95
11.88 4.51 53.65 330.39 4.00 12504 0.00 508.11 478.48
11.88 4.51 53.65 330.59 4.00 12514 0.00 508.71 479.04
11.88 4.51 53.65 330.79 4.00 12524 0.00 509.32 479.57
11.88 4.51 53.65 330.88 4.00 12534 0.00 509.62 480.10
11.88 4.51 53.65 330.98 4.00 12544 0.00 509.92 480.62
11.88 4.51 53.65 331.18 4.00 12554 0.00 510.53 481.19
11.88 4.51 53.65 331.18 4.00 12564 0.00 510.53 481.71
11.88 4.51 53.65 331.38 4.00 12574 0.00 511.14 482.24
11.88 4.51 53.65 331.48 4.00 12584 0.00 511.45 482.80
11.88 4.51 53.65 331.58 4.00 12594 0.00 511.75 483.33
11.88 4.51 53.65 331.87 4.00 12604 0.00 512.67 483.85
11.88 4.51 53.65 331.97 4.00 12614 0.00 512.97 484.38
11.88 4.10 48.75 332.07 4.00 12624 0.00 513.28 484.90
11.88 4.10 48.75 332.27 4.00 12634 0.00 513.90 485.37
11.88 4.10 48.75 332.17 4.00 12644 0.00 513.59 485.85
11.88 4.10 48.75 332.37 4.00 12654 0.00 514.20 486.36
11.88 4.10 48.75 332.57 4.00 12664 0.00 514.82 486.84
11.88 4.10 48.75 332.67 4.00 12674 0.00 515.13 487.32
11.88 4.10 48.75 332.77 4.00 12684 0.00 515.44 487.80
11.88 4.10 48.75 332.87 4.00 12694 0.00 515.74 488.31
11.88 4.10 48.75 333.07 4.00 12704 0.00 516.36 488.78
11.88 4.10 48.75 333.17 4.00 12714 0.00 516.67 489.26
11.88 4.10 48.75 333.27 4.00 12724 0.00 516.98 489.77
11.88 4.10 48.75 333.27 4.00 12734 0.00 516.98 490.25
11.88 4.10 48.75 333.47 4.00 12744 0.00 517.60 490.73
11.88 4.10 48.75 333.57 4.00 12754 0.00 517.91 491.21
11.90 3.87 46.05 333.77 4.00 12764 0.00 518.54 491.70
11.90 3.87 46.05 333.97 4.00 12774 0.00 519.16 492.15
11.90 3.87 46.05 333.87 4.00 12784 0.00 518.85 492.60
11.90 3.87 46.05 334.17 4.00 12794 0.00 519.79 493.08
11.90 3.87 46.05 334.27 4.00 12804 0.00 520.10 493.54
11.90 3.87 46.05 334.27 4.00 12814 0.00 520.10 493.99
11.90 3.87 46.05 334.57 4.00 12824 0.00 521.04 494.47
11.90 3.87 46.05 334.67 4.00 12834 0.00 521.35 494.92
11.90 3.87 46.05 334.77 4.00 12844 0.00 521.67 495.37
11.90 3.87 46.05 334.77 4.00 12854 0.00 521.67 495.82
11.90 3.87 46.05 334.97 4.00 12864 0.00 522.30 496.31
11.90 3.87 46.05 335.08 4.00 12874 0.00 522.61 496.76
11.90 3.87 46.05 335.08 4.00 12884 0.00 522.61 497.21
11.90 3.87 46.05 335.38 4.00 12894 0.00 523.56 497.69
11.90 4.09 48.65 335.58 4.00 12904 0.00 524.19 498.15
11.90 4.09 48.65 335.58 4.00 12914 0.00 524.19 498.63
11.90 4.09 48.65 335.78 4.00 12924 0.00 524.82 499.13
11.90 4.09 48.65 335.78 4.00 12934 0.00 524.82 499.61
11.90 4.09 48.65 335.89 4.00 12944 0.00 525.14 500.08
11.90 4.09 48.65 336.09 4.00 12954 0.00 525.78 500.59
11.90 4.09 48.65 336.19 4.00 12964 0.00 526.10 501.07
11.90 4.09 48.65 336.29 4.00 12974 0.00 526.41 501.57
11.90 4.09 48.65 336.29 4.00 12984 0.00 526.41 502.05
11.90 4.09 48.65 336.39 4.00 12994 0.00 526.73 502.52
11.90 4.09 48.65 336.70 4.00 13004 0.00 527.69 503.03
11.90 4.09 48.65 336.80 4.00 13014 0.00 528.01 503.50
11.90 4.09 48.65 336.80 4.00 13024 0.00 528.01 503.98
11.90 4.09 48.65 336.90 4.00 13034 0.00 528.33 504.49
11.90 3.57 42.54 337.01 4.00 13044 0.00 528.65 504.95
11.90 3.57 42.54 337.31 4.00 13054 0.00 529.62 505.36
11.90 3.57 42.54 337.31 4.00 13064 0.00 529.62 505.81
11.90 3.57 42.54 337.42 4.00 13074 0.00 529.94 506.22
11.90 3.57 42.54 337.52 4.00 13084 0.00 530.26 506.64
11.90 3.57 42.54 337.52 4.00 13094 0.00 530.26 507.09
11.90 3.57 42.54 337.72 4.00 13104 0.00 530.90 507.50
11.90 3.57 42.54 337.83 4.00 13114 0.00 531.23 507.92
11.90 3.57 42.54 337.83 4.00 13124 0.00 531.23 508.34
11.90 3.57 42.54 337.93 4.00 13134 0.00 531.55 508.78
11.90 3.57 42.54 338.13 4.00 13144 0.00 532.20 509.20
11.90 3.57 42.54 338.34 4.00 13154 0.00 532.85 509.62
11.90 3.57 42.54 338.34 4.00 13164 0.00 532.85 510.06
11.90 3.57 42.54 338.44 4.00 13174 0.00 533.17 510.48
11.90 3.24 38.52 338.55 4.00 13184 0.00 533.49 510.89
11.91 3.24 38.56 338.75 4.00 13194 0.00 534.15 511.27
11.91 3.24 38.56 338.86 4.00 13204 0.00 534.47 511.68
11.91 3.24 38.56 338.86 4.00 13214 0.00 534.47 512.06
11.91 3.24 38.56 338.96 4.00 13224 0.00 534.80 512.43
11.91 3.24 38.56 339.17 4.00 13234 0.00 535.45 512.84
11.91 3.24 38.56 339.17 4.00 13244 0.00 535.45 513.21
11.91 3.24 38.56 339.27 4.00 13254 0.00 535.78 513.59
11.91 3.24 38.56 339.27 4.00 13264 0.00 535.78 514.00
11.91 3.24 38.56 339.58 4.00 13274 0.00 536.76 514.37
11.91 3.24 38.56 339.48 4.00 13284 0.00 536.43 514.75
11.91 3.24 38.56 339.69 4.00 13294 0.00 537.09 515.13
11.91 3.24 38.56 339.89 4.00 13304 0.00 537.75 515.53
11.91 3.24 38.56 339.89 4.00 13314 0.00 537.75 515.91
11.91 3.24 38.56 340.10 4.00 13324 0.00 538.41 516.29
11.92 3.76 44.85 340.10 4.00 13334 0.00 538.41 516.75
11.92 3.76 44.85 340.21 4.00 13344 0.00 538.73 517.19
11.92 3.76 44.85 340.31 4.00 13354 0.00 539.07 517.63
11.92 3.76 44.85 340.31 4.00 13364 0.00 539.07 518.07
11.92 3.76 44.85 340.52 4.00 13374 0.00 539.73 518.54
11.92 3.76 44.85 340.73 4.00 13384 0.00 540.39 518.98
11.92 3.76 44.85 340.83 4.00 13394 0.00 540.72 519.42
11.92 3.76 44.85 340.83 4.00 13404 0.00 540.72 519.89
11.92 3.76 44.85 340.94 4.00 13414 0.00 541.05 520.33
11.92 3.76 44.85 341.15 4.00 13424 0.00 541.72 520.77
11.92 3.76 44.85 341.04 4.00 13434 0.00 541.38 521.21
11.92 3.76 44.85 341.15 4.00 13444 0.00 541.72 521.68
11.92 3.76 44.85 341.36 4.00 13454 0.00 542.38 522.12
11.92 3.76 44.85 341.46 4.00 13464 0.00 542.72 522.56
11.92 3.41 40.68 341.46 4.00 13474 0.00 542.72 523.00
11.92 3.41 40.68 341.46 4.00 13484 0.00 542.72 523.40
11.92 3.41 40.68 341.46 4.00 13494 0.00 542.72 523.80
11.92 3.41 40.68 341.67 4.00 13504 0.00 543.38 524.20
11.92 3.41 40.68 341.99 4.00 13514 0.00 544.39 524.62
11.92 3.41 40.68 341.99 4.00 13524 0.00 544.39 525.02
11.92 3.41 40.68 342.20 4.00 13534 0.00 545.06 525.42
11.92 3.41 40.68 342.30 4.00 13544 0.00 545.39 525.85
11.92 3.41 40.68 342.41 4.00 13554 0.00 545.73 526.25
11.92 3.41 40.68 342.41 4.00 13564 0.00 545.73 526.64
11.92 3.41 40.68 342.41 4.00 13574 0.00 545.73 527.04
11.92 3.41 40.68 342.51 4.00 13584 0.00 546.07 527.47
11.92 3.41 40.68 342.72 4.00 13594 0.00 546.74 527.87
11.92 3.41 40.68 342.72 4.00 13604 0.00 546.74 528.27
11.93 3.08 36.71 342.83 4.00 13614 0.00 547.08 528.68
11.93 3.08 36.71 342.94 4.00 13624 0.00 547.42 529.04
11.93 3.08 36.71 343.04 4.00 13634 0.00 547.75 529.40
11.93 3.08 36.71 343.15 4.00 13644 0.00 548.09 529.76
11.93 3.08 36.71 343.25 4.00 13654 0.00 548.43 530.14
11.93 3.08 36.71 343.25 4.00 13664 0.00 548.43 530.50
11.93 3.08 36.71 343.36 4.00 13674 0.00 548.77 530.86
11.93 3.08 36.71 343.47 4.00 13684 0.00 549.11 531.25
11.93 3.08 36.71 343.57 4.00 13694 0.00 549.45 531.61
11.93 3.08 36.71 343.57 4.00 13704 0.00 549.45 531.97
11.93 3.08 36.71 343.68 4.00 13714 0.00 549.79 532.33
11.93 3.08 36.71 343.89 4.00 13724 0.00 550.47 532.71
11.93 3.08 36.71 343.89 4.00 13734 0.00 550.47 533.07
11.93 3.08 36.71 344.00 4.00 13744 0.00 550.81 533.43
11.92 3.09 36.84 344.10 4.00 13754 0.00 551.15 533.81
11.92 3.09 36.84 344.21 4.00 13764 0.00 551.49 534.17
11.92 3.09 36.84 344.32 4.00 13774 0.00 551.84 534.54
11.92 3.09 36.84 344.21 4.00 13784 0.00 551.49 534.92
11.92 3.09 36.84 344.42 4.00 13794 0.00 552.18 535.28
11.92 3.09 36.84 344.53 4.00 13804 0.00 552.52 535.65
11.92 3.09 36.84 344.64 4.00 13814 0.00 552.86 536.01
11.92 3.09 36.84 344.85 4.00 13824 0.00 553.55 536.39
11.92 3.09 36.84 344.85 4.00 13834 0.00 553.55 536.75
11.92 3.09 36.84 344.85 4.00 13844 0.00 553.55 537.12
11.92 3.09 36.84 344.96 4.00 13854 0.00 553.89 537.50
11.92 3.09 36.84 345.07 4.00 13864 0.00 554.24 537.86
11.92 3.09 36.84 345.17 4.00 13874 0.00 554.58 538.22
11.92 3.09 36.84 345.28 4.00 13884 0.00 554.93 538.58
11.92 3.07 36.56 345.28 4.00 13894 0.00 554.93 538.97
11.93 3.07 36.58 345.39 4.00 13904 0.00 555.27 539.33
11.93 3.07 36.58 345.49 4.00 13914 0.00 555.62 539.68
11.93 3.07 36.58 345.49 4.00 13924 0.00 555.62 540.07
11.93 3.07 36.58 345.60 4.00 13934 0.00 555.96 540.42
11.93 3.07 36.58 345.71 4.00 13944 0.00 556.31 540.80
11.93 3.07 36.58 345.82 4.00 13954 0.00 556.66 541.16
11.93 3.07 36.58 345.82 4.00 13964 0.00 556.66 541.52
11.93 3.07 36.58 345.92 4.00 13974 0.00 557.00 541.90
11.93 3.07 36.58 346.03 4.00 13984 0.00 557.35 542.26
11.93 3.07 36.58 346.14 4.00 13994 0.00 557.70 542.61
11.93 3.07 36.58 346.25 4.00 14004 0.00 558.04 542.99
11.93 3.07 36.58 346.25 4.00 14014 0.00 558.04 543.35
11.93 3.07 36.58 346.36 4.00 14024 0.00 558.39 543.71
11.93 3.07 36.58 346.36 4.00 14034 0.00 558.39 544.09
11.94 2.64 31.51 346.57 4.00 14044 0.00 559.09 544.41
11.94 2.64 31.51 346.46 4.00 14054 0.00 558.74 544.72
11.94 2.64 31.51 346.79 4.00 14064 0.00 559.79 545.05
11.94 2.64 31.51 346.79 4.00 14074 0.00 559.79 545.36
11.94 2.64 31.51 346.90 4.00 14084 0.00 560.14 545.67
11.94 2.64 31.51 346.90 4.00 14094 0.00 560.14 545.97
11.94 2.64 31.51 346.90 4.00 14104 0.00 560.14 546.30
11.94 2.64 31.51 347.01 4.00 14114 0.00 560.49 546.61
11.94 2.64 31.51 347.01 4.00 14124 0.00 560.49 546.92
11.94 2.64 31.51 347.22 4.00 14134 0.00 561.19 547.25
11.94 2.64 31.51 347.22 4.00 14144 0.00 561.19 547.56
11.94 2.64 31.51 347.44 4.00 14154 0.00 561.89 547.87
11.94 2.64 31.51 347.44 4.00 14164 0.00 561.89 548.18
11.94 2.64 31.51 347.44 4.00 14174 0.00 561.89 548.51
11.94 2.79 33.36 347.66 4.00 14184 0.00 562.59 548.83
11.94 2.79 33.36 347.66 4.00 14194 0.00 562.59 549.16
11.94 2.79 33.36 347.77 4.00 14204 0.00 562.94 549.51
11.94 2.79 33.36 347.77 4.00 14214 0.00 562.94 549.83
11.94 2.79 33.36 347.98 4.00 14224 0.00 563.65 550.16
11.94 2.79 33.36 347.87 4.00 14234 0.00 563.30 550.49
11.94 2.79 33.36 348.09 4.00 14244 0.00 564.00 550.84
11.94 2.79 33.36 348.20 4.00 14254 0.00 564.36 551.17
11.94 2.79 33.36 348.20 4.00 14264 0.00 564.36 551.49
11.94 2.79 33.36 348.20 4.00 14274 0.00 564.36 551.84
11.94 2.79 33.36 348.31 4.00 14284 0.00 564.71 552.17
11.94 2.79 33.36 348.42 4.00 14294 0.00 565.07 552.50
11.94 2.79 33.36 348.31 4.00 14304 0.00 564.71 552.83
11.94 2.79 33.36 348.53 4.00 14314 0.00 565.42 553.18
11.94 2.75 32.81 348.64 4.00 14324 0.00 565.77 553.50
11.94 2.75 32.81 348.64 4.00 14334 0.00 565.77 553.82
11.94 2.75 32.81 348.75 4.00 14344 0.00 566.13 554.16
11.94 2.75 32.81 348.86 4.00 14354 0.00 566.49 554.48
11.94 2.75 32.81 348.97 4.00 14364 0.00 566.84 554.80
11.94 2.75 32.81 349.08 4.00 14374 0.00 567.20 555.15
11.94 2.75 32.81 349.08 4.00 14384 0.00 567.20 555.47
11.94 2.75 32.81 349.19 4.00 14394 0.00 567.55 555.79
11.94 2.75 32.81 349.19 4.00 14404 0.00 567.55 556.13
11.94 2.75 32.81 349.41 4.00 14414 0.00 568.27 556.45
11.94 2.75 32.81 349.30 4.00 14424 0.00 567.91 556.77
11.94 2.75 32.81 349.52 4.00 14434 0.00 568.63 557.11
11.94 2.75 32.81 349.52 4.00 14444 0.00 568.63 557.43
11.94 2.75 32.81 349.63 4.00 14454 0.00 568.98 557.77
11.95 2.44 29.15 349.74 4.00 14464 0.00 569.34 558.09
11.95 2.44 29.15 349.85 4.00 14474 0.00 569.70 558.37
11.95 2.44 29.15 349.74 4.00 14484 0.00 569.34 558.66
11.95 2.44 29.15 349.85 4.00 14494 0.00 569.70 558.96
11.95 2.44 29.15 349.96 4.00 14504 0.00 570.06 559.25
11.95 2.44 29.15 350.07 4.00 14514 0.00 570.42 559.54
11.95 2.44 29.15 350.07 4.00 14524 0.00 570.42 559.84
11.95 2.44 29.15 350.18 4.00 14534 0.00 570.78 560.13
11.95 2.44 29.15 350.18 4.00 14544 0.00 570.78 560.41
11.95 2.44 29.15 350.29 4.00 14554 0.00 571.14 560.70
11.95 2.44 29.15 350.40 4.00 14564 0.00 571.50 561.00
11.95 2.44 29.15 350.62 4.00 14574 0.00 572.22 561.29
11.95 2.44 29.15 350.40 4.00 14584 0.00 571.50 561.58
11.95 2.44 29.15 350.62 4.00 14594 0.00 572.22 561.88
11.95 2.44 29.15 350.62 4.00 14604 0.00 572.22 562.17
11.95 2.46 29.43 350.73 4.00 14614 0.00 572.58 562.46
11.95 2.46 29.43 350.73 4.00 14624 0.00 572.58 562.75
11.95 2.46 29.43 350.84 4.00 14634 0.00 572.94 563.05
11.95 2.46 29.43 350.84 4.00 14644 0.00 572.94 563.34
11.95 2.46 29.43 350.84 4.00 14654 0.00 572.94 563.63
11.95 2.46 29.43 350.95 4.00 14664 0.00 573.30 563.94
11.95 2.46 29.43 351.06 4.00 14674 0.00 573.67 564.23
11.95 2.46 29.43 351.06 4.00 14684 0.00 573.67 564.52
11.95 2.46 29.43 351.28 4.00 14694 0.00 574.39 564.82
11.95 2.46 29.43 351.28 4.00 14704 0.00 574.39 565.11
11.95 2.46 29.43 351.28 4.00 14714 0.00 574.39 565.40
11.95 2.46 29.43 351.28 4.00 14724 0.00 574.39 565.69
11.95 2.46 29.43 351.40 4.00 14734 0.00 574.76 566.00
11.95 2.46 29.43 351.62 4.00 14744 0.00 575.48 566.29
11.94 2.51 29.94 351.62 4.00 14754 0.00 575.48 566.58
11.94 2.51 29.94 351.62 4.00 14764 0.00 575.48 566.88
11.94 2.51 29.94 351.62 4.00 14774 0.00 575.48 567.19
11.94 2.51 29.94 351.73 4.00 14784 0.00 575.85 567.48
11.94 2.51 29.94 351.84 4.00 14794 0.00 576.21 567.78
11.94 2.51 29.94 351.95 4.00 14804 0.00 576.58 568.09
11.94 2.51 29.94 351.95 4.00 14814 0.00 576.58 568.38
11.94 2.51 29.94 352.06 4.00 14824 0.00 576.94 568.68
11.94 2.51 29.94 352.17 4.00 14834 0.00 577.31 568.97
11.94 2.51 29.94 352.17 4.00 14844 0.00 577.31 569.29
11.94 2.51 29.94 352.06 4.00 14854 0.00 576.94 569.58
11.94 2.51 29.94 352.40 4.00 14864 0.00 578.04 569.87
11.94 2.51 29.94 352.40 4.00 14874 0.00 578.04 570.19
11.94 2.51 29.94 352.40 4.00 14884 0.00 578.04 570.48
11.95 2.26 26.96 352.51 4.00 14894 0.00 578.41 570.76
11.95 2.26 26.96 352.51 4.00 14904 0.00 578.41 571.02
11.95 2.26 26.96 352.40 4.00 14914 0.00 578.04 571.30
11.95 2.26 26.96 352.73 4.00 14924 0.00 579.14 571.57
11.95 2.26 26.96 352.85 4.00 14934 0.00 579.51 571.83
11.95 2.26 26.96 352.85 4.00 14944 0.00 579.51 572.10
11.95 2.26 26.96 352.73 4.00 14954 0.00 579.14 572.38
11.95 2.26 26.96 352.96 4.00 14964 0.00 579.88 572.65
11.95 2.26 26.96 352.96 4.00 14974 0.00 579.88 572.91
11.95 2.26 26.96 352.96 4.00 14984 0.00 579.88 573.19
11.95 2.26 26.96 353.07 4.00 14994 0.00 580.25 573.46
11.95 2.26 26.96 353.07 4.00 15004 0.00 580.25 573.72
11.95 2.26 26.96 353.18 4.00 15014 0.00 580.62 573.99
11.95 2.26 26.96 353.41 4.00 15024 0.00 581.36 574.27
11.96 2.12 25.33 353.29 4.00 15034 0.00 580.99 574.53
11.96 2.12 25.33 353.29 4.00 15044 0.00 580.99 574.77
11.96 2.12 25.33 353.29 4.00 15054 0.00 580.99 575.04
11.96 2.12 25.33 353.52 4.00 15064 0.00 581.73 575.29
11.96 2.12 25.33 353.52 4.00 15074 0.00 581.73 575.54
11.96 2.12 25.33 353.63 4.00 15084 0.00 582.10 575.79
11.96 2.12 25.33 353.63 4.00 15094 0.00 582.10 576.05
11.96 2.12 25.33 353.52 4.00 15104 0.00 581.73 576.30
11.96 2.12 25.33 353.74 4.00 15114 0.00 582.47 576.55
11.96 2.12 25.33 353.86 4.00 15124 0.00 582.84 576.81
11.96 2.12 25.33 353.86 4.00 15134 0.00 582.84 577.06
11.96 2.12 25.33 353.86 4.00 15144 0.00 582.84 577.31
11.96 2.12 25.33 353.97 4.00 15154 0.00 583.21 577.56
11.96 2.12 25.33 354.08 4.00 15164 0.00 583.58 577.83
11.96 2.28 27.29 354.20 4.00 15174 0.00 583.95 578.08
11.95 2.28 27.28 354.08 4.00 15184 0.00 583.58 578.35
11.95 2.28 27.28 354.08 4.00 15194 0.00 583.58 578.63
11.95 2.28 27.28 354.31 4.00 15204 0.00 584.33 578.90
11.95 2.28 27.28 354.31 4.00 15214 0.00 584.33 579.17
11.95 2.28 27.28 354.42 4.00 15224 0.00 584.70 579.43
11.95 2.28 27.28 354.31 4.00 15234 0.00 584.33 579.72
11.95 2.28 27.28 354.53 4.00 15244 0.00 585.07 579.99
11.95 2.28 27.28 354.42 4.00 15254 0.00 584.70 580.26
11.95 2.28 27.28 354.53 4.00 15264 0.00 585.07 580.54
11.95 2.28 27.28 354.65 4.00 15274 0.00 585.45 580.81
11.95 2.28 27.28 354.53 4.00 15284 0.00 585.07 581.08
11.95 2.28 27.28 354.76 4.00 15294 0.00 585.82 581.34
11.95 2.28 27.28 354.76 4.00 15304 0.00 585.82 581.63
11.95 2.28 27.28 354.87 4.00 15314 0.00 586.19 581.90
11.96 2.14 25.56 354.87 4.00 15324 0.00 586.19 582.15
11.96 2.14 25.56 354.87 4.00 15334 0.00 586.19 582.40
11.96 2.14 25.56 354.99 4.00 15344 0.00 586.57 582.67
11.96 2.14 25.56 355.10 4.00 15354 0.00 586.94 582.92
11.96 2.14 25.56 355.21 4.00 15364 0.00 587.32 583.17
11.96 2.14 25.56 355.10 4.00 15374 0.00 586.94 583.44
11.96 2.14 25.56 355.21 4.00 15384 0.00 587.32 583.69
11.96 2.14 25.56 355.33 4.00 15394 0.00 587.69 583.94
11.96 2.14 25.56 355.33 4.00 15404 0.00 587.69 584.19
11.96 2.14 25.56 355.33 4.00 15414 0.00 587.69 584.46
11.96 2.14 25.56 355.44 4.00 15424 0.00 588.07 584.71
11.96 2.14 25.56 355.44 4.00 15434 0.00 588.07 584.96
11.96 2.14 25.56 355.56 4.00 15444 0.00 588.45 585.23
11.96 2.14 25.56 355.56 4.00 15454 0.00 588.45 585.48
11.96 1.84 22.04 355.67 4.00 15464 0.00 588.82 585.70
11.96 1.84 22.04 355.78 4.00 15474 0.00 589.20 585.92
11.96 1.84 22.04 355.67 4.00 15484 0.00 588.82 586.15
11.96 1.84 22.04 355.78 4.00 15494 0.00 589.20 586.36
11.96 1.84 22.04 355.90 4.00 15504 0.00 589.58 586.58
11.96 1.84 22.04 355.90 4.00 15514 0.00 589.58 586.81
11.96 1.84 22.04 355.90 4.00 15524 0.00 589.58 587.03
11.96 1.84 22.04 356.01 4.00 15534 0.00 589.96 587.24
11.96 1.84 22.04 355.90 4.00 15544 0.00 589.58 587.46
11.96 1.84 22.04 356.24 4.00 15554 0.00 590.71 587.69
11.96 1.84 22.04 356.24 4.00 15564 0.00 590.71 587.91
11.96 1.84 22.04 356.24 4.00 15574 0.00 590.71 588.12
11.96 1.84 22.04 356.13 4.00 15584 0.00 590.33 588.35
11.96 1.84 22.04 356.24 4.00 15594 0.00 590.71 588.57
11.96 2.07 24.73 356.35 4.00 15604 0.00 591.09 588.80
11.96 2.07 24.73 356.35 4.00 15614 0.00 591.09 589.04
11.96 2.07 24.73 356.47 4.00 15624 0.00 591.47 589.30
11.96 2.07 24.73 356.47 4.00 15634 0.00 591.47 589.54
11.96 2.07 24.73 0.00 4.00 15644 0.00 0.00 589.79
11.96 2.07 24.73 356.47 4.00 15654 0.00 591.47 590.04
11.96 2.07 24.73 356.58 4.00 15664 0.00 591.85 590.29
11.96 2.07 24.73 356.81 4.00 15674 0.00 592.61 590.53
11.96 2.07 24.73 356.70 4.00 15684 0.00 592.23 590.79
11.96 2.07 24.73 356.81 4.00 15694 0.00 592.61 591.03
11.96 2.07 24.73 356.93 4.00 15704 0.00 592.99 591.27
11.96 2.07 24.73 356.81 4.00 15714 0.00 592.61 591.52
11.96 2.07 24.73 356.81 4.00 15724 0.00 592.61 591.78
11.96 2.07 24.73 356.93 4.00 15734 0.00 592.99 592.02
11.96 1.99 23.80 357.04 4.00 15744 0.00 593.37 592.26
11.96 1.99 23.80 357.04 4.00 15754 0.00 593.37 592.51
11.96 1.99 23.80 357.27 4.00 15764 0.00 594.14 592.74
11.96 1.99 23.80 357.16 4.00 15774 0.00 593.76 592.97
11.96 1.99 23.80 357.16 4.00 15784 0.00 593.76 593.21
11.96 1.99 23.80 357.27 4.00 15794 0.00 594.14 593.46
11.96 1.99 23.80 357.27 4.00 15804 0.00 594.14 593.69
11.96 1.99 23.80 357.39 4.00 15814 0.00 594.52 593.92
11.96 1.99 23.80 357.39 4.00 15824 0.00 594.52 594.17
11.96 1.99 23.80 357.39 4.00 15834 0.00 594.52 594.41
11.96 1.99 23.80 357.50 4.00 15844 0.00 594.90 594.64
11.96 1.99 23.80 357.50 4.00 15854 0.00 594.90 594.87
11.96 1.99 23.80 357.50 4.00 15864 0.00 594.90 595.12
11.96 1.99 23.80 357.73 4.00 15874 0.00 595.67 595.36
11.96 1.69 20.22 357.73 4.00 15884 0.00 595.67 595.58
11.97 1.69 20.23 357.62 4.00 15894 0.00 595.29 595.80
11.97 1.69 20.23 357.73 4.00 15904 0.00 595.67 595.99
11.97 1.69 20.23 357.73 4.00 15914 0.00 595.67 596.19
11.97 1.69 20.23 357.62 4.00 15924 0.00 595.29 596.39
11.97 1.69 20.23 357.85 4.00 15934 0.00 596.05 596.60
11.97 1.69 20.23 357.96 4.00 15944 0.00 596.44 596.80
11.97 1.69 20.23 357.85 4.00 15954 0.00 596.05 597.00
11.97 1.69 20.23 358.08 4.00 15964 0.00 596.82 597.21
11.97 1.69 20.23 357.96 4.00 15974 0.00 596.44 597.41
11.97 1.69 20.23 357.96 4.00 15984 0.00 596.44 597.61
11.97 1.69 20.23 358.31 4.00 15994 0.00 597.59 597.81
11.97 1.69 20.23 357.96 4.00 16004 0.00 596.44 598.02
11.97 1.69 20.23 358.19 4.00 16014 0.00 597.21 598.22
11.97 1.69 20.23 358.31 4.00 16024 0.00 597.59 598.42
11.97 1.80 21.51 358.31 4.00 16034 0.00 597.59 598.63
11.97 1.80 21.51 358.19 4.00 16044 0.00 597.21 598.85
11.97 1.80 21.51 358.54 4.00 16054 0.00 598.36 599.07
11.97 1.80 21.51 358.42 4.00 16064 0.00 597.98 599.28
11.97 1.80 21.51 358.31 4.00 16074 0.00 597.59 599.50
11.97 1.80 21.51 358.42 4.00 16084 0.00 597.98 599.71
11.97 1.80 21.51 358.54 4.00 16094 0.00 598.36 599.92
11.97 1.80 21.51 358.65 4.00 16104 0.00 598.75 600.13
11.97 1.80 21.51 358.54 4.00 16114 0.00 598.36 600.36
11.97 1.80 21.51 358.77 4.00 16124 0.00 599.14 600.57
11.97 1.80 21.51 358.54 4.00 16134 0.00 598.36 600.78
11.97 1.80 21.51 358.77 4.00 16144 0.00 599.14 601.01
11.97 1.80 21.51 358.89 4.00 16154 0.00 599.52 601.22
11.97 1.80 21.51 358.77 4.00 16164 0.00 599.14 601.43
11.96 1.87 22.36 358.89 4.00 16174 0.00 599.52 601.65
11.96 1.87 22.36 358.89 4.00 16184 0.00 599.52 601.88
11.96 1.87 22.36 359.00 4.00 16194 0.00 599.91 602.10
11.96 1.87 22.36 358.89 4.00 16204 0.00 599.52 602.32
11.96 1.87 22.36 358.77 4.00 16214 0.00 599.14 602.55
11.96 1.87 22.36 359.12 4.00 16224 0.00 600.30 602.77
11.96 1.87 22.36 359.12 4.00 16234 0.00 600.30 602.99
11.96 1.87 22.36 359.23 4.00 16244 0.00 600.69 603.21
11.96 1.87 22.36 359.23 4.00 16254 0.00 600.69 603.45
11.96 1.87 22.36 359.35 4.00 16264 0.00 601.08 603.67
11.96 1.87 22.36 359.23 4.00 16274 0.00 600.69 603.89
11.96 1.87 22.36 359.35 4.00 16284 0.00 601.08 604.12
11.96 1.87 22.36 359.35 4.00 16294 0.00 601.08 604.34
11.96 1.87 22.36 359.47 4.00 16304 0.00 601.46 604.56
11.97 1.66 19.89 359.35 4.00 16314 0.00 601.08 604.77
11.97 1.66 19.89 359.47 4.00 16324 0.00 601.46 604.97
11.97 1.66 19.89 359.47 4.00 16334 0.00 601.46 605.17
11.97 1.66 19.89 359.47 4.00 16344 0.00 601.46 605.36
11.97 1.66 19.89 359.58 4.00 16354 0.00 601.85 605.56
11.97 1.66 19.89 359.58 4.00 16364 0.00 601.85 605.77
11.97 1.66 19.89 359.82 4.00 16374 0.00 602.63 605.96
11.97 1.66 19.89 359.70 4.00 16384 0.00 602.24 606.16
11.97 1.66 19.89 359.93 4.00 16394 0.00 603.02 606.37
11.97 1.66 19.89 359.82 4.00 16404 0.00 602.63 606.56
11.97 1.66 19.89 359.82 4.00 16414 0.00 602.63 606.76
11.97 1.66 19.89 359.93 4.00 16424 0.00 603.02 606.95
11.97 1.66 19.89 359.93 4.00 16434 0.00 603.02 607.16
11.97 1.66 19.89 359.93 4.00 16444 0.00 603.02 607.36
11.98 1.50 17.96 359.93 4.00 16454 0.00 603.02 607.55
11.98 1.50 17.96 360.05 4.00 16464 0.00 603.41 607.73
11.98 1.50 17.96 360.05 4.00 16474 0.00 603.41 607.91
11.98 1.50 17.96 360.05 4.00 16484 0.00 603.41 608.09
11.98 1.50 17.96 360.17 4.00 16494 0.00 603.81 608.26
11.98 1.50 17.96 360.17 4.00 16504 0.00 603.81 608.45
11.98 1.50 17.96 360.28 4.00 16514 0.00 604.20 608.63
11.98 1.50 17.96 360.28 4.00 16524 0.00 604.20 608.80
11.98 1.50 17.96 360.17 4.00 16534 0.00 603.81 608.99
11.98 1.50 17.96 360.40 4.00 16544 0.00 604.59 609.17
11.98 1.50 17.96 360.40 4.00 16554 0.00 604.59 609.34
11.98 1.50 17.96 360.40 4.00 16564 0.00 604.59 609.52
11.98 1.50 17.96 360.40 4.00 16574 0.00 604.59 609.71
11.98 1.50 17.96 360.40 4.00 16584 0.00 604.59 609.88
11.98 1.71 20.51 360.52 4.00 16594 0.00 604.98 610.06
11.97 1.71 20.50 360.63 4.00 16604 0.00 605.37 610.28
11.97 1.71 20.50 360.52 4.00 16614 0.00 604.98 610.48
11.97 1.71 20.50 360.52 4.00 16624 0.00 604.98 610.68
11.97 1.71 20.50 360.63 4.00 16634 0.00 605.37 610.89
11.97 1.71 20.50 360.75 4.00 16644 0.00 605.77 611.09
11.97 1.71 20.50 360.63 4.00 16654 0.00 605.37 611.30
11.97 1.71 20.50 360.63 4.00 16664 0.00 605.37 611.50
11.97 1.71 20.50 360.63 4.00 16674 0.00 605.37 611.71
11.97 1.71 20.50 360.75 4.00 16684 0.00 605.77 611.91
11.97 1.71 20.50 360.87 4.00 16694 0.00 606.16 612.11
11.97 1.71 20.50 360.87 4.00 16704 0.00 606.16 612.31
11.97 1.71 20.50 360.98 4.00 16714 0.00 606.56 612.53
11.97 1.71 20.50 360.87 4.00 16724 0.00 606.16 612.73
11.97 1.71 20.50 360.98 4.00 16734 0.00 606.56 612.93
11.97 1.64 19.63 361.10 4.00 16744 0.00 606.95 613.14
11.97 1.64 19.63 361.10 4.00 16754 0.00 606.95 613.33
11.97 1.64 19.63 360.98 4.00 16764 0.00 606.56 613.52
11.97 1.64 19.63 361.10 4.00 16774 0.00 606.95 613.72
11.97 1.64 19.63 361.22 4.00 16784 0.00 607.34 613.92
11.97 1.64 19.63 361.34 4.00 16794 0.00 607.74 614.11
11.97 1.64 19.63 361.22 4.00 16804 0.00 607.34 614.31
11.97 1.64 19.63 361.22 4.00 16814 0.00 607.34 614.51
11.97 1.64 19.63 361.22 4.00 16824 0.00 607.34 614.71
11.97 1.64 19.63 361.34 4.00 16834 0.00 607.74 614.90
11.97 1.64 19.63 361.45 4.00 16844 0.00 608.13 615.09
11.97 1.64 19.63 361.45 4.00 16854 0.00 608.13 615.30
11.97 1.64 19.63 361.45 4.00 16864 0.00 608.13 615.49
11.97 1.64 19.63 361.45 4.00 16874 0.00 608.13 615.68
11.98 1.33 15.91 361.45 4.00 16884 0.00 608.13 615.86
11.98 1.33 15.91 361.45 4.00 16894 0.00 608.13 616.02
11.98 1.33 15.91 361.45 4.00 16904 0.00 608.13 616.17
11.98 1.33 15.91 361.69 4.00 16914 0.00 608.93 616.33
11.98 1.33 15.91 361.69 4.00 16924 0.00 608.93 616.50
11.98 1.33 15.91 361.69 4.00 16934 0.00 608.93 616.65
11.98 1.33 15.91 361.69 4.00 16944 0.00 608.93 616.81
11.98 1.33 15.91 361.69 4.00 16954 0.00 608.93 616.96
11.98 1.33 15.91 361.69 4.00 16964 0.00 608.93 617.13
11.98 1.33 15.91 361.93 4.00 16974 0.00 609.72 617.29
11.98 1.33 15.91 361.81 4.00 16984 0.00 609.32 617.44
11.98 1.33 15.91 361.81 4.00 16994 0.00 609.32 617.61
11.98 1.33 15.91 361.81 4.00 17004 0.00 609.32 617.77
11.98 1.33 15.91 361.93 4.00 17014 0.00 609.72 617.92
11.98 1.50 17.96 361.93 4.00 17024 0.00 609.72 618.09
11.98 1.50 17.96 362.04 4.00 17034 0.00 610.12 618.28
11.98 1.50 17.96 361.93 4.00 17044 0.00 609.72 618.45
11.98 1.50 17.96 362.04 4.00 17054 0.00 610.12 618.63
11.98 1.50 17.96 362.04 4.00 17064 0.00 610.12 618.82
11.98 1.50 17.96 362.04 4.00 17074 0.00 610.12 618.99
11.98 1.50 17.96 362.16 4.00 17084 0.00 610.52 619.17
11.98 1.50 17.96 362.40 4.00 17094 0.00 611.31 619.35
11.98 1.50 17.96 362.28 4.00 17104 0.00 610.91 619.53
11.98 1.50 17.96 362.16 4.00 17114 0.00 610.52 619.71
11.98 1.50 17.96 362.28 4.00 17124 0.00 610.91 619.89
11.98 1.50 17.96 362.28 4.00 17134 0.00 610.91 620.07
11.98 1.50 17.96 362.28 4.00 17144 0.00 610.91 620.25
11.98 1.50 17.96 362.28 4.00 17154 0.00 610.91 620.43
11.97 1.56 18.70 362.40 4.00 17164 0.00 611.31 620.60
11.97 1.56 18.70 362.28 4.00 17174 0.00 610.91 620.80
11.97 1.56 18.70 362.52 4.00 17184 0.00 611.71 620.98
11.97 1.56 18.70 362.40 4.00 17194 0.00 611.31 621.17
11.97 1.56 18.70 362.63 4.00 17204 0.00 612.11 621.36
11.97 1.56 18.70 362.52 4.00 17214 0.00 611.71 621.55
11.97 1.56 18.70 362.75 4.00 17224 0.00 612.51 621.73
11.97 1.56 18.70 362.63 4.00 17234 0.00 612.11 621.91
11.97 1.56 18.70 362.63 4.00 17244 0.00 612.11 622.11
11.97 1.56 18.70 362.63 4.00 17254 0.00 612.11 622.29
11.97 1.56 18.70 362.63 4.00 17264 0.00 612.11 622.48
11.97 1.56 18.70 362.75 4.00 17274 0.00 612.51 622.67
11.97 1.56 18.70 362.75 4.00 17284 0.00 612.51 622.85
11.97 1.56 18.70 362.75 4.00 17294 0.00 612.51 623.04
11.97 1.35 16.11 362.63 4.00 17304 0.00 612.11 623.22
11.98 1.35 16.12 362.87 4.00 17314 0.00 612.91 623.39
11.98 1.35 16.12 362.87 4.00 17324 0.00 612.91 623.55
11.98 1.35 16.12 362.87 4.00 17334 0.00 612.91 623.71
11.98 1.35 16.12 362.75 4.00 17344 0.00 612.51 623.87
11.98 1.35 16.12 362.99 4.00 17354 0.00 613.31 624.03
11.98 1.35 16.12 362.99 4.00 17364 0.00 613.31 624.19
11.98 1.35 16.12 362.75 4.00 17374 0.00 612.51 624.35
11.98 1.35 16.12 363.11 4.00 17384 0.00 613.71 624.52
11.98 1.35 16.12 362.99 4.00 17394 0.00 613.31 624.68
11.98 1.35 16.12 363.11 4.00 17404 0.00 613.71 624.83
11.98 1.35 16.12 363.11 4.00 17414 0.00 613.71 625.00
11.98 1.35 16.12 362.99 4.00 17424 0.00 613.31 625.16
11.98 1.35 16.12 363.23 4.00 17434 0.00 614.11 625.32
11.98 1.35 16.12 363.23 4.00 17444 0.00 614.11 625.48
11.98 1.24 14.83 363.23 4.00 17454 0.00 614.11 625.63
11.98 1.24 14.83 363.35 4.00 17464 0.00 614.52 625.78
11.98 1.24 14.83 363.23 4.00 17474 0.00 614.11 625.92
11.98 1.24 14.83 363.35 4.00 17484 0.00 614.52 626.08
11.98 1.24 14.83 363.23 4.00 17494 0.00 614.11 626.22
11.98 1.24 14.83 363.46 4.00 17504 0.00 614.92 626.37
11.98 1.24 14.83 363.46 4.00 17514 0.00 614.92 626.52
11.98 1.24 14.83 363.35 4.00 17524 0.00 614.52 626.67
11.98 1.24 14.83 363.46 4.00 17534 0.00 614.92 626.81
11.98 1.24 14.83 363.46 4.00 17544 0.00 614.92 626.97
11.98 1.24 14.83 363.46 4.00 17554 0.00 614.92 627.11
11.98 1.24 14.83 363.58 4.00 17564 0.00 615.32 627.27
11.98 1.24 14.83 363.58 4.00 17574 0.00 615.32 627.41
11.98 1.24 14.83 363.58 4.00 17584 0.00 615.32 627.56
11.98 1.45 17.35 363.46 4.00 17594 0.00 614.92 627.73
11.98 1.45 17.35 363.58 4.00 17604 0.00 615.32 627.90
11.98 1.45 17.35 363.58 4.00 17614 0.00 615.32 628.07
11.98 1.45 17.35 363.70 4.00 17624 0.00 615.72 628.24
11.98 1.45 17.35 363.58 4.00 17634 0.00 615.32 628.42
11.98 1.45 17.35 363.82 4.00 17644 0.00 616.13 628.59
11.98 1.45 17.35 363.94 4.00 17654 0.00 616.53 628.76
11.98 1.45 17.35 363.82 4.00 17664 0.00 616.13 628.94
11.98 1.45 17.35 363.70 4.00 17674 0.00 615.72 629.11
11.98 1.45 17.35 363.82 4.00 17684 0.00 616.13 629.28
11.98 1.45 17.35 363.82 4.00 17694 0.00 616.13 629.45
11.98 1.45 17.35 363.94 4.00 17704 0.00 616.53 629.64
11.98 1.45 17.35 363.82 4.00 17714 0.00 616.13 629.81
11.98 1.45 17.35 363.94 4.00 17724 0.00 616.53 629.98
11.98 1.39 16.71 363.94 4.00 17734 0.00 616.53 630.14
11.98 1.39 16.71 364.06 4.00 17744 0.00 616.93 630.32
11.98 1.39 16.71 363.82 4.00 17754 0.00 616.13 630.48
11.98 1.39 16.71 364.06 4.00 17764 0.00 616.93 630.65
11.98 1.39 16.71 364.06 4.00 17774 0.00 616.93 630.82
11.98 1.39 16.71 364.06 4.00 17784 0.00 616.93 630.99
11.98 1.39 16.71 364.06 4.00 17794 0.00 616.93 631.15
11.98 1.39 16.71 364.18 4.00 17804 0.00 617.34 631.31
11.98 1.39 16.71 363.94 4.00 17814 0.00 616.53 631.49
11.98 1.39 16.71 364.30 4.00 17824 0.00 617.74 631.65
11.98 1.39 16.71 364.30 4.00 17834 0.00 617.74 631.82
11.98 1.39 16.71 364.18 4.00 17844 0.00 617.34 631.99
11.98 1.39 16.71 364.18 4.00 17854 0.00 617.34 632.16
11.98 1.39 16.71 364.18 4.00 17864 0.00 617.34 632.32
11.99 1.08 13.00 364.18 4.00 17874 0.00 617.34 632.48
11.99 1.08 13.00 364.30 4.00 17884 0.00 617.74 632.61
11.99 1.08 13.00 364.42 4.00 17894 0.00 618.15 632.74
11.99 1.08 13.00 364.42 4.00 17904 0.00 618.15 632.87
11.99 1.08 13.00 364.18 4.00 17914 0.00 617.34 633.00
11.99 1.08 13.00 364.42 4.00 17924 0.00 618.15 633.13
11.99 1.08 13.00 364.54 4.00 17934 0.00 618.55 633.26
11.99 1.08 13.00 364.30 4.00 17944 0.00 617.74 633.39
11.99 1.08 13.00 364.42 4.00 17954 0.00 618.15 633.52
11.99 1.08 13.00 364.42 4.00 17964 0.00 618.15 633.65
11.99 1.08 13.00 364.54 4.00 17974 0.00 618.55 633.78
11.99 1.08 13.00 364.42 4.00 17984 0.00 618.15 633.91
11.99 1.08 13.00 364.54 4.00 17994 0.00 618.55 634.04
11.99 1.08 13.00 364.66 4.00 18004 0.00 618.96 634.17
11.99 0.92 11.04 364.66 4.00 18014 0.00 618.96 634.30
12.00 0.92 11.04 364.66 4.00 18024 0.00 618.96 634.41
12.00 0.92 11.04 364.66 4.00 18034 0.00 618.96 634.52
12.00 0.92 11.04 364.66 4.00 18044 0.00 618.96 634.63
12.00 0.92 11.04 364.66 4.00 18054 0.00 618.96 634.74
12.00 0.92 11.04 364.66 4.00 18064 0.00 618.96 634.85
12.00 0.92 11.04 364.66 4.00 18074 0.00 618.96 634.96
12.00 0.92 11.04 364.78 4.00 18084 0.00 619.37 635.07
12.00 0.92 11.04 364.54 4.00 18094 0.00 618.55 635.18
12.00 0.92 11.04 364.66 4.00 18104 0.00 618.96 635.29
12.00 0.92 11.04 364.54 4.00 18114 0.00 618.55 635.41
12.00 0.92 11.04 364.54 4.00 18124 0.00 618.55 635.51
12.00 0.92 11.04 364.54 4.00 18134 0.00 618.55 635.62
12.00 0.92 11.04 364.66 4.00 18144 0.00 618.96 635.74
12.00 0.92 11.04 364.54 4.00 18154 0.00 618.55 635.85
12.02 0.05 0.55 364.42 4.00 18164 0.00 618.15 635.86
12.02 0.05 0.55 364.54 4.00 18174 0.00 618.55 635.87
12.02 0.05 0.55 364.42 4.00 18184 0.00 618.15 635.88
12.02 0.05 0.55 364.30 4.00 18194 0.00 617.74 635.88
12.02 0.05 0.55 364.42 4.00 18204 0.00 618.15 635.89
12.02 0.05 0.55 364.30 4.00 18214 0.00 617.74 635.89
12.02 0.05 0.55 364.54 4.00 18224 0.00 618.55 635.90
12.02 0.05 0.55 364.42 4.00 18234 0.00 618.15 635.90
12.02 0.05 0.55 364.30 4.00 18244 0.00 617.74 635.91
12.02 0.05 0.55 364.30 4.00 18254 0.00 617.74 635.91
12.02 0.05 0.55 364.30 4.00 18264 0.00 617.74 635.92
12.02 0.05 0.55 364.30 4.00 18274 0.00 617.74 635.93
12.02 0.05 0.55 364.54 4.00 18284 0.00 618.55 635.93
12.02 0.05 0.55 364.30 4.00 18294 0.00 617.74 635.94
12.02 0.04 0.47 364.30 4.00 18304 0.00 617.74 635.94
12.02 0.04 0.47 364.30 4.00 18314 0.00 617.74 635.95
12.02 0.04 0.47 364.30 4.00 18324 0.00 617.74 635.95
12.02 0.04 0.47 364.18 4.00 18334 0.00 617.34 635.96
12.02 0.04 0.47 364.18 4.00 18344 0.00 617.34 635.96
12.02 0.04 0.47 364.18 4.00 18354 0.00 617.34 635.96
12.02 0.04 0.47 364.06 4.00 18364 0.00 616.93 635.97
12.02 0.04 0.47 364.18 4.00 18374 0.00 617.34 635.97
12.02 0.04 0.47 364.06 4.00 18384 0.00 616.93 635.98
12.02 0.04 0.47 364.18 4.00 18394 0.00 617.34 635.98
12.02 0.04 0.47 364.06 4.00 18404 0.00 616.93 635.99
12.02 0.04 0.47 364.06 4.00 18414 0.00 616.93 635.99
12.02 0.04 0.47 364.18 4.00 18424 0.00 617.34 636.00
12.02 0.04 0.47 364.06 4.00 18434 0.00 616.93 636.00
12.02 0.04 0.47 364.06 4.00 18444 0.00 616.93 636.01
12.02 0.04 0.47 364.06 4.00 18454 0.00 616.93 636.01
12.02 0.04 0.47 363.94 4.00 18464 0.00 616.53 636.02
12.02 0.04 0.47 363.82 4.00 18474 0.00 616.13 636.02
12.02 0.04 0.47 364.06 4.00 18484 0.00 616.93 636.03
12.02 0.04 0.47 364.06 4.00 18494 0.00 616.93 636.03
12.02 0.04 0.47 364.06 4.00 18504 0.00 616.93 636.04
12.02 0.04 0.47 363.94 4.00 18514 0.00 616.53 636.04
12.02 0.04 0.47 363.94 4.00 18524 0.00 616.53 636.04
12.02 0.04 0.47 363.94 4.00 18534 0.00 616.53 636.05
12.02 0.04 0.47 363.82 4.00 18544 0.00 616.13 636.05
12.02 0.04 0.47 363.82 4.00 18554 0.00 616.13 636.06
12.02 0.04 0.47 363.82 4.00 18564 0.00 616.13 636.06
12.02 0.04 0.47 363.82 4.00 18574 0.00 616.13 636.07
12.02 0.04 0.47 363.82 4.00 18584 0.00 616.13 636.07
12.02 0.04 0.47 363.82 4.00 18594 0.00 616.13 636.08
12.02 0.04 0.47 363.70 4.00 18604 0.00 615.72 636.08
12.02 0.04 0.47 363.70 4.00 18614 0.00 615.72 636.09
12.02 0.04 0.47 363.82 4.00 18624 0.00 616.13 636.09
12.02 0.04 0.47 363.70 4.00 18634 0.00 615.72 636.10
12.02 0.04 0.47 363.70 4.00 18644 0.00 615.72 636.10
12.02 0.04 0.47 363.58 4.00 18654 0.00 615.32 636.11
12.02 0.04 0.47 363.58 4.00 18664 0.00 615.32 636.11
12.02 0.04 0.47 363.82 4.00 18674 0.00 616.13 636.12
12.02 0.04 0.47 363.70 4.00 18684 0.00 615.72 636.12
12.02 0.04 0.47 363.70 4.00 18694 0.00 615.72 636.12
12.02 0.04 0.47 363.58 4.00 18704 0.00 615.32 636.13
12.02 0.04 0.47 363.58 4.00 18714 0.00 615.32 636.13
12.02 0.04 0.47 363.58 4.00 18724 0.00 615.32 636.14
12.02 0.04 0.47 363.58 4.00 18734 0.00 615.32 636.14
12.02 0.04 0.47 363.46 4.00 18744 0.00 614.92 636.15
12.02 0.04 0.47 363.46 4.00 18754 0.00 614.92 636.15
12.02 0.04 0.47 363.58 4.00 18764 0.00 615.32 636.16
12.02 0.04 0.47 363.46 4.00 18774 0.00 614.92 636.16
12.02 0.04 0.47 363.58 4.00 18784 0.00 615.32 636.17
12.02 0.04 0.47 363.46 4.00 18794 0.00 614.92 636.17
12.02 0.04 0.47 363.35 4.00 18804 0.00 614.52 636.18
12.02 0.04 0.47 363.46 4.00 18814 0.00 614.92 636.18
12.02 0.04 0.47 363.35 4.00 18824 0.00 614.52 636.19
12.02 0.04 0.47 363.46 4.00 18834 0.00 614.92 636.19
12.02 0.04 0.47 363.46 4.00 18844 0.00 614.92 636.20
12.02 0.04 0.47 363.35 4.00 18854 0.00 614.52 636.20
12.02 0.04 0.47 363.23 4.00 18864 0.00 614.11 636.20
12.02 0.04 0.47 363.11 4.00 18874 0.00 613.71 636.21
12.02 0.04 0.47 363.23 4.00 18884 0.00 614.11 636.21
12.02 0.04 0.47 363.23 4.00 18894 0.00 614.11 636.22
12.02 0.04 0.47 363.23 4.00 18904 0.00 614.11 636.22
12.02 0.04 0.47 363.23 4.00 18914 0.00 614.11 636.23
12.02 0.04 0.47 363.23 4.00 18924 0.00 614.11 636.23
12.02 0.04 0.47 363.23 4.00 18934 0.00 614.11 636.24
12.02 0.04 0.47 363.11 4.00 18944 0.00 613.71 636.24
12.02 0.04 0.47 363.23 4.00 18954 0.00 614.11 636.25
12.02 0.04 0.47 363.23 4.00 18964 0.00 614.11 636.25
12.02 0.04 0.47 363.11 4.00 18974 0.00 613.71 636.26
12.02 0.04 0.47 363.11 4.00 18984 0.00 613.71 636.26
12.02 0.04 0.47 363.23 4.00 18994 0.00 614.11 636.27
12.02 0.04 0.47 363.11 4.00 19004 0.00 613.71 636.27
12.02 0.04 0.45 363.11 4.00 19014 0.00 613.71 636.28
12.02 0.04 0.45 363.11 4.00 19024 0.00 613.71 636.28
12.02 0.04 0.45 363.11 4.00 19034 0.00 613.71 636.28
12.02 0.04 0.45 362.99 4.00 19044 0.00 613.31 636.29
12.02 0.04 0.45 362.99 4.00 19054 0.00 613.31 636.29
12.02 0.04 0.45 362.99 4.00 19064 0.00 613.31 636.30
12.02 0.04 0.45 362.99 4.00 19074 0.00 613.31 636.30
12.02 0.04 0.45 362.99 4.00 19084 0.00 613.31 636.31
12.02 0.04 0.45 362.87 4.00 19094 0.00 612.91 636.31
12.02 0.04 0.45 362.87 4.00 19104 0.00 612.91 636.32
12.02 0.04 0.45 362.99 4.00 19114 0.00 613.31 636.32
12.02 0.04 0.45 362.87 4.00 19124 0.00 612.91 636.32
12.02 0.04 0.45 362.99 4.00 19134 0.00 613.31 636.33
12.02 0.04 0.45 362.75 4.00 19144 0.00 612.51 636.33
12.02 0.04 0.45 362.75 4.00 19154 0.00 612.51 636.34
12.02 0.04 0.45 362.75 4.00 19164 0.00 612.51 636.34
12.02 0.04 0.45 362.87 4.00 19174 0.00 612.91 636.35
12.02 0.04 0.45 362.75 4.00 19184 0.00 612.51 636.35
12.02 0.04 0.45 362.87 4.00 19194 0.00 612.91 636.36
12.02 0.04 0.45 362.75 4.00 19204 0.00 612.51 636.36
12.02 0.04 0.45 362.87 4.00 19214 0.00 612.91 636.37
12.02 0.04 0.45 362.75 4.00 19224 0.00 612.51 636.37
12.02 0.04 0.45 362.87 4.00 19234 0.00 612.91 636.37
12.02 0.04 0.45 362.75 4.00 19244 0.00 612.51 636.38
12.02 0.04 0.45 362.63 4.00 19254 0.00 612.11 636.38
12.02 0.04 0.45 362.63 4.00 19264 0.00 612.11 636.39
12.02 0.04 0.45 362.63 4.00 19274 0.00 612.11 636.39
12.02 0.04 0.45 362.63 4.00 19284 0.00 612.11 636.40
12.02 0.04 0.47 362.63 4.00 19294 0.00 612.11 636.40
12.02 0.04 0.47 362.63 4.00 19304 0.00 612.11 636.41
12.02 0.04 0.47 362.52 4.00 19314 0.00 611.71 636.41
12.02 0.04 0.47 362.63 4.00 19324 0.00 612.11 636.42
12.02 0.04 0.47 362.52 4.00 19334 0.00 611.71 636.42
12.02 0.04 0.47 362.52 4.00 19344 0.00 611.71 636.43
12.02 0.04 0.47 362.52 4.00 19354 0.00 611.71 636.43
12.02 0.04 0.47 362.52 4.00 19364 0.00 611.71 636.43
12.02 0.04 0.47 362.52 4.00 19374 0.00 611.71 636.44
12.02 0.04 0.47 362.52 4.00 19384 0.00 611.71 636.44
12.02 0.04 0.47 362.40 4.00 19394 0.00 611.31 636.45
12.02 0.04 0.47 362.16 4.00 19404 0.00 610.52 636.45
12.02 0.04 0.47 362.28 4.00 19414 0.00 610.91 636.46
12.02 0.04 0.47 362.28 4.00 19424 0.00 610.91 636.46
12.02 0.04 0.47 362.40 4.00 19434 0.00 611.31 636.47
12.02 0.04 0.47 362.40 4.00 19444 0.00 611.31 636.47
12.02 0.04 0.47 362.28 4.00 19454 0.00 610.91 636.48
12.02 0.04 0.47 362.28 4.00 19464 0.00 610.91 636.48
12.02 0.04 0.47 362.28 4.00 19474 0.00 610.91 636.49
12.02 0.04 0.47 362.28 4.00 19484 0.00 610.91 636.49
12.02 0.04 0.47 362.28 4.00 19494 0.00 610.91 636.50
12.02 0.04 0.47 362.28 4.00 19504 0.00 610.91 636.50
12.02 0.04 0.47 362.28 4.00 19514 0.00 610.91 636.51
12.02 0.04 0.47 362.16 4.00 19524 0.00 610.52 636.51
12.02 0.04 0.47 362.16 4.00 19534 0.00 610.52 636.51
12.02 0.04 0.47 362.16 4.00 19544 0.00 610.52 636.52
12.02 0.04 0.47 362.16 4.00 19554 0.00 610.52 636.52
12.02 0.04 0.47 362.04 4.00 19564 0.00 610.12 636.53
12.02 0.04 0.47 362.04 4.00 19574 0.00 610.12 636.53
12.02 0.04 0.47 362.04 4.00 19584 0.00 610.12 636.54
12.02 0.04 0.47 362.04 4.00 19594 0.00 610.12 636.54
12.02 0.04 0.47 362.16 4.00 19604 0.00 610.52 636.55
12.02 0.04 0.47 362.04 4.00 19614 0.00 610.12 636.55
12.02 0.04 0.47 362.04 4.00 19624 0.00 610.12 636.56
12.02 0.04 0.47 362.16 4.00 19634 0.00 610.52 636.56
12.02 0.04 0.47 362.04 4.00 19644 0.00 610.12 636.57
12.02 0.04 0.47 361.93 4.00 19654 0.00 609.72 636.57
12.02 0.04 0.47 362.04 4.00 19664 0.00 610.12 636.58
12.02 0.04 0.47 362.04 4.00 19674 0.00 610.12 636.58
12.02 0.04 0.47 361.93 4.00 19684 0.00 609.72 636.59
12.02 0.04 0.47 361.81 4.00 19694 0.00 609.32 636.59
12.02 0.04 0.47 362.04 4.00 19704 0.00 610.12 636.59
12.02 0.04 0.47 361.93 4.00 19714 0.00 609.72 636.60
12.02 0.04 0.45 361.81 4.00 19724 0.00 609.32 636.60
12.02 0.04 0.45 361.69 4.00 19734 0.00 608.93 636.61
12.02 0.04 0.45 361.81 4.00 19744 0.00 609.32 636.61
12.02 0.04 0.45 361.81 4.00 19754 0.00 609.32 636.62
12.02 0.04 0.45 361.81 4.00 19764 0.00 609.32 636.62
12.02 0.04 0.45 361.81 4.00 19774 0.00 609.32 636.63
12.02 0.04 0.45 361.69 4.00 19784 0.00 608.93 636.63
12.02 0.04 0.45 361.69 4.00 19794 0.00 608.93 636.64
12.02 0.04 0.45 361.81 4.00 19804 0.00 609.32 636.64
12.02 0.04 0.45 361.69 4.00 19814 0.00 608.93 636.65
12.02 0.04 0.45 361.69 4.00 19824 0.00 608.93 636.65
12.02 0.04 0.45 361.69 4.00 19834 0.00 608.93 636.65
12.02 0.04 0.45 361.69 4.00 19844 0.00 608.93 636.66
12.02 0.04 0.45 361.57 4.00 19854 0.00 608.53 636.66
12.02 0.04 0.47 361.57 4.00 19864 0.00 608.53 636.67
12.02 0.04 0.47 361.45 4.00 19874 0.00 608.13 636.67
12.02 0.04 0.47 361.69 4.00 19884 0.00 608.93 636.68
12.02 0.04 0.47 361.69 4.00 19894 0.00 608.93 636.68
12.02 0.04 0.47 361.69 4.00 19904 0.00 608.93 636.69
12.02 0.04 0.47 361.34 4.00 19914 0.00 607.74 636.69
12.02 0.04 0.47 361.57 4.00 19924 0.00 608.53 636.70
12.02 0.04 0.47 361.45 4.00 19934 0.00 608.13 636.70
12.02 0.04 0.47 361.45 4.00 19944 0.00 608.13 636.71
12.02 0.04 0.47 361.45 4.00 19954 0.00 608.13 636.71
12.02 0.04 0.47 361.57 4.00 19964 0.00 608.53 636.71
12.02 0.04 0.47 361.45 4.00 19974 0.00 608.13 636.72
12.02 0.04 0.47 361.45 4.00 19984 0.00 608.13 636.72
12.02 0.04 0.47 361.45 4.00 19994 0.00 608.13 636.73
12.02 0.04 0.45 361.45 4.00 20004 0.00 608.13 636.73
12.02 0.04 0.45 361.34 4.00 20014 0.00 607.74 636.74
12.02 0.04 0.45 361.34 4.00 20024 0.00 607.74 636.74
12.02 0.04 0.45 361.45 4.00 20034 0.00 608.13 636.75
12.02 0.04 0.45 361.34 4.00 20044 0.00 607.74 636.75
12.02 0.04 0.45 361.34 4.00 20054 0.00 607.74 636.76
12.02 0.04 0.45 361.22 4.00 20064 0.00 607.34 636.76
12.02 0.04 0.45 361.34 4.00 20074 0.00 607.74 636.77
12.02 0.04 0.45 361.22 4.00 20084 0.00 607.34 636.77
12.02 0.04 0.45 361.22 4.00 20094 0.00 607.34 636.77
12.02 0.04 0.45 361.22 4.00 20104 0.00 607.34 636.78
12.02 0.04 0.45 361.22 4.00 20114 0.00 607.34 636.78
12.02 0.04 0.45 361.10 4.00 20124 0.00 606.95 636.79
12.02 0.04 0.45 361.22 4.00 20134 0.00 607.34 636.79
12.02 0.04 0.45 361.22 4.00 20144 0.00 607.34 636.80
12.02 0.04 0.47 361.10 4.00 20154 0.00 606.95 636.80
12.02 0.04 0.47 361.10 4.00 20164 0.00 606.95 636.81
12.02 0.04 0.47 360.98 4.00 20174 0.00 606.56 636.81
12.02 0.04 0.47 360.87 4.00 20184 0.00 606.16 636.82
12.02 0.04 0.47 361.10 4.00 20194 0.00 606.95 636.82
12.02 0.04 0.47 360.98 4.00 20204 0.00 606.56 636.83
12.02 0.04 0.47 361.10 4.00 20214 0.00 606.95 636.83
12.02 0.04 0.47 361.10 4.00 20224 0.00 606.95 636.83
12.02 0.04 0.47 360.98 4.00 20234 0.00 606.56 636.84
12.02 0.04 0.47 360.98 4.00 20244 0.00 606.56 636.84
12.02 0.04 0.47 360.98 4.00 20254 0.00 606.56 636.85
12.02 0.04 0.47 360.87 4.00 20264 0.00 606.16 636.85
12.02 0.04 0.47 360.98 4.00 20274 0.00 606.56 636.86
12.02 0.04 0.47 360.87 4.00 20284 0.00 606.16 636.86
12.02 0.04 0.47 360.87 4.00 20294 0.00 606.16 636.87
12.02 0.04 0.47 360.87 4.00 20304 0.00 606.16 636.87
12.02 0.04 0.47 360.87 4.00 20314 0.00 606.16 636.88
12.02 0.04 0.47 360.87 4.00 20324 0.00 606.16 636.88
12.02 0.04 0.47 360.87 4.00 20334 0.00 606.16 636.89
12.02 0.04 0.47 360.87 4.00 20344 0.00 606.16 636.89
12.02 0.04 0.47 360.87 4.00 20354 0.00 606.16 636.90
12.02 0.04 0.47 360.63 4.00 20364 0.00 605.37 636.90
12.02 0.04 0.47 360.87 4.00 20374 0.00 606.16 636.90
12.02 0.04 0.47 360.75 4.00 20384 0.00 605.77 636.91
12.02 0.04 0.47 360.75 4.00 20394 0.00 605.77 636.91
12.02 0.04 0.47 360.63 4.00 20404 0.00 605.37 636.92
12.02 0.04 0.47 360.75 4.00 20414 0.00 605.77 636.92
12.02 0.04 0.47 360.75 4.00 20424 0.00 605.77 636.93
12.02 0.04 0.47 360.63 4.00 20434 0.00 605.37 636.93
12.02 0.04 0.47 360.75 4.00 20444 0.00 605.77 636.94
12.02 0.04 0.47 360.63 4.00 20454 0.00 605.37 636.94
12.02 0.04 0.47 360.63 4.00 20464 0.00 605.37 636.95
12.02 0.04 0.47 360.63 4.00 20474 0.00 605.37 636.95
12.02 0.04 0.47 360.63 4.00 20484 0.00 605.37 636.96
12.02 0.04 0.47 360.63 4.00 20494 0.00 605.37 636.96
12.02 0.04 0.47 360.63 4.00 20504 0.00 605.37 636.97
12.02 0.04 0.47 360.52 4.00 20514 0.00 604.98 636.97
12.02 0.04 0.47 360.63 4.00 20524 0.00 605.37 636.98
12.02 0.04 0.47 360.52 4.00 20534 0.00 604.98 636.98
12.02 0.04 0.47 360.40 4.00 20544 0.00 604.59 636.99
12.02 0.04 0.47 360.52 4.00 20554 0.00 604.98 636.99
12.02 0.04 0.47 360.52 4.00 20564 0.00 604.98 636.99
12.02 0.04 0.45 360.40 4.00 20574 0.00 604.59 637.00
12.02 0.04 0.45 360.40 4.00 20584 0.00 604.59 637.00
12.02 0.04 0.45 360.40 4.00 20594 0.00 604.59 637.01
12.02 0.04 0.45 360.40 4.00 20604 0.00 604.59 637.01
12.02 0.04 0.45 360.40 4.00 20614 0.00 604.59 637.02
12.02 0.04 0.45 360.17 4.00 20624 0.00 603.81 637.02
12.02 0.04 0.45 360.40 4.00 20634 0.00 604.59 637.03
12.02 0.04 0.45 360.40 4.00 20644 0.00 604.59 637.03
12.02 0.04 0.45 360.28 4.00 20654 0.00 604.20 637.04
12.02 0.04 0.45 360.28 4.00 20664 0.00 604.20 637.04
12.02 0.04 0.45 360.28 4.00 20674 0.00 604.20 637.04
12.02 0.04 0.45 360.28 4.00 20684 0.00 604.20 637.05
12.02 0.04 0.45 360.17 4.00 20694 0.00 603.81 637.05
12.02 0.04 0.45 360.28 4.00 20704 0.00 604.20 637.06
12.02 0.04 0.47 360.17 4.00 20714 0.00 603.81 637.06
12.02 0.04 0.47 360.17 4.00 20724 0.00 603.81 637.07
12.02 0.04 0.47 360.17 4.00 20734 0.00 603.81 637.07
12.02 0.04 0.47 360.17 4.00 20744 0.00 603.81 637.08
12.02 0.04 0.47 360.05 4.00 20754 0.00 603.41 637.08
12.02 0.04 0.47 360.17 4.00 20764 0.00 603.81 637.09
12.02 0.04 0.47 360.17 4.00 20774 0.00 603.81 637.09
12.02 0.04 0.47 360.05 4.00 20784 0.00 603.41 637.10
12.02 0.04 0.47 360.17 4.00 20794 0.00 603.81 637.10
12.02 0.04 0.47 360.05 4.00 20804 0.00 603.41 637.10
12.02 0.04 0.47 360.05 4.00 20814 0.00 603.41 637.11
12.02 0.04 0.47 360.05 4.00 20824 0.00 603.41 637.11
12.02 0.04 0.47 360.05 4.00 20834 0.00 603.41 637.12
12.02 0.04 0.47 359.93 4.00 20844 0.00 603.02 637.12
12.02 0.04 0.47 360.05 4.00 20854 0.00 603.41 637.13
12.02 0.04 0.47 359.93 4.00 20864 0.00 603.02 637.13
12.02 0.04 0.47 359.93 4.00 20874 0.00 603.02 637.14
12.02 0.04 0.47 359.93 4.00 20884 0.00 603.02 637.14
12.02 0.04 0.47 360.05 4.00 20894 0.00 603.41 637.15
12.02 0.04 0.47 359.93 4.00 20904 0.00 603.02 637.15
12.02 0.04 0.47 359.82 4.00 20914 0.00 602.63 637.16
12.02 0.04 0.47 359.93 4.00 20924 0.00 603.02 637.16
12.02 0.04 0.47 359.82 4.00 20934 0.00 602.63 637.17
12.02 0.04 0.47 359.82 4.00 20944 0.00 602.63 637.17
12.02 0.04 0.47 359.82 4.00 20954 0.00 602.63 637.18
12.02 0.04 0.47 359.82 4.00 20964 0.00 602.63 637.18
12.02 0.04 0.47 359.70 4.00 20974 0.00 602.24 637.19
12.02 0.04 0.47 359.70 4.00 20984 0.00 602.24 637.19
12.02 0.04 0.47 359.70 4.00 20994 0.00 602.24 637.19
12.02 0.04 0.45 359.70 4.00 21004 0.00 602.24 637.20
12.02 0.04 0.45 359.58 4.00 21014 0.00 601.85 637.20
12.02 0.04 0.45 359.70 4.00 21024 0.00 602.24 637.21
12.02 0.04 0.45 359.70 4.00 21034 0.00 602.24 637.21
12.02 0.04 0.45 359.70 4.00 21044 0.00 602.24 637.22
12.02 0.04 0.45 359.58 4.00 21054 0.00 601.85 637.22
12.02 0.04 0.45 359.70 4.00 21064 0.00 602.24 637.23
