11.90 3.88 46.21 335.58 4.00 1695414 0.00 524.19 4453.23
11.90 3.88 46.21 335.58 4.00 1695424 0.00 524.19 4453.68
11.90 3.88 46.21 335.78 4.00 1695434 0.00 524.82 4454.16
11.90 3.88 46.21 335.89 4.00 1695444 0.00 525.14 4454.62
11.90 3.88 46.21 335.99 4.00 1695454 0.00 525.46 4455.07
11.90 3.88 46.21 335.99 4.00 1695464 0.00 525.46 4455.53
11.90 3.88 46.21 336.19 4.00 1695474 0.00 526.10 4456.01
11.90 3.88 46.21 336.50 4.00 1695484 0.00 527.05 4456.46
11.90 3.88 46.21 336.39 4.00 1695494 0.00 526.73 4456.92
11.90 3.88 46.21 336.60 4.00 1695504 0.00 527.37 4457.40
11.90 3.88 46.21 336.70 4.00 1695514 0.00 527.69 4457.86
11.90 3.88 46.21 336.60 4.00 1695524 0.00 527.37 4458.31
11.90 3.88 46.21 336.90 4.00 1695534 0.00 528.33 4458.76
11.90 3.88 46.21 337.01 4.00 1695544 0.00 528.65 4459.25
11.91 4.14 49.29 337.01 4.00 1695554 0.00 528.65 4459.73
11.91 4.14 49.29 337.31 4.00 1695564 0.00 529.62 4460.21
11.91 4.14 49.29 337.42 4.00 1695574 0.00 529.94 4460.70
11.91 4.14 49.29 337.52 4.00 1695584 0.00 530.26 4461.21
11.91 4.14 49.29 337.42 4.00 1695594 0.00 529.94 4461.70
11.91 4.14 49.29 337.62 4.00 1695604 0.00 530.58 4462.18
11.91 4.14 49.29 337.83 4.00 1695614 0.00 531.23 4462.70
11.91 4.14 49.29 337.93 4.00 1695624 0.00 531.55 4463.18
11.91 4.14 49.29 337.83 4.00 1695634 0.00 531.23 4463.66
11.91 4.14 49.29 338.03 4.00 1695644 0.00 531.87 4464.15
11.91 4.14 49.29 338.24 4.00 1695654 0.00 532.52 4464.66
11.91 4.14 49.29 338.24 4.00 1695664 0.00 532.52 4465.15
11.91 4.14 49.29 338.34 4.00 1695674 0.00 532.85 4465.63
11.91 4.14 49.29 338.55 4.00 1695684 0.00 533.49 4466.12
11.92 3.47 41.38 338.55 4.00 1695694 0.00 533.49 4466.58
11.92 3.47 41.38 338.86 4.00 1695704 0.00 534.47 4466.99
11.92 3.47 41.38 338.86 4.00 1695714 0.00 534.47 4467.39
11.92 3.47 41.38 338.96 4.00 1695724 0.00 534.80 4467.83
11.92 3.47 41.38 339.06 4.00 1695734 0.00 535.12 4468.23
11.92 3.47 41.38 339.37 4.00 1695744 0.00 536.11 4468.64
11.92 3.47 41.38 339.27 4.00 1695754 0.00 535.78 4469.05
11.92 3.47 41.38 339.37 4.00 1695764 0.00 536.11 4469.48
11.92 3.47 41.38 339.48 4.00 1695774 0.00 536.43 4469.89
11.92 3.47 41.38 339.58 4.00 1695784 0.00 536.76 4470.29
11.92 3.47 41.38 339.79 4.00 1695794 0.00 537.42 4470.73
11.92 3.47 41.38 339.69 4.00 1695804 0.00 537.09 4471.13
11.92 3.47 41.38 340.00 4.00 1695814 0.00 538.08 4471.54
11.92 3.47 41.38 340.00 4.00 1695824 0.00 538.08 4471.95
11.91 3.41 40.66 340.10 4.00 1695834 0.00 538.41 4472.38
11.91 3.41 40.66 340.21 4.00 1695844 0.00 538.73 4472.78
11.91 3.41 40.66 340.21 4.00 1695854 0.00 538.73 4473.17
11.91 3.41 40.66 340.62 4.00 1695864 0.00 540.06 4473.57
11.91 3.41 40.66 340.41 4.00 1695874 0.00 539.40 4474.00
11.91 3.41 40.66 340.73 4.00 1695884 0.00 540.39 4474.40
11.91 3.41 40.66 340.73 4.00 1695894 0.00 540.39 4474.80
11.91 3.41 40.66 340.73 4.00 1695904 0.00 540.39 4475.22
11.91 3.41 40.66 340.94 4.00 1695914 0.00 541.05 4475.62
11.91 3.41 40.66 341.04 4.00 1695924 0.00 541.38 4476.02
11.91 3.41 40.66 341.04 4.00 1695934 0.00 541.38 4476.42
11.91 3.41 40.66 341.25 4.00 1695944 0.00 542.05 4476.85
11.91 3.41 40.66 341.36 4.00 1695954 0.00 542.38 4477.25
11.91 3.41 40.66 341.36 4.00 1695964 0.00 542.38 4477.65
11.92 3.52 41.93 341.46 4.00 1695974 0.00 542.72 4478.05
11.92 3.52 41.93 341.57 4.00 1695984 0.00 543.05 4478.49
11.92 3.52 41.93 341.67 4.00 1695994 0.00 543.38 4478.90
11.92 3.52 41.93 341.78 4.00 1696004 0.00 543.72 4479.31
11.92 3.52 41.93 341.99 4.00 1696014 0.00 544.39 4479.75
11.92 3.52 41.93 341.99 4.00 1696024 0.00 544.39 4480.16
11.92 3.52 41.93 341.99 4.00 1696034 0.00 544.39 4480.57
11.92 3.52 41.93 341.99 4.00 1696044 0.00 544.39 4480.99
11.92 3.52 41.93 342.30 4.00 1696054 0.00 545.39 4481.43
11.92 3.52 41.93 342.51 4.00 1696064 0.00 546.07 4481.84
11.92 3.52 41.93 342.41 4.00 1696074 0.00 545.73 4482.25
11.92 3.52 41.93 342.51 4.00 1696084 0.00 546.07 4482.66
11.92 3.52 41.93 342.72 4.00 1696094 0.00 546.74 4483.10
11.92 3.52 41.93 342.83 4.00 1696104 0.00 547.08 4483.51
11.92 3.52 41.93 342.83 4.00 1696114 0.00 547.08 4483.92
11.93 3.07 36.62 342.83 4.00 1696124 0.00 547.08 4484.31
11.93 3.07 36.62 342.94 4.00 1696134 0.00 547.42 4484.67
11.93 3.07 36.62 343.04 4.00 1696144 0.00 547.75 4485.03
11.93 3.07 36.62 343.15 4.00 1696154 0.00 548.09 4485.39
11.93 3.07 36.62 343.25 4.00 1696164 0.00 548.43 4485.77
11.93 3.07 36.62 343.57 4.00 1696174 0.00 549.45 4486.13
11.93 3.07 36.62 343.47 4.00 1696184 0.00 549.11 4486.49
11.93 3.07 36.62 343.57 4.00 1696194 0.00 549.45 4486.87
11.93 3.07 36.62 343.68 4.00 1696204 0.00 549.79 4487.23
11.93 3.07 36.62 343.78 4.00 1696214 0.00 550.13 4487.59
11.93 3.07 36.62 343.78 4.00 1696224 0.00 550.13 4487.95
11.93 3.07 36.62 343.68 4.00 1696234 0.00 549.79 4488.33
11.93 3.07 36.62 344.00 4.00 1696244 0.00 550.81 4488.69
11.93 3.07 36.62 344.10 4.00 1696254 0.00 551.15 4489.05
11.93 3.01 35.88 344.21 4.00 1696264 0.00 551.49 4489.41
11.93 3.01 35.88 344.32 4.00 1696274 0.00 551.84 4489.78
11.93 3.01 35.88 344.32 4.00 1696284 0.00 551.84 4490.14
11.93 3.01 35.88 344.32 4.00 1696294 0.00 551.84 4490.49
11.93 3.01 35.88 344.53 4.00 1696304 0.00 552.52 4490.86
11.93 3.01 35.88 344.53 4.00 1696314 0.00 552.52 4491.21
11.93 3.01 35.88 344.64 4.00 1696324 0.00 552.86 4491.57
11.93 3.01 35.88 344.74 4.00 1696334 0.00 553.21 4491.92
11.93 3.01 35.88 344.74 4.00 1696344 0.00 553.21 4492.29
11.93 3.01 35.88 344.85 4.00 1696354 0.00 553.55 4492.65
11.93 3.01 35.88 345.17 4.00 1696364 0.00 554.58 4493.00
11.93 3.01 35.88 345.17 4.00 1696374 0.00 554.58 4493.38
11.93 3.01 35.88 345.17 4.00 1696384 0.00 554.58 4493.73
11.93 3.01 35.88 345.28 4.00 1696394 0.00 554.93 4494.08
11.92 3.02 36.04 345.28 4.00 1696404 0.00 554.93 4494.43
11.92 3.02 36.04 345.39 4.00 1696414 0.00 555.27 4494.81
11.92 3.02 36.04 345.49 4.00 1696424 0.00 555.62 4495.16
11.92 3.02 36.04 345.49 4.00 1696434 0.00 555.62 4495.52
11.92 3.02 36.04 345.71 4.00 1696444 0.00 556.31 4495.87
11.92 3.02 36.04 345.82 4.00 1696454 0.00 556.66 4496.25
11.92 3.02 36.04 345.82 4.00 1696464 0.00 556.66 4496.60
11.92 3.02 36.04 345.92 4.00 1696474 0.00 557.00 4496.96
11.92 3.02 36.04 345.92 4.00 1696484 0.00 557.00 4497.33
11.92 3.02 36.04 346.14 4.00 1696494 0.00 557.70 4497.69
11.92 3.02 36.04 346.14 4.00 1696504 0.00 557.70 4498.04
11.92 3.02 36.04 346.25 4.00 1696514 0.00 558.04 4498.39
11.92 3.02 36.04 346.46 4.00 1696524 0.00 558.74 4498.77
11.92 3.02 36.04 346.46 4.00 1696534 0.00 558.74 4499.13
11.94 2.76 32.96 346.57 4.00 1696544 0.00 559.09 4499.47
11.94 2.76 32.96 346.57 4.00 1696554 0.00 559.09 4499.81
11.94 2.76 32.96 346.57 4.00 1696564 0.00 559.09 4500.14
11.94 2.76 32.96 347.01 4.00 1696574 0.00 560.49 4500.46
11.94 2.76 32.96 346.79 4.00 1696584 0.00 559.79 4500.78
11.94 2.76 32.96 346.90 4.00 1696594 0.00 560.14 4501.13
11.94 2.76 32.96 347.01 4.00 1696604 0.00 560.49 4501.45
11.94 2.76 32.96 347.01 4.00 1696614 0.00 560.49 4501.78
11.94 2.76 32.96 347.22 4.00 1696624 0.00 561.19 4502.10
11.94 2.76 32.96 347.11 4.00 1696634 0.00 560.84 4502.45
11.94 2.76 32.96 347.33 4.00 1696644 0.00 561.54 4502.77
11.94 2.76 32.96 347.44 4.00 1696654 0.00 561.89 4503.09
11.94 2.76 32.96 347.44 4.00 1696664 0.00 561.89 4503.44
11.94 2.76 32.96 347.55 4.00 1696674 0.00 562.24 4503.76
11.94 2.73 32.64 347.66 4.00 1696684 0.00 562.59 4504.09
11.94 2.73 32.64 347.44 4.00 1696694 0.00 561.89 4504.41
11.94 2.73 32.64 347.87 4.00 1696704 0.00 563.30 4504.75
11.94 2.73 32.64 347.77 4.00 1696714 0.00 562.94 4505.07
11.94 2.73 32.64 347.98 4.00 1696724 0.00 563.65 4505.39
11.94 2.73 32.64 347.87 4.00 1696734 0.00 563.30 4505.71
11.94 2.73 32.64 348.09 4.00 1696744 0.00 564.00 4506.05
11.94 2.73 32.64 347.98 4.00 1696754 0.00 563.65 4506.37
11.94 2.73 32.64 348.20 4.00 1696764 0.00 564.36 4506.69
11.94 2.73 32.64 348.31 4.00 1696774 0.00 564.71 4507.01
11.94 2.73 32.64 348.42 4.00 1696784 0.00 565.07 4507.36
11.94 2.73 32.64 348.31 4.00 1696794 0.00 564.71 4507.68
11.94 2.73 32.64 348.53 4.00 1696804 0.00 565.42 4508.00
11.94 2.73 32.64 348.53 4.00 1696814 0.00 565.42 4508.34
11.94 2.73 32.64 348.53 4.00 1696824 0.00 565.42 4508.66
11.94 2.79 33.30 348.64 4.00 1696834 0.00 565.77 4508.99
11.94 2.79 33.30 348.75 4.00 1696844 0.00 566.13 4509.31
11.94 2.79 33.30 348.75 4.00 1696854 0.00 566.13 4509.66
11.94 2.79 33.30 349.08 4.00 1696864 0.00 567.20 4509.99
11.94 2.79 33.30 348.86 4.00 1696874 0.00 566.49 4510.32
11.94 2.79 33.30 349.08 4.00 1696884 0.00 567.20 4510.64
11.94 2.79 33.30 349.08 4.00 1696894 0.00 567.20 4510.99
11.94 2.79 33.30 349.30 4.00 1696904 0.00 567.91 4511.32
11.94 2.79 33.30 349.30 4.00 1696914 0.00 567.91 4511.65
11.94 2.79 33.30 349.52 4.00 1696924 0.00 568.63 4512.00
11.94 2.79 33.30 349.41 4.00 1696934 0.00 568.27 4512.32
11.94 2.79 33.30 349.41 4.00 1696944 0.00 568.27 4512.65
11.94 2.79 33.30 349.52 4.00 1696954 0.00 568.63 4512.98
11.94 2.79 33.30 349.74 4.00 1696964 0.00 569.34 4513.32
11.94 2.52 30.07 349.74 4.00 1696974 0.00 569.34 4513.63
11.94 2.52 30.07 349.74 4.00 1696984 0.00 569.34 4513.92
11.94 2.52 30.07 349.85 4.00 1696994 0.00 569.70 4514.24
11.94 2.52 30.07 349.85 4.00 1697004 0.00 569.70 4514.53
11.94 2.52 30.07 349.96 4.00 1697014 0.00 570.06 4514.83
11.94 2.52 30.07 350.07 4.00 1697024 0.00 570.42 4515.12
11.94 2.52 30.07 349.96 4.00 1697034 0.00 570.06 4515.44
11.94 2.52 30.07 350.18 4.00 1697044 0.00 570.78 4515.73
11.94 2.52 30.07 350.29 4.00 1697054 0.00 571.14 4516.03
11.94 2.52 30.07 350.40 4.00 1697064 0.00 571.50 4516.34
11.94 2.52 30.07 350.40 4.00 1697074 0.00 571.50 4516.64
11.94 2.52 30.07 350.29 4.00 1697084 0.00 571.14 4516.93
11.94 2.52 30.07 350.51 4.00 1697094 0.00 571.86 4517.23
11.94 2.52 30.07 350.51 4.00 1697104 0.00 571.86 4517.54
11.95 2.39 28.51 350.73 4.00 1697114 0.00 572.58 4517.83
11.95 2.39 28.51 350.84 4.00 1697124 0.00 572.94 4518.11
11.95 2.39 28.51 350.84 4.00 1697134 0.00 572.94 4518.39
11.95 2.39 28.51 350.84 4.00 1697144 0.00 572.94 4518.69
11.95 2.39 28.51 350.95 4.00 1697154 0.00 573.30 4518.97
11.95 2.39 28.51 350.95 4.00 1697164 0.00 573.30 4519.25
11.95 2.39 28.51 351.06 4.00 1697174 0.00 573.67 4519.55
11.95 2.39 28.51 351.06 4.00 1697184 0.00 573.67 4519.83
11.95 2.39 28.51 351.17 4.00 1697194 0.00 574.03 4520.11
11.95 2.39 28.51 351.28 4.00 1697204 0.00 574.39 4520.39
11.95 2.39 28.51 351.40 4.00 1697214 0.00 574.76 4520.69
11.95 2.39 28.51 351.40 4.00 1697224 0.00 574.76 4520.97
11.95 2.39 28.51 351.51 4.00 1697234 0.00 575.12 4521.25
11.95 2.39 28.51 351.51 4.00 1697244 0.00 575.12 4521.53
11.94 2.53 30.25 351.62 4.00 1697254 0.00 575.48 4521.83
11.94 2.53 30.25 351.73 4.00 1697264 0.00 575.85 4522.13
11.94 2.53 30.25 351.51 4.00 1697274 0.00 575.12 4522.43
11.94 2.53 30.25 351.73 4.00 1697284 0.00 575.85 4522.72
11.94 2.53 30.25 351.73 4.00 1697294 0.00 575.85 4523.04
11.94 2.53 30.25 351.95 4.00 1697304 0.00 576.58 4523.34
11.94 2.53 30.25 351.95 4.00 1697314 0.00 576.58 4523.63
11.94 2.53 30.25 352.06 4.00 1697324 0.00 576.94 4523.95
11.94 2.53 30.25 352.06 4.00 1697334 0.00 576.94 4524.25
11.94 2.53 30.25 352.17 4.00 1697344 0.00 577.31 4524.54
11.94 2.53 30.25 352.17 4.00 1697354 0.00 577.31 4524.84
11.94 2.53 30.25 352.29 4.00 1697364 0.00 577.68 4525.16
11.94 2.53 30.25 352.40 4.00 1697374 0.00 578.04 4525.46
11.94 2.53 30.25 352.29 4.00 1697384 0.00 577.68 4525.75
11.95 2.34 27.99 352.40 4.00 1697394 0.00 578.04 4526.07
11.95 2.34 27.99 352.51 4.00 1697404 0.00 578.41 4526.34
11.95 2.34 27.99 352.62 4.00 1697414 0.00 578.78 4526.61
11.95 2.34 27.99 352.73 4.00 1697424 0.00 579.14 4526.89
11.95 2.34 27.99 352.51 4.00 1697434 0.00 578.41 4527.18
11.95 2.34 27.99 352.73 4.00 1697444 0.00 579.14 4527.46
11.95 2.34 27.99 352.85 4.00 1697454 0.00 579.51 4527.73
11.95 2.34 27.99 352.85 4.00 1697464 0.00 579.51 4528.01
11.95 2.34 27.99 352.73 4.00 1697474 0.00 579.14 4528.30
11.95 2.34 27.99 352.96 4.00 1697484 0.00 579.88 4528.58
11.95 2.34 27.99 352.85 4.00 1697494 0.00 579.51 4528.85
11.95 2.34 27.99 353.07 4.00 1697504 0.00 580.25 4529.14
11.95 2.34 27.99 353.07 4.00 1697514 0.00 580.25 4529.42
11.95 2.34 27.99 353.29 4.00 1697524 0.00 580.99 4529.69
11.95 2.34 27.99 353.29 4.00 1697534 0.00 580.99 4529.97
11.96 2.08 24.90 353.18 4.00 1697544 0.00 580.62 4530.23
11.96 2.08 24.90 353.52 4.00 1697554 0.00 581.73 4530.47
11.96 2.08 24.90 353.52 4.00 1697564 0.00 581.73 4530.72
11.96 2.08 24.90 353.41 4.00 1697574 0.00 581.36 4530.96
11.96 2.08 24.90 353.52 4.00 1697584 0.00 581.73 4531.22
11.96 2.08 24.90 353.29 4.00 1697594 0.00 580.99 4531.47
11.96 2.08 24.90 353.63 4.00 1697604 0.00 582.10 4531.71
11.96 2.08 24.90 353.63 4.00 1697614 0.00 582.10 4531.97
11.96 2.08 24.90 353.74 4.00 1697624 0.00 582.47 4532.22
11.96 2.08 24.90 353.86 4.00 1697634 0.00 582.84 4532.46
11.96 2.08 24.90 353.97 4.00 1697644 0.00 583.21 4532.71
11.96 2.08 24.90 353.97 4.00 1697654 0.00 583.21 4532.97
11.96 2.08 24.90 354.20 4.00 1697664 0.00 583.95 4533.21
11.96 2.08 24.90 354.08 4.00 1697674 0.00 583.58 4533.46
11.95 2.27 27.11 354.20 4.00 1697684 0.00 583.95 4533.73
11.95 2.27 27.11 354.20 4.00 1697694 0.00 583.95 4534.00
11.95 2.27 27.11 354.20 4.00 1697704 0.00 583.95 4534.27
11.95 2.27 27.11 354.31 4.00 1697714 0.00 584.33 4534.53
11.95 2.27 27.11 354.42 4.00 1697724 0.00 584.70 4534.82
11.95 2.27 27.11 354.42 4.00 1697734 0.00 584.70 4535.08
11.95 2.27 27.11 354.42 4.00 1697744 0.00 584.70 4535.35
11.95 2.27 27.11 354.53 4.00 1697754 0.00 585.07 4535.63
11.95 2.27 27.11 354.65 4.00 1697764 0.00 585.45 4535.90
11.95 2.27 27.11 354.53 4.00 1697774 0.00 585.07 4536.16
11.95 2.27 27.11 354.65 4.00 1697784 0.00 585.45 4536.43
11.95 2.27 27.11 354.76 4.00 1697794 0.00 585.82 4536.71
11.95 2.27 27.11 354.87 4.00 1697804 0.00 586.19 4536.98
11.95 2.27 27.11 354.87 4.00 1697814 0.00 586.19 4537.25
11.95 2.19 26.20 354.87 4.00 1697824 0.00 586.19 4537.53
11.95 2.19 26.20 354.76 4.00 1697834 0.00 585.82 4537.78
11.95 2.19 26.20 354.99 4.00 1697844 0.00 586.57 4538.04
11.95 2.19 26.20 355.10 4.00 1697854 0.00 586.94 4538.31
11.95 2.19 26.20 354.99 4.00 1697864 0.00 586.57 4538.57
11.95 2.19 26.20 355.10 4.00 1697874 0.00 586.94 4538.82
11.95 2.19 26.20 355.21 4.00 1697884 0.00 587.32 4539.10
11.95 2.19 26.20 355.21 4.00 1697894 0.00 587.32 4539.35
11.95 2.19 26.20 355.21 4.00 1697904 0.00 587.32 4539.61
11.95 2.19 26.20 355.33 4.00 1697914 0.00 587.69 4539.88
11.95 2.19 26.20 355.44 4.00 1697924 0.00 588.07 4540.14
11.95 2.19 26.20 355.44 4.00 1697934 0.00 588.07 4540.39
11.95 2.19 26.20 355.44 4.00 1697944 0.00 588.07 4540.67
11.95 2.19 26.20 355.56 4.00 1697954 0.00 588.45 4540.92
11.96 1.92 22.99 355.56 4.00 1697964 0.00 588.45 4541.17
11.96 1.92 22.99 355.67 4.00 1697974 0.00 588.82 4541.41
11.96 1.92 22.99 355.67 4.00 1697984 0.00 588.82 4541.63
11.96 1.92 22.99 355.90 4.00 1697994 0.00 589.58 4541.86
11.96 1.92 22.99 355.90 4.00 1698004 0.00 589.58 4542.10
11.96 1.92 22.99 355.90 4.00 1698014 0.00 589.58 4542.33
11.96 1.92 22.99 356.01 4.00 1698024 0.00 589.96 4542.55
11.96 1.92 22.99 356.01 4.00 1698034 0.00 589.96 4542.78
11.96 1.92 22.99 356.01 4.00 1698044 0.00 589.96 4543.02
11.96 1.92 22.99 356.13 4.00 1698054 0.00 590.33 4543.24
11.96 1.92 22.99 356.13 4.00 1698064 0.00 590.33 4543.47
11.96 1.92 22.99 356.13 4.00 1698074 0.00 590.33 4543.70
11.96 1.92 22.99 356.24 4.00 1698084 0.00 590.71 4543.94
11.96 1.92 22.99 356.35 4.00 1698094 0.00 591.09 4544.16
11.96 1.96 23.50 356.35 4.00 1698104 0.00 591.09 4544.39
11.96 1.96 23.50 356.35 4.00 1698114 0.00 591.09 4544.63
11.96 1.96 23.50 356.35 4.00 1698124 0.00 591.09 4544.86
11.96 1.96 23.50 356.47 4.00 1698134 0.00 591.47 4545.09
11.96 1.96 23.50 356.47 4.00 1698144 0.00 591.47 4545.34
11.96 1.96 23.50 356.58 4.00 1698154 0.00 591.85 4545.57
11.96 1.96 23.50 356.70 4.00 1698164 0.00 592.23 4545.80
11.96 1.96 23.50 356.58 4.00 1698174 0.00 591.85 4546.04
11.96 1.96 23.50 356.81 4.00 1698184 0.00 592.61 4546.27
11.96 1.96 23.50 356.70 4.00 1698194 0.00 592.23 4546.50
11.96 1.96 23.50 356.81 4.00 1698204 0.00 592.61 4546.75
11.96 1.96 23.50 356.81 4.00 1698214 0.00 592.61 4546.98
11.96 1.96 23.50 356.81 4.00 1698224 0.00 592.61 4547.21
11.96 1.96 23.50 356.93 4.00 1698234 0.00 592.99 4547.45
11.96 1.96 23.50 357.04 4.00 1698244 0.00 593.37 4547.68
11.96 2.04 24.35 357.04 4.00 1698254 0.00 593.37 4547.92
11.96 2.04 24.35 357.04 4.00 1698264 0.00 593.37 4548.18
11.96 2.04 24.35 357.16 4.00 1698274 0.00 593.76 4548.42
11.96 2.04 24.35 357.16 4.00 1698284 0.00 593.76 4548.66
11.96 2.04 24.35 357.27 4.00 1698294 0.00 594.14 4548.89
11.96 2.04 24.35 357.16 4.00 1698304 0.00 593.76 4549.15
11.96 2.04 24.35 357.27 4.00 1698314 0.00 594.14 4549.39
11.96 2.04 24.35 357.39 4.00 1698324 0.00 594.52 4549.63
11.96 2.04 24.35 357.50 4.00 1698334 0.00 594.90 4549.87
11.96 2.04 24.35 357.50 4.00 1698344 0.00 594.90 4550.12
11.96 2.04 24.35 357.62 4.00 1698354 0.00 595.29 4550.36
11.96 2.04 24.35 357.50 4.00 1698364 0.00 594.90 4550.60
11.96 2.04 24.35 357.50 4.00 1698374 0.00 594.90 4550.86
11.96 2.04 24.35 357.62 4.00 1698384 0.00 595.29 4551.09
11.97 1.82 21.73 357.73 4.00 1698394 0.00 595.67 4551.31
11.97 1.82 21.73 357.50 4.00 1698404 0.00 594.90 4551.53
11.97 1.82 21.73 357.73 4.00 1698414 0.00 595.67 4551.75
11.97 1.82 21.73 357.73 4.00 1698424 0.00 595.67 4551.97
11.97 1.82 21.73 357.85 4.00 1698434 0.00 596.05 4552.18
11.97 1.82 21.73 357.85 4.00 1698444 0.00 596.05 4552.41
11.97 1.82 21.73 357.96 4.00 1698454 0.00 596.44 4552.62
11.97 1.82 21.73 358.08 4.00 1698464 0.00 596.82 4552.84
11.97 1.82 21.73 358.08 4.00 1698474 0.00 596.82 4553.05
11.97 1.82 21.73 358.19 4.00 1698484 0.00 597.21 4553.28
11.97 1.82 21.73 358.08 4.00 1698494 0.00 596.82 4553.49
11.97 1.82 21.73 358.08 4.00 1698504 0.00 596.82 4553.70
11.97 1.82 21.73 358.08 4.00 1698514 0.00 596.82 4553.92
11.97 1.82 21.73 358.31 4.00 1698524 0.00 597.59 4554.15
11.97 1.68 20.07 358.31 4.00 1698534 0.00 597.59 4554.35
11.97 1.68 20.07 358.31 4.00 1698544 0.00 597.59 4554.55
11.97 1.68 20.07 358.19 4.00 1698554 0.00 597.21 4554.74
11.97 1.68 20.07 358.42 4.00 1698564 0.00 597.98 4554.95
11.97 1.68 20.07 358.54 4.00 1698574 0.00 598.36 4555.15
11.97 1.68 20.07 358.42 4.00 1698584 0.00 597.98 4555.35
11.97 1.68 20.07 358.54 4.00 1698594 0.00 598.36 4555.56
11.97 1.68 20.07 358.54 4.00 1698604 0.00 598.36 4555.76
11.97 1.68 20.07 358.65 4.00 1698614 0.00 598.75 4555.95
11.97 1.68 20.07 358.65 4.00 1698624 0.00 598.75 4556.15
11.97 1.68 20.07 358.65 4.00 1698634 0.00 598.75 4556.36
11.97 1.68 20.07 358.65 4.00 1698644 0.00 598.75 4556.56
11.97 1.68 20.07 358.77 4.00 1698654 0.00 599.14 4556.75
11.97 1.68 20.07 358.89 4.00 1698664 0.00 599.52 4556.97
11.96 1.88 22.45 358.77 4.00 1698674 0.00 599.14 4557.17
11.96 1.88 22.45 358.77 4.00 1698684 0.00 599.14 4557.39
11.96 1.88 22.45 358.89 4.00 1698694 0.00 599.52 4557.61
11.96 1.88 22.45 359.12 4.00 1698704 0.00 600.30 4557.85
11.96 1.88 22.45 359.12 4.00 1698714 0.00 600.30 4558.07
11.96 1.88 22.45 359.12 4.00 1698724 0.00 600.30 4558.29
11.96 1.88 22.45 359.12 4.00 1698734 0.00 600.30 4558.51
11.96 1.88 22.45 359.12 4.00 1698744 0.00 600.30 4558.74
11.96 1.88 22.45 359.23 4.00 1698754 0.00 600.69 4558.96
11.96 1.88 22.45 359.23 4.00 1698764 0.00 600.69 4559.18
11.96 1.88 22.45 359.23 4.00 1698774 0.00 600.69 4559.42
11.96 1.88 22.45 359.23 4.00 1698784 0.00 600.69 4559.64
11.96 1.88 22.45 359.35 4.00 1698794 0.00 601.08 4559.86
11.96 1.88 22.45 359.35 4.00 1698804 0.00 601.08 4560.08
11.96 1.76 21.07 359.23 4.00 1698814 0.00 600.69 4560.31
11.97 1.76 21.07 359.47 4.00 1698824 0.00 601.46 4560.52
11.97 1.76 21.07 359.47 4.00 1698834 0.00 601.46 4560.73
11.97 1.76 21.07 359.35 4.00 1698844 0.00 601.08 4560.94
11.97 1.76 21.07 359.58 4.00 1698854 0.00 601.85 4561.16
11.97 1.76 21.07 359.47 4.00 1698864 0.00 601.46 4561.36
11.97 1.76 21.07 359.70 4.00 1698874 0.00 602.24 4561.57
11.97 1.76 21.07 359.70 4.00 1698884 0.00 602.24 4561.79
11.97 1.76 21.07 359.70 4.00 1698894 0.00 602.24 4562.00
11.97 1.76 21.07 359.58 4.00 1698904 0.00 601.85 4562.20
11.97 1.76 21.07 359.93 4.00 1698914 0.00 603.02 4562.41
11.97 1.76 21.07 359.82 4.00 1698924 0.00 602.63 4562.63
11.97 1.76 21.07 359.82 4.00 1698934 0.00 602.63 4562.84
11.97 1.76 21.07 359.93 4.00 1698944 0.00 603.02 4563.04
11.97 1.76 21.07 360.05 4.00 1698954 0.00 603.41 4563.27
11.98 1.49 17.89 359.93 4.00 1698964 0.00 603.02 4563.44
11.98 1.49 17.89 360.05 4.00 1698974 0.00 603.41 4563.62
11.98 1.49 17.89 360.17 4.00 1698984 0.00 603.81 4563.79
11.98 1.49 17.89 360.17 4.00 1698994 0.00 603.81 4563.98
11.98 1.49 17.89 360.28 4.00 1699004 0.00 604.20 4564.16
11.98 1.49 17.89 360.05 4.00 1699014 0.00 603.41 4564.33
11.98 1.49 17.89 360.05 4.00 1699024 0.00 603.41 4564.51
11.98 1.49 17.89 360.28 4.00 1699034 0.00 604.20 4564.69
11.98 1.49 17.89 360.28 4.00 1699044 0.00 604.20 4564.87
11.98 1.49 17.89 360.40 4.00 1699054 0.00 604.59 4565.04
11.98 1.49 17.89 360.40 4.00 1699064 0.00 604.59 4565.23
11.98 1.49 17.89 360.40 4.00 1699074 0.00 604.59 4565.41
11.98 1.49 17.89 360.52 4.00 1699084 0.00 604.98 4565.58
11.98 1.49 17.89 360.52 4.00 1699094 0.00 604.98 4565.76
11.97 1.65 19.75 360.52 4.00 1699104 0.00 604.98 4565.96
11.97 1.65 19.75 360.52 4.00 1699114 0.00 604.98 4566.15
11.97 1.65 19.75 360.63 4.00 1699124 0.00 605.37 4566.35
11.97 1.65 19.75 360.63 4.00 1699134 0.00 605.37 4566.54
11.97 1.65 19.75 360.63 4.00 1699144 0.00 605.37 4566.75
11.97 1.65 19.75 0.00 4.00 1699154 0.00 0.00 4566.94
11.97 1.65 19.75 360.75 4.00 1699164 0.00 605.77 4567.14
11.97 1.65 19.75 360.75 4.00 1699174 0.00 605.77 4567.34
11.97 1.65 19.75 360.87 4.00 1699184 0.00 606.16 4567.54
11.97 1.65 19.75 360.87 4.00 1699194 0.00 606.16 4567.73
11.97 1.65 19.75 360.75 4.00 1699204 0.00 605.77 4567.92
11.97 1.65 19.75 360.98 4.00 1699214 0.00 606.56 4568.13
11.97 1.65 19.75 361.10 4.00 1699224 0.00 606.95 4568.33
11.97 1.65 19.75 360.87 4.00 1699234 0.00 606.16 4568.52
11.97 1.68 20.10 361.10 4.00 1699244 0.00 606.95 4568.72
11.97 1.68 20.10 360.98 4.00 1699254 0.00 606.56 4568.93
11.97 1.68 20.10 361.10 4.00 1699264 0.00 606.95 4569.12
11.97 1.68 20.10 361.10 4.00 1699274 0.00 606.95 4569.32
11.97 1.68 20.10 361.22 4.00 1699284 0.00 607.34 4569.53
11.97 1.68 20.10 361.10 4.00 1699294 0.00 606.95 4569.73
11.97 1.68 20.10 361.10 4.00 1699304 0.00 606.95 4569.93
11.97 1.68 20.10 361.22 4.00 1699314 0.00 607.34 4570.12
11.97 1.68 20.10 361.34 4.00 1699324 0.00 607.74 4570.33
11.97 1.68 20.10 361.34 4.00 1699334 0.00 607.74 4570.53
11.97 1.68 20.10 361.45 4.00 1699344 0.00 608.13 4570.73
11.97 1.68 20.10 361.34 4.00 1699354 0.00 607.74 4570.94
11.97 1.68 20.10 361.45 4.00 1699364 0.00 608.13 4571.14
11.97 1.68 20.10 361.34 4.00 1699374 0.00 607.74 4571.33
11.98 1.46 17.49 361.45 4.00 1699384 0.00 608.13 4571.52
11.98 1.46 17.49 361.45 4.00 1699394 0.00 608.13 4571.71
11.98 1.46 17.49 361.57 4.00 1699404 0.00 608.53 4571.88
11.98 1.46 17.49 361.57 4.00 1699414 0.00 608.53 4572.05
11.98 1.46 17.49 361.57 4.00 1699424 0.00 608.53 4572.22
11.98 1.46 17.49 361.69 4.00 1699434 0.00 608.93 4572.41
11.98 1.46 17.49 361.45 4.00 1699444 0.00 608.13 4572.58
11.98 1.46 17.49 361.69 4.00 1699454 0.00 608.93 4572.75
11.98 1.46 17.49 361.69 4.00 1699464 0.00 608.93 4572.93
11.98 1.46 17.49 361.93 4.00 1699474 0.00 609.72 4573.10
11.98 1.46 17.49 361.81 4.00 1699484 0.00 609.32 4573.28
11.98 1.46 17.49 361.93 4.00 1699494 0.00 609.72 4573.45
11.98 1.46 17.49 361.81 4.00 1699504 0.00 609.32 4573.63
11.98 1.46 17.49 361.81 4.00 1699514 0.00 609.32 4573.80
11.98 1.37 16.42 362.04 4.00 1699524 0.00 610.12 4573.97
11.98 1.37 16.42 362.04 4.00 1699534 0.00 610.12 4574.14
11.98 1.37 16.42 361.81 4.00 1699544 0.00 609.32 4574.31
11.98 1.37 16.42 362.16 4.00 1699554 0.00 610.52 4574.47
11.98 1.37 16.42 361.93 4.00 1699564 0.00 609.72 4574.63
11.98 1.37 16.42 362.04 4.00 1699574 0.00 610.12 4574.80
11.98 1.37 16.42 362.16 4.00 1699584 0.00 610.52 4574.96
11.98 1.37 16.42 362.16 4.00 1699594 0.00 610.52 4575.12
11.98 1.37 16.42 362.16 4.00 1699604 0.00 610.52 4575.29
11.98 1.37 16.42 362.28 4.00 1699614 0.00 610.91 4575.46
11.98 1.37 16.42 362.16 4.00 1699624 0.00 610.52 4575.62
11.98 1.37 16.42 362.28 4.00 1699634 0.00 610.91 4575.78
11.98 1.37 16.42 362.28 4.00 1699644 0.00 610.91 4575.94
11.98 1.37 16.42 362.28 4.00 1699654 0.00 610.91 4576.11
11.98 1.37 16.42 362.28 4.00 1699664 0.00 610.91 4576.28
11.97 1.56 18.72 362.40 4.00 1699674 0.00 611.31 4576.46
11.97 1.56 18.72 362.40 4.00 1699684 0.00 611.31 4576.65
11.97 1.56 18.72 362.52 4.00 1699694 0.00 611.71 4576.84
11.97 1.56 18.72 362.40 4.00 1699704 0.00 611.31 4577.02
11.97 1.56 18.72 362.52 4.00 1699714 0.00 611.71 4577.20
11.97 1.56 18.72 362.52 4.00 1699724 0.00 611.71 4577.40
11.97 1.56 18.72 362.63 4.00 1699734 0.00 612.11 4577.58
11.97 1.56 18.72 362.63 4.00 1699744 0.00 612.11 4577.77
11.97 1.56 18.72 362.52 4.00 1699754 0.00 611.71 4577.95
11.97 1.56 18.72 362.63 4.00 1699764 0.00 612.11 4578.15
11.97 1.56 18.72 362.75 4.00 1699774 0.00 612.51 4578.33
11.97 1.56 18.72 362.75 4.00 1699784 0.00 612.51 4578.52
11.97 1.56 18.72 362.75 4.00 1699794 0.00 612.51 4578.71
11.97 1.56 18.72 362.75 4.00 1699804 0.00 612.51 4578.90
11.98 1.48 17.75 362.87 4.00 1699814 0.00 612.91 4579.07
11.98 1.48 17.75 362.87 4.00 1699824 0.00 612.91 4579.25
11.98 1.48 17.75 362.75 4.00 1699834 0.00 612.51 4579.43
11.98 1.48 17.75 362.99 4.00 1699844 0.00 613.31 4579.61
11.98 1.48 17.75 362.99 4.00 1699854 0.00 613.31 4579.78
11.98 1.48 17.75 362.87 4.00 1699864 0.00 612.91 4579.96
11.98 1.48 17.75 362.87 4.00 1699874 0.00 612.91 4580.14
11.98 1.48 17.75 363.11 4.00 1699884 0.00 613.71 4580.32
11.98 1.48 17.75 362.99 4.00 1699894 0.00 613.31 4580.49
11.98 1.48 17.75 363.11 4.00 1699904 0.00 613.71 4580.68
11.98 1.48 17.75 363.11 4.00 1699914 0.00 613.71 4580.85
11.98 1.48 17.75 363.11 4.00 1699924 0.00 613.71 4581.03
11.98 1.48 17.75 363.11 4.00 1699934 0.00 613.71 4581.20
11.98 1.48 17.75 363.23 4.00 1699944 0.00 614.11 4581.39
11.99 1.20 14.39 363.35 4.00 1699954 0.00 614.52 4581.54
11.99 1.20 14.39 363.35 4.00 1699964 0.00 614.52 4581.69
11.99 1.20 14.39 363.23 4.00 1699974 0.00 614.11 4581.83
11.99 1.20 14.39 363.23 4.00 1699984 0.00 614.11 4581.98
11.99 1.20 14.39 363.35 4.00 1699994 0.00 614.52 4582.12
11.99 1.20 14.39 363.35 4.00 1700004 0.00 614.52 4582.26
11.99 1.20 14.39 363.35 4.00 1700014 0.00 614.52 4582.41
11.99 1.20 14.39 363.23 4.00 1700024 0.00 614.11 4582.55
11.99 1.20 14.39 363.46 4.00 1700034 0.00 614.92 4582.69
11.99 1.20 14.39 363.46 4.00 1700044 0.00 614.92 4582.84
11.99 1.20 14.39 363.46 4.00 1700054 0.00 614.92 4582.99
11.99 1.20 14.39 363.46 4.00 1700064 0.00 614.92 4583.13
11.99 1.20 14.39 363.46 4.00 1700074 0.00 614.92 4583.27
11.99 1.20 14.39 363.58 4.00 1700084 0.00 615.32 4583.41
11.98 1.39 16.61 363.58 4.00 1700094 0.00 615.32 4583.57
11.98 1.39 16.61 363.82 4.00 1700104 0.00 616.13 4583.73
11.98 1.39 16.61 363.70 4.00 1700114 0.00 615.72 4583.89
11.98 1.39 16.61 363.70 4.00 1700124 0.00 615.72 4584.07
11.98 1.39 16.61 363.70 4.00 1700134 0.00 615.72 4584.23
11.98 1.39 16.61 363.58 4.00 1700144 0.00 615.32 4584.39
11.98 1.39 16.61 363.70 4.00 1700154 0.00 615.72 4584.56
11.98 1.39 16.61 363.70 4.00 1700164 0.00 615.72 4584.73
11.98 1.39 16.61 363.70 4.00 1700174 0.00 615.72 4584.89
11.98 1.39 16.61 363.70 4.00 1700184 0.00 615.72 4585.06
11.98 1.39 16.61 363.82 4.00 1700194 0.00 616.13 4585.22
11.98 1.39 16.61 363.82 4.00 1700204 0.00 616.13 4585.39
11.98 1.39 16.61 363.70 4.00 1700214 0.00 615.72 4585.56
11.98 1.39 16.61 363.94 4.00 1700224 0.00 616.53 4585.72
11.98 1.42 17.03 363.94 4.00 1700234 0.00 616.53 4585.90
11.98 1.42 17.03 364.06 4.00 1700244 0.00 616.93 4586.06
11.98 1.42 17.03 364.06 4.00 1700254 0.00 616.93 4586.23
11.98 1.42 17.03 364.06 4.00 1700264 0.00 616.93 4586.40
11.98 1.42 17.03 364.06 4.00 1700274 0.00 616.93 4586.58
11.98 1.42 17.03 364.06 4.00 1700284 0.00 616.93 4586.74
11.98 1.42 17.03 364.06 4.00 1700294 0.00 616.93 4586.91
11.98 1.42 17.03 364.06 4.00 1700304 0.00 616.93 4587.08
11.98 1.42 17.03 364.06 4.00 1700314 0.00 616.93 4587.25
11.98 1.42 17.03 364.30 4.00 1700324 0.00 617.74 4587.42
11.98 1.42 17.03 364.18 4.00 1700334 0.00 617.34 4587.59
11.98 1.42 17.03 364.30 4.00 1700344 0.00 617.74 4587.77
11.98 1.42 17.03 364.18 4.00 1700354 0.00 617.34 4587.93
11.98 1.42 17.03 364.30 4.00 1700364 0.00 617.74 4588.10
11.98 1.42 17.03 364.30 4.00 1700374 0.00 617.74 4588.28
11.98 1.22 14.62 364.18 4.00 1700384 0.00 617.34 4588.43
11.98 1.22 14.62 364.42 4.00 1700394 0.00 618.15 4588.57
11.98 1.22 14.62 364.54 4.00 1700404 0.00 618.55 4588.71
11.98 1.22 14.62 364.42 4.00 1700414 0.00 618.15 4588.87
11.98 1.22 14.62 364.42 4.00 1700424 0.00 618.15 4589.01
11.98 1.22 14.62 364.54 4.00 1700434 0.00 618.55 4589.16
11.98 1.22 14.62 364.54 4.00 1700444 0.00 618.55 4589.30
11.98 1.22 14.62 364.42 4.00 1700454 0.00 618.15 4589.45
11.98 1.22 14.62 364.54 4.00 1700464 0.00 618.55 4589.60
11.98 1.22 14.62 364.54 4.00 1700474 0.00 618.55 4589.74
11.98 1.22 14.62 364.66 4.00 1700484 0.00 618.96 4589.89
11.98 1.22 14.62 364.66 4.00 1700494 0.00 618.96 4590.04
11.98 1.22 14.62 364.66 4.00 1700504 0.00 618.96 4590.18
11.98 1.22 14.62 364.66 4.00 1700514 0.00 618.96 4590.32
11.99 1.12 13.46 364.78 4.00 1700524 0.00 619.37 4590.47
11.99 1.12 13.46 364.78 4.00 1700534 0.00 619.37 4590.60
11.99 1.12 13.46 364.90 4.00 1700544 0.00 619.77 4590.73
11.99 1.12 13.46 364.66 4.00 1700554 0.00 618.96 4590.87
11.99 1.12 13.46 364.90 4.00 1700564 0.00 619.77 4591.01
11.99 1.12 13.46 364.78 4.00 1700574 0.00 619.37 4591.14
11.99 1.12 13.46 364.78 4.00 1700584 0.00 619.37 4591.27
11.99 1.12 13.46 364.78 4.00 1700594 0.00 619.37 4591.40
11.99 1.12 13.46 364.78 4.00 1700604 0.00 619.37 4591.54
11.99 1.12 13.46 364.90 4.00 1700614 0.00 619.77 4591.68
11.99 1.12 13.46 364.90 4.00 1700624 0.00 619.77 4591.81
11.99 1.12 13.46 364.90 4.00 1700634 0.00 619.77 4591.95
11.99 1.12 13.46 365.02 4.00 1700644 0.00 620.18 4592.08
11.99 1.12 13.46 365.02 4.00 1700654 0.00 620.18 4592.21
11.98 1.34 16.04 365.02 4.00 1700664 0.00 620.18 4592.36
11.98 1.34 16.04 365.02 4.00 1700674 0.00 620.18 4592.52
11.98 1.34 16.04 365.14 4.00 1700684 0.00 620.59 4592.68
11.98 1.34 16.04 365.02 4.00 1700694 0.00 620.18 4592.84
11.98 1.34 16.04 365.14 4.00 1700704 0.00 620.59 4593.01
11.98 1.34 16.04 365.14 4.00 1700714 0.00 620.59 4593.16
11.98 1.34 16.04 365.14 4.00 1700724 0.00 620.59 4593.32
11.98 1.34 16.04 365.02 4.00 1700734 0.00 620.18 4593.48
11.98 1.34 16.04 365.14 4.00 1700744 0.00 620.59 4593.65
11.98 1.34 16.04 365.26 4.00 1700754 0.00 621.00 4593.80
11.98 1.34 16.04 365.26 4.00 1700764 0.00 621.00 4593.96
11.98 1.34 16.04 365.14 4.00 1700774 0.00 620.59 4594.13
11.98 1.34 16.04 365.26 4.00 1700784 0.00 621.00 4594.29
11.98 1.34 16.04 365.26 4.00 1700794 0.00 621.00 4594.44
11.98 1.29 15.47 365.38 4.00 1700804 0.00 621.40 4594.60
11.98 1.29 15.47 365.26 4.00 1700814 0.00 621.00 4594.76
11.98 1.29 15.47 365.26 4.00 1700824 0.00 621.00 4594.92
11.98 1.29 15.47 365.26 4.00 1700834 0.00 621.00 4595.07
11.98 1.29 15.47 365.50 4.00 1700844 0.00 621.81 4595.23
11.98 1.29 15.47 365.38 4.00 1700854 0.00 621.40 4595.38
11.98 1.29 15.47 365.38 4.00 1700864 0.00 621.40 4595.53
11.98 1.29 15.47 365.50 4.00 1700874 0.00 621.81 4595.68
11.98 1.29 15.47 365.50 4.00 1700884 0.00 621.81 4595.85
11.98 1.29 15.47 365.62 4.00 1700894 0.00 622.22 4596.00
11.98 1.29 15.47 365.62 4.00 1700904 0.00 622.22 4596.15
11.98 1.29 15.47 365.50 4.00 1700914 0.00 621.81 4596.30
11.98 1.29 15.47 365.62 4.00 1700924 0.00 622.22 4596.47
11.98 1.29 15.47 365.62 4.00 1700934 0.00 622.22 4596.62
11.98 1.29 15.47 365.50 4.00 1700944 0.00 621.81 4596.77
11.99 0.98 11.80 365.62 4.00 1700954 0.00 622.22 4596.89
11.99 0.98 11.80 365.50 4.00 1700964 0.00 621.81 4597.01
11.99 0.98 11.80 365.62 4.00 1700974 0.00 622.22 4597.12
11.99 0.98 11.80 365.62 4.00 1700984 0.00 622.22 4597.24
11.99 0.98 11.80 365.74 4.00 1700994 0.00 622.63 4597.36
11.99 0.98 11.80 365.86 4.00 1701004 0.00 623.04 4597.48
11.99 0.98 11.80 365.86 4.00 1701014 0.00 623.04 4597.60
11.99 0.98 11.80 365.74 4.00 1701024 0.00 622.63 4597.71
11.99 0.98 11.80 365.74 4.00 1701034 0.00 622.63 4597.83
11.99 0.98 11.80 365.74 4.00 1701044 0.00 622.63 4597.95
11.99 0.98 11.80 365.86 4.00 1701054 0.00 623.04 4598.07
11.99 0.98 11.80 365.86 4.00 1701064 0.00 623.04 4598.19
11.99 0.98 11.80 365.98 4.00 1701074 0.00 623.45 4598.31
11.99 0.98 11.80 365.98 4.00 1701084 0.00 623.45 4598.42
11.99 1.15 13.80 366.10 4.00 1701094 0.00 623.86 4598.55
11.99 1.15 13.80 365.98 4.00 1701104 0.00 623.45 4598.70
11.99 1.15 13.80 365.98 4.00 1701114 0.00 623.45 4598.83
11.99 1.15 13.80 365.86 4.00 1701124 0.00 623.04 4598.97
11.99 1.15 13.80 365.86 4.00 1701134 0.00 623.04 4599.11
11.99 1.15 13.80 366.10 4.00 1701144 0.00 623.86 4599.25
11.99 1.15 13.80 366.22 4.00 1701154 0.00 624.28 4599.38
11.99 1.15 13.80 365.98 4.00 1701164 0.00 623.45 4599.52
11.99 1.15 13.80 366.10 4.00 1701174 0.00 623.86 4599.66
11.99 1.15 13.80 366.10 4.00 1701184 0.00 623.86 4599.80
11.99 1.15 13.80 366.10 4.00 1701194 0.00 623.86 4599.93
11.99 1.15 13.80 366.22 4.00 1701204 0.00 624.28 4600.08
11.99 1.15 13.80 366.22 4.00 1701214 0.00 624.28 4600.21
11.99 1.15 13.80 365.98 4.00 1701224 0.00 623.45 4600.35
11.98 1.26 15.11 366.22 4.00 1701234 0.00 624.28 4600.49
11.98 1.26 15.11 366.10 4.00 1701244 0.00 623.86 4600.65
11.98 1.26 15.11 366.22 4.00 1701254 0.00 624.28 4600.80
11.98 1.26 15.11 366.22 4.00 1701264 0.00 624.28 4600.95
11.98 1.26 15.11 366.34 4.00 1701274 0.00 624.69 4601.11
11.98 1.26 15.11 366.22 4.00 1701284 0.00 624.28 4601.25
11.98 1.26 15.11 366.34 4.00 1701294 0.00 624.69 4601.40
11.98 1.26 15.11 366.34 4.00 1701304 0.00 624.69 4601.55
11.98 1.26 15.11 366.22 4.00 1701314 0.00 624.28 4601.71
11.98 1.26 15.11 366.46 4.00 1701324 0.00 625.10 4601.86
11.98 1.26 15.11 366.34 4.00 1701334 0.00 624.69 4602.01
11.98 1.26 15.11 366.46 4.00 1701344 0.00 625.10 4602.15
11.98 1.26 15.11 366.34 4.00 1701354 0.00 624.69 4602.31
11.98 1.26 15.11 366.58 4.00 1701364 0.00 625.51 4602.46
11.99 1.07 12.85 366.46 4.00 1701374 0.00 625.10 4602.60
11.99 1.07 12.85 366.34 4.00 1701384 0.00 624.69 4602.74
11.99 1.07 12.85 366.46 4.00 1701394 0.00 625.10 4602.86
11.99 1.07 12.85 366.46 4.00 1701404 0.00 625.10 4602.99
11.99 1.07 12.85 366.46 4.00 1701414 0.00 625.10 4603.11
11.99 1.07 12.85 366.58 4.00 1701424 0.00 625.51 4603.25
11.99 1.07 12.85 366.58 4.00 1701434 0.00 625.51 4603.37
11.99 1.07 12.85 366.58 4.00 1701444 0.00 625.51 4603.50
11.99 1.07 12.85 366.58 4.00 1701454 0.00 625.51 4603.64
11.99 1.07 12.85 366.58 4.00 1701464 0.00 625.51 4603.76
11.99 1.07 12.85 366.70 4.00 1701474 0.00 625.92 4603.89
11.99 1.07 12.85 366.58 4.00 1701484 0.00 625.51 4604.01
11.99 1.07 12.85 366.82 4.00 1701494 0.00 626.34 4604.15
11.99 1.07 12.85 366.70 4.00 1701504 0.00 625.92 4604.27
11.99 0.91 10.94 366.70 4.00 1701514 0.00 625.92 4604.40
12.00 0.91 10.95 366.70 4.00 1701524 0.00 625.92 4604.51
12.00 0.91 10.95 366.70 4.00 1701534 0.00 625.92 4604.62
12.00 0.91 10.95 366.70 4.00 1701544 0.00 625.92 4604.73
12.00 0.91 10.95 366.82 4.00 1701554 0.00 626.34 4604.83
12.00 0.91 10.95 366.82 4.00 1701564 0.00 626.34 4604.95
12.00 0.91 10.95 366.82 4.00 1701574 0.00 626.34 4605.06
12.00 0.91 10.95 366.70 4.00 1701584 0.00 625.92 4605.16
12.00 0.91 10.95 366.70 4.00 1701594 0.00 625.92 4605.28
12.00 0.91 10.95 366.95 4.00 1701604 0.00 626.75 4605.39
12.00 0.91 10.95 366.70 4.00 1701614 0.00 625.92 4605.49
12.00 0.91 10.95 366.82 4.00 1701624 0.00 626.34 4605.60
12.00 0.91 10.95 366.95 4.00 1701634 0.00 626.75 4605.72
12.00 0.91 10.95 366.82 4.00 1701644 0.00 626.34 4605.82
12.00 0.91 10.95 366.95 4.00 1701654 0.00 626.75 4605.93
11.99 1.15 13.82 366.95 4.00 1701664 0.00 626.75 4606.07
11.99 1.15 13.82 367.07 4.00 1701674 0.00 627.17 4606.21
11.99 1.15 13.82 367.07 4.00 1701684 0.00 627.17 4606.35
11.99 1.15 13.82 366.95 4.00 1701694 0.00 626.75 4606.48
11.99 1.15 13.82 367.07 4.00 1701704 0.00 627.17 4606.63
11.99 1.15 13.82 366.95 4.00 1701714 0.00 626.75 4606.76
11.99 1.15 13.82 367.07 4.00 1701724 0.00 627.17 4606.90
11.99 1.15 13.82 367.07 4.00 1701734 0.00 627.17 4607.04
11.99 1.15 13.82 367.07 4.00 1701744 0.00 627.17 4607.18
11.99 1.15 13.82 366.95 4.00 1701754 0.00 626.75 4607.31
11.99 1.15 13.82 367.19 4.00 1701764 0.00 627.58 4607.45
11.99 1.15 13.82 367.07 4.00 1701774 0.00 627.17 4607.59
11.99 1.15 13.82 367.07 4.00 1701784 0.00 627.17 4607.73
11.99 1.15 13.82 367.19 4.00 1701794 0.00 627.58 4607.87
11.99 1.16 13.90 367.19 4.00 1701804 0.00 627.58 4608.01
11.99 1.16 13.90 367.19 4.00 1701814 0.00 627.58 4608.15
11.99 1.16 13.90 367.31 4.00 1701824 0.00 628.00 4608.28
11.99 1.16 13.90 367.19 4.00 1701834 0.00 627.58 4608.42
11.99 1.16 13.90 367.31 4.00 1701844 0.00 628.00 4608.57
11.99 1.16 13.90 367.07 4.00 1701854 0.00 627.17 4608.70
11.99 1.16 13.90 367.31 4.00 1701864 0.00 628.00 4608.84
11.99 1.16 13.90 367.31 4.00 1701874 0.00 628.00 4608.98
11.99 1.16 13.90 367.43 4.00 1701884 0.00 628.41 4609.12
11.99 1.16 13.90 367.19 4.00 1701894 0.00 627.58 4609.26
11.99 1.16 13.90 367.31 4.00 1701904 0.00 628.00 4609.39
11.99 1.16 13.90 367.31 4.00 1701914 0.00 628.00 4609.54
11.99 1.16 13.90 367.43 4.00 1701924 0.00 628.41 4609.67
11.99 1.16 13.90 367.43 4.00 1701934 0.00 628.41 4609.81
11.99 0.88 10.51 367.31 4.00 1701944 0.00 628.00 4609.94
11.99 0.88 10.51 367.43 4.00 1701954 0.00 628.41 4610.04
11.99 0.88 10.51 367.43 4.00 1701964 0.00 628.41 4610.14
11.99 0.88 10.51 367.43 4.00 1701974 0.00 628.41 4610.25
11.99 0.88 10.51 367.43 4.00 1701984 0.00 628.41 4610.36
11.99 0.88 10.51 367.43 4.00 1701994 0.00 628.41 4610.46
11.99 0.88 10.51 367.55 4.00 1702004 0.00 628.83 4610.56
11.99 0.88 10.51 367.55 4.00 1702014 0.00 628.83 4610.67
11.99 0.88 10.51 367.31 4.00 1702024 0.00 628.00 4610.78
11.99 0.88 10.51 367.55 4.00 1702034 0.00 628.83 4610.88
11.99 0.88 10.51 367.67 4.00 1702044 0.00 629.24 4610.98
11.99 0.88 10.51 367.67 4.00 1702054 0.00 629.24 4611.09
11.99 0.88 10.51 367.67 4.00 1702064 0.00 629.24 4611.20
11.99 0.88 10.51 367.31 4.00 1702074 0.00 628.00 4611.30
11.99 0.94 11.27 367.67 4.00 1702084 0.00 629.24 4611.40
11.99 0.94 11.27 367.80 4.00 1702094 0.00 629.66 4611.52
11.99 0.94 11.27 367.67 4.00 1702104 0.00 629.24 4611.63
11.99 0.94 11.27 367.55 4.00 1702114 0.00 628.83 4611.74
11.99 0.94 11.27 367.67 4.00 1702124 0.00 629.24 4611.86
11.99 0.94 11.27 367.67 4.00 1702134 0.00 629.24 4611.97
11.99 0.94 11.27 367.67 4.00 1702144 0.00 629.24 4612.08
11.99 0.94 11.27 367.80 4.00 1702154 0.00 629.66 4612.19
11.99 0.94 11.27 367.92 4.00 1702164 0.00 630.08 4612.31
11.99 0.94 11.27 367.67 4.00 1702174 0.00 629.24 4612.42
11.99 0.94 11.27 367.55 4.00 1702184 0.00 628.83 4612.53
11.99 0.94 11.27 367.80 4.00 1702194 0.00 629.66 4612.65
11.99 0.94 11.27 367.80 4.00 1702204 0.00 629.66 4612.76
11.99 0.94 11.27 367.92 4.00 1702214 0.00 630.08 4612.87
11.99 1.11 13.37 367.80 4.00 1702224 0.00 629.66 4612.98
11.99 1.11 13.36 367.67 4.00 1702234 0.00 629.24 4613.12
11.99 1.11 13.36 367.92 4.00 1702244 0.00 630.08 4613.26
11.99 1.11 13.36 367.92 4.00 1702254 0.00 630.08 4613.39
11.99 1.11 13.36 367.92 4.00 1702264 0.00 630.08 4613.53
11.99 1.11 13.36 368.04 4.00 1702274 0.00 630.49 4613.66
11.99 1.11 13.36 368.04 4.00 1702284 0.00 630.49 4613.79
11.99 1.11 13.36 367.92 4.00 1702294 0.00 630.08 4613.92
11.99 1.11 13.36 368.04 4.00 1702304 0.00 630.49 4614.06
11.99 1.11 13.36 368.04 4.00 1702314 0.00 630.49 4614.19
11.99 1.11 13.36 368.04 4.00 1702324 0.00 630.49 4614.32
11.99 1.11 13.36 367.92 4.00 1702334 0.00 630.08 4614.45
11.99 1.11 13.36 368.04 4.00 1702344 0.00 630.49 4614.59
11.99 1.11 13.36 368.04 4.00 1702354 0.00 630.49 4614.73
11.99 1.11 13.36 368.16 4.00 1702364 0.00 630.91 4614.86
11.99 1.00 11.94 368.04 4.00 1702374 0.00 630.49 4614.98
11.99 1.00 11.94 368.04 4.00 1702384 0.00 630.49 4615.10
11.99 1.00 11.94 368.04 4.00 1702394 0.00 630.49 4615.22
11.99 1.00 11.94 368.04 4.00 1702404 0.00 630.49 4615.33
11.99 1.00 11.94 368.16 4.00 1702414 0.00 630.91 4615.46
11.99 1.00 11.94 368.04 4.00 1702424 0.00 630.49 4615.58
11.99 1.00 11.94 368.04 4.00 1702434 0.00 630.49 4615.69
11.99 1.00 11.94 368.16 4.00 1702444 0.00 630.91 4615.82
11.99 1.00 11.94 368.16 4.00 1702454 0.00 630.91 4615.94
11.99 1.00 11.94 368.28 4.00 1702464 0.00 631.33 4616.05
11.99 1.00 11.94 368.28 4.00 1702474 0.00 631.33 4616.17
11.99 1.00 11.94 368.16 4.00 1702484 0.00 630.91 4616.30
11.99 1.00 11.94 368.16 4.00 1702494 0.00 630.91 4616.41
11.99 1.00 11.94 368.28 4.00 1702504 0.00 631.33 4616.53
12.00 0.76 9.12 368.41 4.00 1702514 0.00 631.75 4616.63
12.00 0.76 9.12 368.28 4.00 1702524 0.00 631.33 4616.72
12.00 0.76 9.12 368.28 4.00 1702534 0.00 631.33 4616.81
12.00 0.76 9.12 368.28 4.00 1702544 0.00 631.33 4616.91
12.00 0.76 9.12 368.28 4.00 1702554 0.00 631.33 4617.00
12.00 0.76 9.12 368.28 4.00 1702564 0.00 631.33 4617.08
12.00 0.76 9.12 368.41 4.00 1702574 0.00 631.75 4617.18
12.00 0.76 9.12 368.28 4.00 1702584 0.00 631.33 4617.27
12.00 0.76 9.12 368.41 4.00 1702594 0.00 631.75 4617.36
12.00 0.76 9.12 368.41 4.00 1702604 0.00 631.75 4617.45
12.00 0.76 9.12 368.41 4.00 1702614 0.00 631.75 4617.54
12.00 0.76 9.12 368.53 4.00 1702624 0.00 632.17 4617.64
12.00 0.76 9.12 368.41 4.00 1702634 0.00 631.75 4617.73
12.00 0.76 9.12 368.41 4.00 1702644 0.00 631.75 4617.81
11.99 1.00 12.03 368.53 4.00 1702654 0.00 632.17 4617.92
11.99 1.00 12.03 368.53 4.00 1702664 0.00 632.17 4618.04
11.99 1.00 12.03 368.41 4.00 1702674 0.00 631.75 4618.17
11.99 1.00 12.03 368.53 4.00 1702684 0.00 632.17 4618.28
11.99 1.00 12.03 368.53 4.00 1702694 0.00 632.17 4618.40
11.99 1.00 12.03 368.53 4.00 1702704 0.00 632.17 4618.53
11.99 1.00 12.03 368.28 4.00 1702714 0.00 631.33 4618.64
11.99 1.00 12.03 368.65 4.00 1702724 0.00 632.59 4618.76
11.99 1.00 12.03 368.53 4.00 1702734 0.00 632.17 4618.89
11.99 1.00 12.03 368.65 4.00 1702744 0.00 632.59 4619.01
11.99 1.00 12.03 368.53 4.00 1702754 0.00 632.17 4619.13
11.99 1.00 12.03 368.41 4.00 1702764 0.00 631.75 4619.25
11.99 1.00 12.03 368.53 4.00 1702774 0.00 632.17 4619.36
11.99 1.00 12.03 368.65 4.00 1702784 0.00 632.59 4619.49
11.99 1.03 12.39 368.65 4.00 1702794 0.00 632.59 4619.61
11.99 1.03 12.39 368.65 4.00 1702804 0.00 632.59 4619.73
11.99 1.03 12.39 368.53 4.00 1702814 0.00 632.17 4619.86
11.99 1.03 12.39 368.65 4.00 1702824 0.00 632.59 4619.98
11.99 1.03 12.39 368.65 4.00 1702834 0.00 632.59 4620.10
11.99 1.03 12.39 368.65 4.00 1702844 0.00 632.59 4620.23
11.99 1.03 12.39 368.65 4.00 1702854 0.00 632.59 4620.36
11.99 1.03 12.39 368.77 4.00 1702864 0.00 633.01 4620.48
11.99 1.03 12.39 368.53 4.00 1702874 0.00 632.17 4620.60
11.99 1.03 12.39 368.77 4.00 1702884 0.00 633.01 4620.72
11.99 1.03 12.39 368.65 4.00 1702894 0.00 632.59 4620.85
11.99 1.03 12.39 368.77 4.00 1702904 0.00 633.01 4620.97
11.99 1.03 12.39 368.77 4.00 1702914 0.00 633.01 4621.09
11.99 1.03 12.39 368.77 4.00 1702924 0.00 633.01 4621.22
11.99 0.85 10.14 368.77 4.00 1702934 0.00 633.01 4621.34
12.00 0.85 10.15 368.77 4.00 1702944 0.00 633.01 4621.44
12.00 0.85 10.15 368.77 4.00 1702954 0.00 633.01 4621.54
12.00 0.85 10.15 368.77 4.00 1702964 0.00 633.01 4621.65
12.00 0.85 10.15 368.77 4.00 1702974 0.00 633.01 4621.75
12.00 0.85 10.15 368.77 4.00 1702984 0.00 633.01 4621.85
12.00 0.85 10.15 368.89 4.00 1702994 0.00 633.43 4621.95
12.00 0.85 10.15 368.89 4.00 1703004 0.00 633.43 4622.05
12.00 0.85 10.15 368.89 4.00 1703014 0.00 633.43 4622.15
12.00 0.85 10.15 368.89 4.00 1703024 0.00 633.43 4622.25
12.00 0.85 10.15 369.02 4.00 1703034 0.00 633.85 4622.36
12.00 0.85 10.15 368.89 4.00 1703044 0.00 633.43 4622.46
12.00 0.85 10.15 368.77 4.00 1703054 0.00 633.01 4622.56
12.00 0.85 10.15 369.02 4.00 1703064 0.00 633.85 4622.66
12.00 0.85 10.15 369.02 4.00 1703074 0.00 633.85 4622.76
12.00 0.75 8.98 368.89 4.00 1703084 0.00 633.43 4622.85
12.00 0.75 8.98 368.89 4.00 1703094 0.00 633.43 4622.94
12.00 0.75 8.98 368.77 4.00 1703104 0.00 633.01 4623.04
12.00 0.75 8.98 369.02 4.00 1703114 0.00 633.85 4623.12
12.00 0.75 8.98 368.89 4.00 1703124 0.00 633.43 4623.21
12.00 0.75 8.98 369.02 4.00 1703134 0.00 633.85 4623.31
12.00 0.75 8.98 369.02 4.00 1703144 0.00 633.85 4623.39
12.00 0.75 8.98 369.02 4.00 1703154 0.00 633.85 4623.48
12.00 0.75 8.98 369.02 4.00 1703164 0.00 633.85 4623.58
12.00 0.75 8.98 369.02 4.00 1703174 0.00 633.85 4623.66
12.00 0.75 8.98 369.02 4.00 1703184 0.00 633.85 4623.75
12.00 0.75 8.98 369.02 4.00 1703194 0.00 633.85 4623.84
12.00 0.75 8.98 369.14 4.00 1703204 0.00 634.27 4623.93
12.00 0.75 8.98 369.02 4.00 1703214 0.00 633.85 4624.02
11.99 0.98 11.78 369.14 4.00 1703224 0.00 634.27 4624.13
11.99 0.98 11.78 369.14 4.00 1703234 0.00 634.27 4624.25
11.99 0.98 11.78 369.14 4.00 1703244 0.00 634.27 4624.37
11.99 0.98 11.78 369.14 4.00 1703254 0.00 634.27 4624.48
11.99 0.98 11.78 369.14 4.00 1703264 0.00 634.27 4624.60
11.99 0.98 11.78 369.02 4.00 1703274 0.00 633.85 4624.72
11.99 0.98 11.78 369.14 4.00 1703284 0.00 634.27 4624.84
11.99 0.98 11.78 369.14 4.00 1703294 0.00 634.27 4624.95
11.99 0.98 11.78 369.26 4.00 1703304 0.00 634.69 4625.07
11.99 0.98 11.78 369.14 4.00 1703314 0.00 634.27 4625.19
11.99 0.98 11.78 369.14 4.00 1703324 0.00 634.27 4625.31
11.99 0.98 11.78 369.26 4.00 1703334 0.00 634.69 4625.42
11.99 0.98 11.78 369.39 4.00 1703344 0.00 635.11 4625.55
11.99 0.98 11.78 369.26 4.00 1703354 0.00 634.69 4625.66
11.99 0.95 11.38 369.26 4.00 1703364 0.00 634.69 4625.78
11.99 0.95 11.38 369.26 4.00 1703374 0.00 634.69 4625.89
11.99 0.95 11.38 369.14 4.00 1703384 0.00 634.27 4626.01
11.99 0.95 11.38 369.39 4.00 1703394 0.00 635.11 4626.12
11.99 0.95 11.38 369.26 4.00 1703404 0.00 634.69 4626.23
11.99 0.95 11.38 369.26 4.00 1703414 0.00 634.69 4626.35
11.99 0.95 11.38 369.26 4.00 1703424 0.00 634.69 4626.46
11.99 0.95 11.38 369.26 4.00 1703434 0.00 634.69 4626.57
11.99 0.95 11.38 369.39 4.00 1703444 0.00 635.11 4626.69
11.99 0.95 11.38 369.39 4.00 1703454 0.00 635.11 4626.81
11.99 0.95 11.38 369.39 4.00 1703464 0.00 635.11 4626.92
11.99 0.95 11.38 369.26 4.00 1703474 0.00 634.69 4627.03
11.99 0.95 11.38 369.39 4.00 1703484 0.00 635.11 4627.15
11.99 0.95 11.38 369.39 4.00 1703494 0.00 635.11 4627.26
12.00 0.72 8.64 369.14 4.00 1703504 0.00 634.27 4627.36
12.00 0.72 8.64 369.39 4.00 1703514 0.00 635.11 4627.45
12.00 0.72 8.64 369.39 4.00 1703524 0.00 635.11 4627.54
12.00 0.72 8.64 369.39 4.00 1703534 0.00 635.11 4627.62
12.00 0.72 8.64 369.39 4.00 1703544 0.00 635.11 4627.71
12.00 0.72 8.64 369.51 4.00 1703554 0.00 635.54 4627.80
12.00 0.72 8.64 369.51 4.00 1703564 0.00 635.54 4627.88
12.00 0.72 8.64 369.51 4.00 1703574 0.00 635.54 4627.97
12.00 0.72 8.64 369.51 4.00 1703584 0.00 635.54 4628.05
12.00 0.72 8.64 369.39 4.00 1703594 0.00 635.11 4628.14
12.00 0.72 8.64 369.51 4.00 1703604 0.00 635.54 4628.23
12.00 0.72 8.64 369.39 4.00 1703614 0.00 635.11 4628.31
12.00 0.72 8.64 369.39 4.00 1703624 0.00 635.11 4628.40
12.00 0.72 8.64 369.63 4.00 1703634 0.00 635.96 4628.49
12.00 0.79 9.50 369.51 4.00 1703644 0.00 635.54 4628.58
12.00 0.79 9.50 369.51 4.00 1703654 0.00 635.54 4628.67
12.00 0.79 9.50 369.63 4.00 1703664 0.00 635.96 4628.76
12.00 0.79 9.50 369.51 4.00 1703674 0.00 635.54 4628.86
12.00 0.79 9.50 369.39 4.00 1703684 0.00 635.11 4628.96
12.00 0.79 9.50 369.63 4.00 1703694 0.00 635.96 4629.05
12.00 0.79 9.50 369.63 4.00 1703704 0.00 635.96 4629.14
12.00 0.79 9.50 369.63 4.00 1703714 0.00 635.96 4629.24
12.00 0.79 9.50 369.63 4.00 1703724 0.00 635.96 4629.34
12.00 0.79 9.50 369.63 4.00 1703734 0.00 635.96 4629.43
12.00 0.79 9.50 369.75 4.00 1703744 0.00 636.38 4629.53
12.00 0.79 9.50 369.75 4.00 1703754 0.00 636.38 4629.62
12.00 0.79 9.50 369.51 4.00 1703764 0.00 635.54 4629.71
12.00 0.79 9.50 369.63 4.00 1703774 0.00 635.96 4629.81
12.00 0.79 9.50 369.75 4.00 1703784 0.00 636.38 4629.91
11.99 0.95 11.35 369.63 4.00 1703794 0.00 635.96 4630.02
11.99 0.95 11.35 369.63 4.00 1703804 0.00 635.96 4630.13
11.99 0.95 11.35 369.63 4.00 1703814 0.00 635.96 4630.24
11.99 0.95 11.35 369.63 4.00 1703824 0.00 635.96 4630.36
11.99 0.95 11.35 369.75 4.00 1703834 0.00 636.38 4630.47
11.99 0.95 11.35 369.75 4.00 1703844 0.00 636.38 4630.58
11.99 0.95 11.35 369.75 4.00 1703854 0.00 636.38 4630.70
11.99 0.95 11.35 369.75 4.00 1703864 0.00 636.38 4630.81
11.99 0.95 11.35 369.75 4.00 1703874 0.00 636.38 4630.92
11.99 0.95 11.35 369.75 4.00 1703884 0.00 636.38 4631.03
11.99 0.95 11.35 369.75 4.00 1703894 0.00 636.38 4631.15
11.99 0.95 11.35 369.75 4.00 1703904 0.00 636.38 4631.26
11.99 0.95 11.35 369.75 4.00 1703914 0.00 636.38 4631.37
11.99 0.95 11.35 369.63 4.00 1703924 0.00 635.96 4631.49
11.99 0.86 10.34 369.75 4.00 1703934 0.00 636.38 4631.60
11.99 0.86 10.34 369.88 4.00 1703944 0.00 636.81 4631.70
11.99 0.86 10.34 369.88 4.00 1703954 0.00 636.81 4631.81
11.99 0.86 10.34 369.88 4.00 1703964 0.00 636.81 4631.91
11.99 0.86 10.34 369.88 4.00 1703974 0.00 636.81 4632.01
11.99 0.86 10.34 369.88 4.00 1703984 0.00 636.81 4632.12
11.99 0.86 10.34 369.88 4.00 1703994 0.00 636.81 4632.22
11.99 0.86 10.34 369.88 4.00 1704004 0.00 636.81 4632.32
11.99 0.86 10.34 369.88 4.00 1704014 0.00 636.81 4632.42
11.99 0.86 10.34 369.88 4.00 1704024 0.00 636.81 4632.53
11.99 0.86 10.34 369.88 4.00 1704034 0.00 636.81 4632.63
11.99 0.86 10.34 369.88 4.00 1704044 0.00 636.81 4632.73
11.99 0.86 10.34 369.88 4.00 1704054 0.00 636.81 4632.84
11.99 0.86 10.34 369.88 4.00 1704064 0.00 636.81 4632.94
12.00 0.64 7.69 369.88 4.00 1704074 0.00 636.81 4633.03
12.00 0.64 7.69 369.75 4.00 1704084 0.00 636.38 4633.11
12.00 0.64 7.69 369.88 4.00 1704094 0.00 636.81 4633.19
12.00 0.64 7.69 369.88 4.00 1704104 0.00 636.81 4633.26
12.00 0.64 7.69 369.88 4.00 1704114 0.00 636.81 4633.34
12.00 0.64 7.69 369.88 4.00 1704124 0.00 636.81 4633.42
12.00 0.64 7.69 369.88 4.00 1704134 0.00 636.81 4633.49
12.00 0.64 7.69 369.88 4.00 1704144 0.00 636.81 4633.57
12.00 0.64 7.69 370.00 4.00 1704154 0.00 637.23 4633.65
12.00 0.64 7.69 369.88 4.00 1704164 0.00 636.81 4633.73
12.00 0.64 7.69 370.00 4.00 1704174 0.00 637.23 4633.80
12.00 0.64 7.69 370.00 4.00 1704184 0.00 637.23 4633.88
12.00 0.64 7.69 370.12 4.00 1704194 0.00 637.66 4633.96
12.00 0.64 7.69 370.00 4.00 1704204 0.00 637.23 4634.03
12.00 0.83 9.90 370.12 4.00 1704214 0.00 637.66 4634.12
12.00 0.83 9.90 370.00 4.00 1704224 0.00 637.23 4634.22
12.00 0.83 9.90 370.00 4.00 1704234 0.00 637.23 4634.31
12.00 0.83 9.90 370.12 4.00 1704244 0.00 637.66 4634.42
12.00 0.83 9.90 370.00 4.00 1704254 0.00 637.23 4634.51
12.00 0.83 9.90 370.12 4.00 1704264 0.00 637.66 4634.61
12.00 0.83 9.90 370.00 4.00 1704274 0.00 637.23 4634.71
12.00 0.83 9.90 370.00 4.00 1704284 0.00 637.23 4634.81
12.00 0.83 9.90 370.00 4.00 1704294 0.00 637.23 4634.91
12.00 0.83 9.90 370.00 4.00 1704304 0.00 637.23 4635.01
12.00 0.83 9.90 370.00 4.00 1704314 0.00 637.23 4635.11
12.00 0.83 9.90 370.12 4.00 1704324 0.00 637.66 4635.21
12.00 0.83 9.90 370.00 4.00 1704334 0.00 637.23 4635.30
12.00 0.83 9.90 370.25 4.00 1704344 0.00 638.08 4635.41
12.00 0.83 9.90 370.12 4.00 1704354 0.00 637.66 4635.50
11.99 0.90 10.81 370.25 4.00 1704364 0.00 638.08 4635.61
11.99 0.90 10.81 370.25 4.00 1704374 0.00 638.08 4635.72
11.99 0.90 10.81 370.12 4.00 1704384 0.00 637.66 4635.83
11.99 0.90 10.81 370.12 4.00 1704394 0.00 637.66 4635.93
11.99 0.90 10.81 370.25 4.00 1704404 0.00 638.08 4636.04
11.99 0.90 10.81 370.12 4.00 1704414 0.00 637.66 4636.15
11.99 0.90 10.81 370.12 4.00 1704424 0.00 637.66 4636.26
11.99 0.90 10.81 370.25 4.00 1704434 0.00 638.08 4636.37
11.99 0.90 10.81 370.25 4.00 1704444 0.00 638.08 4636.47
11.99 0.90 10.81 370.37 4.00 1704454 0.00 638.51 4636.59
11.99 0.90 10.81 370.25 4.00 1704464 0.00 638.08 4636.69
11.99 0.90 10.81 370.25 4.00 1704474 0.00 638.08 4636.80
11.99 0.90 10.81 370.25 4.00 1704484 0.00 638.08 4636.91
11.99 0.90 10.81 370.25 4.00 1704494 0.00 638.08 4637.02
12.00 0.78 9.33 370.12 4.00 1704504 0.00 637.66 4637.11
12.00 0.78 9.33 370.25 4.00 1704514 0.00 638.08 4637.21
12.00 0.78 9.33 370.25 4.00 1704524 0.00 638.08 4637.30
12.00 0.78 9.33 370.25 4.00 1704534 0.00 638.08 4637.39
12.00 0.78 9.33 370.37 4.00 1704544 0.00 638.51 4637.48
12.00 0.78 9.33 370.12 4.00 1704554 0.00 637.66 4637.58
12.00 0.78 9.33 370.25 4.00 1704564 0.00 638.08 4637.67
12.00 0.78 9.33 370.37 4.00 1704574 0.00 638.51 4637.76
12.00 0.78 9.33 370.25 4.00 1704584 0.00 638.08 4637.86
12.00 0.78 9.33 370.25 4.00 1704594 0.00 638.08 4637.95
12.00 0.78 9.33 370.25 4.00 1704604 0.00 638.08 4638.04
12.00 0.78 9.33 370.49 4.00 1704614 0.00 638.93 4638.14
12.00 0.78 9.33 370.37 4.00 1704624 0.00 638.51 4638.23
12.00 0.78 9.33 370.37 4.00 1704634 0.00 638.51 4638.32
12.01 0.60 7.19 370.49 4.00 1704644 0.00 638.93 4638.40
12.01 0.60 7.19 370.37 4.00 1704654 0.00 638.51 4638.48
12.01 0.60 7.19 370.37 4.00 1704664 0.00 638.51 4638.55
12.01 0.60 7.19 370.25 4.00 1704674 0.00 638.08 4638.62
12.01 0.60 7.19 370.37 4.00 1704684 0.00 638.51 4638.70
12.01 0.60 7.19 370.37 4.00 1704694 0.00 638.51 4638.77
12.01 0.60 7.19 370.25 4.00 1704704 0.00 638.08 4638.84
12.01 0.60 7.19 370.37 4.00 1704714 0.00 638.51 4638.91
12.01 0.60 7.19 370.37 4.00 1704724 0.00 638.51 4638.98
12.01 0.60 7.19 370.37 4.00 1704734 0.00 638.51 4639.05
12.01 0.60 7.19 370.49 4.00 1704744 0.00 638.93 4639.12
12.01 0.60 7.19 370.49 4.00 1704754 0.00 638.93 4639.20
12.01 0.60 7.19 370.37 4.00 1704764 0.00 638.51 4639.27
12.01 0.60 7.19 370.49 4.00 1704774 0.00 638.93 4639.34
12.00 0.84 10.13 370.49 4.00 1704784 0.00 638.93 4639.43
12.00 0.84 10.13 370.62 4.00 1704794 0.00 639.36 4639.53
12.00 0.84 10.13 370.37 4.00 1704804 0.00 638.51 4639.62
12.00 0.84 10.13 370.49 4.00 1704814 0.00 638.93 4639.72
12.00 0.84 10.13 370.37 4.00 1704824 0.00 638.51 4639.83
12.00 0.84 10.13 370.49 4.00 1704834 0.00 638.93 4639.93
12.00 0.84 10.13 370.49 4.00 1704844 0.00 638.93 4640.03
12.00 0.84 10.13 370.49 4.00 1704854 0.00 638.93 4640.13
12.00 0.84 10.13 370.49 4.00 1704864 0.00 638.93 4640.23
12.00 0.84 10.13 370.49 4.00 1704874 0.00 638.93 4640.33
12.00 0.84 10.13 370.49 4.00 1704884 0.00 638.93 4640.43
12.00 0.84 10.13 370.37 4.00 1704894 0.00 638.51 4640.54
12.00 0.84 10.13 370.37 4.00 1704904 0.00 638.51 4640.64
12.00 0.84 10.13 370.62 4.00 1704914 0.00 639.36 4640.74
11.99 0.87 10.39 370.49 4.00 1704924 0.00 638.93 4640.84
11.99 0.87 10.39 370.49 4.00 1704934 0.00 638.93 4640.95
11.99 0.87 10.39 370.49 4.00 1704944 0.00 638.93 4641.05
11.99 0.87 10.39 370.74 4.00 1704954 0.00 639.78 4641.15
11.99 0.87 10.39 370.62 4.00 1704964 0.00 639.36 4641.26
11.99 0.87 10.39 370.49 4.00 1704974 0.00 638.93 4641.36
11.99 0.87 10.39 370.62 4.00 1704984 0.00 639.36 4641.46
11.99 0.87 10.39 370.49 4.00 1704994 0.00 638.93 4641.57
11.99 0.87 10.39 370.62 4.00 1705004 0.00 639.36 4641.67
11.99 0.87 10.39 370.62 4.00 1705014 0.00 639.36 4641.78
11.99 0.87 10.39 370.62 4.00 1705024 0.00 639.36 4641.88
11.99 0.87 10.39 370.62 4.00 1705034 0.00 639.36 4641.99
11.99 0.87 10.39 370.62 4.00 1705044 0.00 639.36 4642.09
11.99 0.87 10.39 370.74 4.00 1705054 0.00 639.78 4642.19
11.99 0.87 10.39 370.62 4.00 1705064 0.00 639.36 4642.29
12.00 0.64 7.71 370.49 4.00 1705074 0.00 638.93 4642.37
12.00 0.64 7.71 370.62 4.00 1705084 0.00 639.36 4642.45
12.00 0.64 7.71 370.62 4.00 1705094 0.00 639.36 4642.53
12.00 0.64 7.71 370.74 4.00 1705104 0.00 639.78 4642.61
12.00 0.64 7.71 370.49 4.00 1705114 0.00 638.93 4642.68
12.00 0.64 7.71 370.62 4.00 1705124 0.00 639.36 4642.76
12.00 0.64 7.71 370.74 4.00 1705134 0.00 639.78 4642.83
12.00 0.64 7.71 370.86 4.00 1705144 0.00 640.21 4642.91
12.00 0.64 7.71 370.62 4.00 1705154 0.00 639.36 4642.99
12.00 0.64 7.71 370.99 4.00 1705164 0.00 640.64 4643.07
12.00 0.64 7.71 370.74 4.00 1705174 0.00 639.78 4643.15
12.00 0.64 7.71 370.74 4.00 1705184 0.00 639.78 4643.22
12.00 0.64 7.71 370.62 4.00 1705194 0.00 639.36 4643.30
12.00 0.64 7.71 370.86 4.00 1705204 0.00 640.21 4643.37
12.00 0.63 7.61 370.74 4.00 1705214 0.00 639.78 4643.45
12.00 0.63 7.61 370.74 4.00 1705224 0.00 639.78 4643.53
12.00 0.63 7.61 370.74 4.00 1705234 0.00 639.78 4643.60
12.00 0.63 7.61 370.62 4.00 1705244 0.00 639.36 4643.68
12.00 0.63 7.61 370.86 4.00 1705254 0.00 640.21 4643.76
12.00 0.63 7.61 370.74 4.00 1705264 0.00 639.78 4643.83
12.00 0.63 7.61 370.74 4.00 1705274 0.00 639.78 4643.91
12.00 0.63 7.61 370.86 4.00 1705284 0.00 640.21 4643.99
12.00 0.63 7.61 370.74 4.00 1705294 0.00 639.78 4644.06
12.00 0.63 7.61 370.74 4.00 1705304 0.00 639.78 4644.13
12.00 0.63 7.61 370.74 4.00 1705314 0.00 639.78 4644.21
12.00 0.63 7.61 370.62 4.00 1705324 0.00 639.36 4644.29
12.00 0.63 7.61 370.86 4.00 1705334 0.00 640.21 4644.36
12.00 0.63 7.61 370.86 4.00 1705344 0.00 640.21 4644.44
12.00 0.85 10.24 370.99 4.00 1705354 0.00 640.64 4644.53
12.00 0.85 10.24 370.99 4.00 1705364 0.00 640.64 4644.63
12.00 0.85 10.24 370.86 4.00 1705374 0.00 640.21 4644.73
12.00 0.85 10.24 370.86 4.00 1705384 0.00 640.21 4644.84
12.00 0.85 10.24 370.86 4.00 1705394 0.00 640.21 4644.94
12.00 0.85 10.24 370.86 4.00 1705404 0.00 640.21 4645.04
12.00 0.85 10.24 370.86 4.00 1705414 0.00 640.21 4645.15
12.00 0.85 10.24 370.74 4.00 1705424 0.00 639.78 4645.25
12.00 0.85 10.24 370.74 4.00 1705434 0.00 639.78 4645.35
12.00 0.85 10.24 370.86 4.00 1705444 0.00 640.21 4645.45
12.00 0.85 10.24 370.62 4.00 1705454 0.00 639.36 4645.56
12.00 0.85 10.24 370.86 4.00 1705464 0.00 640.21 4645.66
12.00 0.85 10.24 370.86 4.00 1705474 0.00 640.21 4645.76
12.00 0.85 10.24 370.99 4.00 1705484 0.00 640.64 4645.87
12.00 0.80 9.63 370.86 4.00 1705494 0.00 640.21 4645.97
12.00 0.80 9.63 370.86 4.00 1705504 0.00 640.21 4646.06
12.00 0.80 9.63 370.86 4.00 1705514 0.00 640.21 4646.15
12.00 0.80 9.63 370.74 4.00 1705524 0.00 639.78 4646.25
12.00 0.80 9.63 370.86 4.00 1705534 0.00 640.21 4646.35
12.00 0.80 9.63 370.86 4.00 1705544 0.00 640.21 4646.44
12.00 0.80 9.63 370.99 4.00 1705554 0.00 640.64 4646.54
12.00 0.80 9.63 370.99 4.00 1705564 0.00 640.64 4646.64
12.00 0.80 9.63 371.11 4.00 1705574 0.00 641.07 4646.73
12.00 0.80 9.63 370.99 4.00 1705584 0.00 640.64 4646.83
12.00 0.80 9.63 371.11 4.00 1705594 0.00 641.07 4646.93
12.00 0.80 9.63 370.99 4.00 1705604 0.00 640.64 4647.02
12.00 0.80 9.63 371.11 4.00 1705614 0.00 641.07 4647.12
12.00 0.80 9.63 370.99 4.00 1705624 0.00 640.64 4647.22
12.00 0.54 6.50 370.86 4.00 1705634 0.00 640.21 4647.31
12.01 0.54 6.51 371.24 4.00 1705644 0.00 641.50 4647.37
12.01 0.54 6.51 370.99 4.00 1705654 0.00 640.64 4647.44
12.01 0.54 6.51 370.99 4.00 1705664 0.00 640.64 4647.50
12.01 0.54 6.51 370.99 4.00 1705674 0.00 640.64 4647.57
12.01 0.54 6.51 371.11 4.00 1705684 0.00 641.07 4647.64
12.01 0.54 6.51 371.11 4.00 1705694 0.00 641.07 4647.70
12.01 0.54 6.51 370.99 4.00 1705704 0.00 640.64 4647.76
12.01 0.54 6.51 370.99 4.00 1705714 0.00 640.64 4647.83
12.01 0.54 6.51 370.99 4.00 1705724 0.00 640.64 4647.90
12.01 0.54 6.51 370.99 4.00 1705734 0.00 640.64 4647.96
12.01 0.54 6.51 370.86 4.00 1705744 0.00 640.21 4648.02
12.01 0.54 6.51 370.86 4.00 1705754 0.00 640.21 4648.09
12.01 0.54 6.51 371.11 4.00 1705764 0.00 641.07 4648.15
12.01 0.54 6.51 370.86 4.00 1705774 0.00 640.21 4648.22
12.00 0.70 8.45 370.99 4.00 1705784 0.00 640.64 4648.30
12.00 0.70 8.45 371.11 4.00 1705794 0.00 641.07 4648.39
12.00 0.70 8.45 371.24 4.00 1705804 0.00 641.50 4648.47
12.00 0.70 8.45 370.99 4.00 1705814 0.00 640.64 4648.56
12.00 0.70 8.45 371.11 4.00 1705824 0.00 641.07 4648.64
12.00 0.70 8.45 371.11 4.00 1705834 0.00 641.07 4648.73
12.00 0.70 8.45 371.11 4.00 1705844 0.00 641.07 4648.81
12.00 0.70 8.45 370.99 4.00 1705854 0.00 640.64 4648.90
12.00 0.70 8.45 371.11 4.00 1705864 0.00 641.07 4648.98
12.00 0.70 8.45 370.99 4.00 1705874 0.00 640.64 4649.06
12.00 0.70 8.45 371.11 4.00 1705884 0.00 641.07 4649.15
12.00 0.70 8.45 371.24 4.00 1705894 0.00 641.50 4649.24
12.00 0.70 8.45 371.11 4.00 1705904 0.00 641.07 4649.32
12.00 0.70 8.45 371.24 4.00 1705914 0.00 641.50 4649.40
12.00 0.84 10.03 370.99 4.00 1705924 0.00 640.64 4649.50
12.00 0.84 10.03 370.99 4.00 1705934 0.00 640.64 4649.60
12.00 0.84 10.03 371.24 4.00 1705944 0.00 641.50 4649.70
12.00 0.84 10.03 371.24 4.00 1705954 0.00 641.50 4649.80
12.00 0.84 10.03 371.11 4.00 1705964 0.00 641.07 4649.90
12.00 0.84 10.03 371.11 4.00 1705974 0.00 641.07 4650.00
12.00 0.84 10.03 371.11 4.00 1705984 0.00 641.07 4650.10
12.00 0.84 10.03 371.11 4.00 1705994 0.00 641.07 4650.20
12.00 0.84 10.03 371.11 4.00 1706004 0.00 641.07 4650.30
12.00 0.84 10.03 371.11 4.00 1706014 0.00 641.07 4650.40
12.00 0.84 10.03 371.36 4.00 1706024 0.00 641.93 4650.50
12.00 0.84 10.03 371.11 4.00 1706034 0.00 641.07 4650.60
12.00 0.84 10.03 371.24 4.00 1706044 0.00 641.50 4650.70
12.00 0.84 10.03 371.11 4.00 1706054 0.00 641.07 4650.80
12.00 0.70 8.41 371.11 4.00 1706064 0.00 641.07 4650.89
12.00 0.70 8.41 371.11 4.00 1706074 0.00 641.07 4650.98
12.00 0.70 8.41 371.36 4.00 1706084 0.00 641.93 4651.06
12.00 0.70 8.41 371.36 4.00 1706094 0.00 641.93 4651.15
12.00 0.70 8.41 370.99 4.00 1706104 0.00 640.64 4651.23
12.00 0.70 8.41 371.11 4.00 1706114 0.00 641.07 4651.32
12.00 0.70 8.41 371.24 4.00 1706124 0.00 641.50 4651.40
12.00 0.70 8.41 371.24 4.00 1706134 0.00 641.50 4651.48
12.00 0.70 8.41 371.24 4.00 1706144 0.00 641.50 4651.56
12.00 0.70 8.41 371.36 4.00 1706154 0.00 641.93 4651.65
12.00 0.70 8.41 371.24 4.00 1706164 0.00 641.50 4651.74
12.00 0.70 8.41 371.24 4.00 1706174 0.00 641.50 4651.82
12.00 0.70 8.41 371.11 4.00 1706184 0.00 641.07 4651.91
12.00 0.70 8.41 371.36 4.00 1706194 0.00 641.93 4651.99
12.01 0.52 6.22 371.24 4.00 1706204 0.00 641.50 4652.07
12.01 0.52 6.22 371.24 4.00 1706214 0.00 641.50 4652.13
12.01 0.52 6.22 371.36 4.00 1706224 0.00 641.93 4652.19
12.01 0.52 6.22 371.24 4.00 1706234 0.00 641.50 4652.25
12.01 0.52 6.22 371.11 4.00 1706244 0.00 641.07 4652.31
12.01 0.52 6.22 371.24 4.00 1706254 0.00 641.50 4652.38
12.01 0.52 6.22 371.36 4.00 1706264 0.00 641.93 4652.44
12.01 0.52 6.22 371.24 4.00 1706274 0.00 641.50 4652.50
12.01 0.52 6.22 371.36 4.00 1706284 0.00 641.93 4652.57
12.01 0.52 6.22 371.36 4.00 1706294 0.00 641.93 4652.63
12.01 0.52 6.22 371.24 4.00 1706304 0.00 641.50 4652.69
12.01 0.52 6.22 371.36 4.00 1706314 0.00 641.93 4652.75
12.01 0.52 6.22 371.24 4.00 1706324 0.00 641.50 4652.81
12.01 0.52 6.22 371.11 4.00 1706334 0.00 641.07 4652.87
12.01 0.77 9.22 371.36 4.00 1706344 0.00 641.93 4652.94
12.00 0.77 9.21 371.36 4.00 1706354 0.00 641.93 4653.03
12.00 0.77 9.21 371.36 4.00 1706364 0.00 641.93 4653.12
12.00 0.77 9.21 371.24 4.00 1706374 0.00 641.50 4653.21
12.00 0.77 9.21 371.24 4.00 1706384 0.00 641.50 4653.31
12.00 0.77 9.21 371.24 4.00 1706394 0.00 641.50 4653.40
12.00 0.77 9.21 371.61 4.00 1706404 0.00 642.78 4653.49
12.00 0.77 9.21 371.36 4.00 1706414 0.00 641.93 4653.58
12.00 0.77 9.21 371.24 4.00 1706424 0.00 641.50 4653.68
12.00 0.77 9.21 371.36 4.00 1706434 0.00 641.93 4653.77
12.00 0.77 9.21 371.24 4.00 1706444 0.00 641.50 4653.86
12.00 0.77 9.21 371.36 4.00 1706454 0.00 641.93 4653.96
12.00 0.77 9.21 371.36 4.00 1706464 0.00 641.93 4654.05
12.00 0.77 9.21 371.36 4.00 1706474 0.00 641.93 4654.14
12.00 0.77 9.21 371.24 4.00 1706484 0.00 641.50 4654.23
12.00 0.79 9.44 371.36 4.00 1706494 0.00 641.93 4654.33
12.00 0.79 9.44 371.36 4.00 1706504 0.00 641.93 4654.42
12.00 0.79 9.44 371.36 4.00 1706514 0.00 641.93 4654.51
12.00 0.79 9.44 371.36 4.00 1706524 0.00 641.93 4654.61
12.00 0.79 9.44 371.48 4.00 1706534 0.00 642.35 4654.70
12.00 0.79 9.44 371.36 4.00 1706544 0.00 641.93 4654.79
12.00 0.79 9.44 371.48 4.00 1706554 0.00 642.35 4654.89
12.00 0.79 9.44 371.24 4.00 1706564 0.00 641.50 4654.99
12.00 0.79 9.44 371.36 4.00 1706574 0.00 641.93 4655.08
12.00 0.79 9.44 371.36 4.00 1706584 0.00 641.93 4655.17
12.00 0.79 9.44 371.48 4.00 1706594 0.00 642.35 4655.27
12.00 0.79 9.44 371.36 4.00 1706604 0.00 641.93 4655.36
12.00 0.79 9.44 371.36 4.00 1706614 0.00 641.93 4655.46
12.00 0.79 9.44 371.48 4.00 1706624 0.00 642.35 4655.55
12.00 0.62 7.46 371.36 4.00 1706634 0.00 641.93 4655.63
12.00 0.62 7.46 371.48 4.00 1706644 0.00 642.35 4655.71
12.00 0.62 7.46 371.36 4.00 1706654 0.00 641.93 4655.78
12.00 0.62 7.46 371.48 4.00 1706664 0.00 642.35 4655.86
12.00 0.62 7.46 371.48 4.00 1706674 0.00 642.35 4655.93
12.00 0.62 7.46 371.48 4.00 1706684 0.00 642.35 4656.00
12.00 0.62 7.46 371.48 4.00 1706694 0.00 642.35 4656.08
12.00 0.62 7.46 371.61 4.00 1706704 0.00 642.78 4656.15
12.00 0.62 7.46 371.48 4.00 1706714 0.00 642.35 4656.23
12.00 0.62 7.46 371.48 4.00 1706724 0.00 642.35 4656.30
12.00 0.62 7.46 371.48 4.00 1706734 0.00 642.35 4656.38
12.00 0.62 7.46 371.48 4.00 1706744 0.00 642.35 4656.45
12.00 0.62 7.46 371.48 4.00 1706754 0.00 642.35 4656.52
12.00 0.62 7.46 371.48 4.00 1706764 0.00 642.35 4656.60
12.01 0.55 6.66 371.36 4.00 1706774 0.00 641.93 4656.67
12.01 0.55 6.66 371.48 4.00 1706784 0.00 642.35 4656.74
12.01 0.55 6.66 371.48 4.00 1706794 0.00 642.35 4656.81
12.01 0.55 6.66 371.48 4.00 1706804 0.00 642.35 4656.87
12.01 0.55 6.66 371.61 4.00 1706814 0.00 642.78 4656.94
12.01 0.55 6.66 371.48 4.00 1706824 0.00 642.35 4657.00
12.01 0.55 6.66 371.61 4.00 1706834 0.00 642.78 4657.07
12.01 0.55 6.66 371.48 4.00 1706844 0.00 642.35 4657.14
12.01 0.55 6.66 371.48 4.00 1706854 0.00 642.35 4657.20
12.01 0.55 6.66 371.48 4.00 1706864 0.00 642.35 4657.27
12.01 0.55 6.66 371.36 4.00 1706874 0.00 641.93 4657.34
12.01 0.55 6.66 371.48 4.00 1706884 0.00 642.35 4657.40
12.01 0.55 6.66 371.48 4.00 1706894 0.00 642.35 4657.47
12.01 0.55 6.66 371.48 4.00 1706904 0.00 642.35 4657.54
12.00 0.76 9.14 371.48 4.00 1706914 0.00 642.35 4657.61
12.00 0.76 9.14 371.48 4.00 1706924 0.00 642.35 4657.70
12.00 0.76 9.14 371.61 4.00 1706934 0.00 642.78 4657.80
12.00 0.76 9.14 371.61 4.00 1706944 0.00 642.78 4657.89
12.00 0.76 9.14 371.48 4.00 1706954 0.00 642.35 4657.98
12.00 0.76 9.14 371.48 4.00 1706964 0.00 642.35 4658.07
12.00 0.76 9.14 371.48 4.00 1706974 0.00 642.35 4658.16
12.00 0.76 9.14 371.61 4.00 1706984 0.00 642.78 4658.25
12.00 0.76 9.14 371.48 4.00 1706994 0.00 642.35 4658.34
12.00 0.76 9.14 371.48 4.00 1707004 0.00 642.35 4658.44
12.00 0.76 9.14 371.48 4.00 1707014 0.00 642.35 4658.53
12.00 0.76 9.14 371.61 4.00 1707024 0.00 642.78 4658.62
12.00 0.76 9.14 371.48 4.00 1707034 0.00 642.35 4658.70
12.00 0.76 9.14 371.73 4.00 1707044 0.00 643.21 4658.80
12.00 0.75 9.02 371.73 4.00 1707054 0.00 643.21 4658.89
12.00 0.75 9.02 371.61 4.00 1707064 0.00 642.78 4658.98
12.00 0.75 9.02 371.61 4.00 1707074 0.00 642.78 4659.07
12.00 0.75 9.02 371.61 4.00 1707084 0.00 642.78 4659.16
12.00 0.75 9.02 371.61 4.00 1707094 0.00 642.78 4659.25
12.00 0.75 9.02 371.48 4.00 1707104 0.00 642.35 4659.34
12.00 0.75 9.02 371.61 4.00 1707114 0.00 642.78 4659.43
12.00 0.75 9.02 371.61 4.00 1707124 0.00 642.78 4659.52
12.00 0.75 9.02 371.61 4.00 1707134 0.00 642.78 4659.61
12.00 0.75 9.02 371.61 4.00 1707144 0.00 642.78 4659.70
12.00 0.75 9.02 371.86 4.00 1707154 0.00 643.65 4659.79
12.00 0.75 9.02 371.73 4.00 1707164 0.00 643.21 4659.88
12.00 0.75 9.02 371.86 4.00 1707174 0.00 643.65 4659.97
12.00 0.75 9.02 371.73 4.00 1707184 0.00 643.21 4660.06
12.00 0.75 9.02 371.61 4.00 1707194 0.00 642.78 4660.15
12.00 0.55 6.64 371.61 4.00 1707204 0.00 642.78 4660.22
12.00 0.55 6.64 371.48 4.00 1707214 0.00 642.35 4660.29
12.00 0.55 6.64 371.61 4.00 1707224 0.00 642.78 4660.35
12.00 0.55 6.64 371.61 4.00 1707234 0.00 642.78 4660.42
12.00 0.55 6.64 371.61 4.00 1707244 0.00 642.78 4660.49
12.00 0.55 6.64 371.61 4.00 1707254 0.00 642.78 4660.55
12.00 0.55 6.64 371.61 4.00 1707264 0.00 642.78 4660.62
12.00 0.55 6.64 371.61 4.00 1707274 0.00 642.78 4660.69
12.00 0.55 6.64 371.73 4.00 1707284 0.00 643.21 4660.75
12.00 0.55 6.64 371.61 4.00 1707294 0.00 642.78 4660.82
12.00 0.55 6.64 371.61 4.00 1707304 0.00 642.78 4660.88
12.00 0.55 6.64 371.61 4.00 1707314 0.00 642.78 4660.95
12.00 0.55 6.64 371.73 4.00 1707324 0.00 643.21 4661.02
12.00 0.55 6.64 371.61 4.00 1707334 0.00 642.78 4661.08
12.01 0.59 7.04 371.73 4.00 1707344 0.00 643.21 4661.16
12.01 0.59 7.04 371.73 4.00 1707354 0.00 643.21 4661.22
12.01 0.59 7.04 371.61 4.00 1707364 0.00 642.78 4661.29
12.01 0.59 7.04 371.73 4.00 1707374 0.00 643.21 4661.37
12.01 0.59 7.04 371.61 4.00 1707384 0.00 642.78 4661.44
12.01 0.59 7.04 371.48 4.00 1707394 0.00 642.35 4661.51
12.01 0.59 7.04 371.86 4.00 1707404 0.00 643.65 4661.57
12.01 0.59 7.04 371.61 4.00 1707414 0.00 642.78 4661.65
12.01 0.59 7.04 371.61 4.00 1707424 0.00 642.78 4661.72
12.01 0.59 7.04 371.73 4.00 1707434 0.00 643.21 4661.79
12.01 0.59 7.04 371.73 4.00 1707444 0.00 643.21 4661.86
12.01 0.59 7.04 371.86 4.00 1707454 0.00 643.65 4661.93
12.01 0.59 7.04 371.73 4.00 1707464 0.00 643.21 4662.00
12.01 0.59 7.04 371.73 4.00 1707474 0.00 643.21 4662.07
12.00 0.76 9.10 371.61 4.00 1707484 0.00 642.78 4662.15
12.00 0.76 9.10 371.73 4.00 1707494 0.00 643.21 4662.24
12.00 0.76 9.10 371.73 4.00 1707504 0.00 643.21 4662.33
12.00 0.76 9.10 371.73 4.00 1707514 0.00 643.21 4662.42
12.00 0.76 9.10 371.73 4.00 1707524 0.00 643.21 4662.51
12.00 0.76 9.10 371.61 4.00 1707534 0.00 642.78 4662.60
12.00 0.76 9.10 371.86 4.00 1707544 0.00 643.65 4662.70
12.00 0.76 9.10 371.98 4.00 1707554 0.00 644.08 4662.79
12.00 0.76 9.10 371.86 4.00 1707564 0.00 643.65 4662.88
12.00 0.76 9.10 371.73 4.00 1707574 0.00 643.21 4662.97
12.00 0.76 9.10 371.86 4.00 1707584 0.00 643.65 4663.06
12.00 0.76 9.10 371.73 4.00 1707594 0.00 643.21 4663.15
12.00 0.76 9.10 371.73 4.00 1707604 0.00 643.21 4663.24
12.00 0.76 9.10 371.86 4.00 1707614 0.00 643.65 4663.33
12.00 0.71 8.54 371.73 4.00 1707624 0.00 643.21 4663.42
12.00 0.71 8.54 371.73 4.00 1707634 0.00 643.21 4663.51
12.00 0.71 8.54 371.86 4.00 1707644 0.00 643.65 4663.59
12.00 0.71 8.54 371.86 4.00 1707654 0.00 643.65 4663.68
12.00 0.71 8.54 371.73 4.00 1707664 0.00 643.21 4663.76
12.00 0.71 8.54 371.61 4.00 1707674 0.00 642.78 4663.85
12.00 0.71 8.54 371.98 4.00 1707684 0.00 644.08 4663.94
12.00 0.71 8.54 371.86 4.00 1707694 0.00 643.65 4664.02
12.00 0.71 8.54 371.61 4.00 1707704 0.00 642.78 4664.10
12.00 0.71 8.54 371.73 4.00 1707714 0.00 643.21 4664.19
12.00 0.71 8.54 371.61 4.00 1707724 0.00 642.78 4664.28
12.00 0.71 8.54 371.86 4.00 1707734 0.00 643.65 4664.36
12.00 0.71 8.54 371.73 4.00 1707744 0.00 643.21 4664.45
12.00 0.71 8.54 371.73 4.00 1707754 0.00 643.21 4664.53
12.00 0.71 8.54 371.86 4.00 1707764 0.00 643.65 4664.62
12.01 0.50 5.99 371.98 4.00 1707774 0.00 644.08 4664.68
12.01 0.50 5.99 371.86 4.00 1707784 0.00 643.65 4664.74
12.01 0.50 5.99 371.61 4.00 1707794 0.00 642.78 4664.80
12.01 0.50 5.99 371.73 4.00 1707804 0.00 643.21 4664.86
12.01 0.50 5.99 371.73 4.00 1707814 0.00 643.21 4664.92
12.01 0.50 5.99 371.86 4.00 1707824 0.00 643.65 4664.98
12.01 0.50 5.99 371.98 4.00 1707834 0.00 644.08 4665.04
12.01 0.50 5.99 371.86 4.00 1707844 0.00 643.65 4665.10
12.01 0.50 5.99 371.73 4.00 1707854 0.00 643.21 4665.16
12.01 0.50 5.99 371.86 4.00 1707864 0.00 643.65 4665.22
12.01 0.50 5.99 371.98 4.00 1707874 0.00 644.08 4665.27
12.01 0.50 5.99 371.73 4.00 1707884 0.00 643.21 4665.34
12.01 0.50 5.99 371.86 4.00 1707894 0.00 643.65 4665.40
12.01 0.50 5.99 371.86 4.00 1707904 0.00 643.65 4665.46
12.01 0.63 7.56 371.86 4.00 1707914 0.00 643.65 4665.53
12.01 0.63 7.56 371.86 4.00 1707924 0.00 643.65 4665.61
12.01 0.63 7.56 371.86 4.00 1707934 0.00 643.65 4665.68
12.01 0.63 7.56 371.98 4.00 1707944 0.00 644.08 4665.75
12.01 0.63 7.56 371.98 4.00 1707954 0.00 644.08 4665.83
12.01 0.63 7.56 371.86 4.00 1707964 0.00 643.65 4665.91
12.01 0.63 7.56 371.86 4.00 1707974 0.00 643.65 4665.98
12.01 0.63 7.56 371.86 4.00 1707984 0.00 643.65 4666.06
12.01 0.63 7.56 371.86 4.00 1707994 0.00 643.65 4666.13
12.01 0.63 7.56 371.86 4.00 1708004 0.00 643.65 4666.21
12.01 0.63 7.56 371.86 4.00 1708014 0.00 643.65 4666.28
12.01 0.63 7.56 371.86 4.00 1708024 0.00 643.65 4666.36
12.01 0.63 7.56 371.86 4.00 1708034 0.00 643.65 4666.44
12.01 0.63 7.56 371.98 4.00 1708044 0.00 644.08 4666.51
12.00 0.75 8.98 371.86 4.00 1708054 0.00 643.65 4666.60
12.00 0.75 8.98 371.86 4.00 1708064 0.00 643.65 4666.69
12.00 0.75 8.98 371.86 4.00 1708074 0.00 643.65 4666.77
12.00 0.75 8.98 371.86 4.00 1708084 0.00 643.65 4666.86
12.00 0.75 8.98 371.98 4.00 1708094 0.00 644.08 4666.96
12.00 0.75 8.98 371.73 4.00 1708104 0.00 643.21 4667.04
12.00 0.75 8.98 371.98 4.00 1708114 0.00 644.08 4667.13
12.00 0.75 8.98 371.86 4.00 1708124 0.00 643.65 4667.23
12.00 0.75 8.98 371.86 4.00 1708134 0.00 643.65 4667.32
12.00 0.75 8.98 371.98 4.00 1708144 0.00 644.08 4667.40
12.00 0.75 8.98 371.86 4.00 1708154 0.00 643.65 4667.50
12.00 0.75 8.98 371.98 4.00 1708164 0.00 644.08 4667.59
12.00 0.75 8.98 371.98 4.00 1708174 0.00 644.08 4667.67
12.00 0.75 8.98 371.98 4.00 1708184 0.00 644.08 4667.76
12.00 0.67 8.05 371.98 4.00 1708194 0.00 644.08 4667.85
12.00 0.67 8.05 371.86 4.00 1708204 0.00 643.65 4667.93
12.00 0.67 8.05 371.86 4.00 1708214 0.00 643.65 4668.01
12.00 0.67 8.05 371.86 4.00 1708224 0.00 643.65 4668.09
12.00 0.67 8.05 371.98 4.00 1708234 0.00 644.08 4668.17
12.00 0.67 8.05 371.98 4.00 1708244 0.00 644.08 4668.25
12.00 0.67 8.05 371.98 4.00 1708254 0.00 644.08 4668.33
12.00 0.67 8.05 371.98 4.00 1708264 0.00 644.08 4668.41
12.00 0.67 8.05 371.98 4.00 1708274 0.00 644.08 4668.49
12.00 0.67 8.05 371.98 4.00 1708284 0.00 644.08 4668.58
12.00 0.67 8.05 371.98 4.00 1708294 0.00 644.08 4668.66
12.00 0.67 8.05 371.98 4.00 1708304 0.00 644.08 4668.73
12.00 0.67 8.05 371.98 4.00 1708314 0.00 644.08 4668.81
12.00 0.67 8.05 371.86 4.00 1708324 0.00 643.65 4668.90
12.01 0.45 5.36 371.98 4.00 1708334 0.00 644.08 4668.97
12.01 0.45 5.36 371.98 4.00 1708344 0.00 644.08 4669.02
12.01 0.45 5.36 371.86 4.00 1708354 0.00 643.65 4669.08
12.01 0.45 5.36 371.98 4.00 1708364 0.00 644.08 4669.13
12.01 0.45 5.36 371.86 4.00 1708374 0.00 643.65 4669.19
12.01 0.45 5.36 371.98 4.00 1708384 0.00 644.08 4669.24
12.01 0.45 5.36 372.11 4.00 1708394 0.00 644.51 4669.29
12.01 0.45 5.36 372.11 4.00 1708404 0.00 644.51 4669.35
12.01 0.45 5.36 371.98 4.00 1708414 0.00 644.08 4669.40
12.01 0.45 5.36 371.86 4.00 1708424 0.00 643.65 4669.46
12.01 0.45 5.36 371.86 4.00 1708434 0.00 643.65 4669.51
12.01 0.45 5.36 371.86 4.00 1708444 0.00 643.65 4669.56
12.01 0.45 5.36 371.98 4.00 1708454 0.00 644.08 4669.61
12.01 0.45 5.36 371.98 4.00 1708464 0.00 644.08 4669.67
12.01 0.45 5.36 371.98 4.00 1708474 0.00 644.08 4669.72
12.00 0.69 8.26 372.11 4.00 1708484 0.00 644.51 4669.80
12.00 0.69 8.26 371.98 4.00 1708494 0.00 644.08 4669.89
12.00 0.69 8.26 371.98 4.00 1708504 0.00 644.08 4669.97
12.00 0.69 8.26 371.98 4.00 1708514 0.00 644.08 4670.05
12.00 0.69 8.26 371.98 4.00 1708524 0.00 644.08 4670.14
12.00 0.69 8.26 372.11 4.00 1708534 0.00 644.51 4670.22
12.00 0.69 8.26 371.98 4.00 1708544 0.00 644.08 4670.30
12.00 0.69 8.26 371.86 4.00 1708554 0.00 643.65 4670.38
12.00 0.69 8.26 371.98 4.00 1708564 0.00 644.08 4670.47
12.00 0.69 8.26 371.98 4.00 1708574 0.00 644.08 4670.55
12.00 0.69 8.26 372.11 4.00 1708584 0.00 644.51 4670.63
12.00 0.69 8.26 371.98 4.00 1708594 0.00 644.08 4670.72
12.00 0.69 8.26 372.11 4.00 1708604 0.00 644.51 4670.80
12.00 0.69 8.26 372.11 4.00 1708614 0.00 644.51 4670.88
12.00 0.75 8.98 372.11 4.00 1708624 0.00 644.51 4670.97
12.00 0.75 8.98 371.98 4.00 1708634 0.00 644.08 4671.06
12.00 0.75 8.98 371.98 4.00 1708644 0.00 644.08 4671.15
12.00 0.75 8.98 371.98 4.00 1708654 0.00 644.08 4671.23
12.00 0.75 8.98 372.11 4.00 1708664 0.00 644.51 4671.33
12.00 0.75 8.98 372.11 4.00 1708674 0.00 644.51 4671.42
12.00 0.75 8.98 372.11 4.00 1708684 0.00 644.51 4671.50
12.00 0.75 8.98 371.98 4.00 1708694 0.00 644.08 4671.60
12.00 0.75 8.98 372.11 4.00 1708704 0.00 644.51 4671.69
12.00 0.75 8.98 371.98 4.00 1708714 0.00 644.08 4671.77
12.00 0.75 8.98 372.11 4.00 1708724 0.00 644.51 4671.87
12.00 0.75 8.98 372.11 4.00 1708734 0.00 644.51 4671.96
12.00 0.75 8.98 371.98 4.00 1708744 0.00 644.08 4672.04
12.00 0.75 8.98 371.98 4.00 1708754 0.00 644.08 4672.13
12.00 0.58 6.96 372.11 4.00 1708764 0.00 644.51 4672.21
12.00 0.58 6.96 372.11 4.00 1708774 0.00 644.51 4672.28
12.00 0.58 6.96 371.98 4.00 1708784 0.00 644.08 4672.35
12.00 0.58 6.96 371.98 4.00 1708794 0.00 644.08 4672.42
12.00 0.58 6.96 372.11 4.00 1708804 0.00 644.51 4672.49
12.00 0.58 6.96 371.98 4.00 1708814 0.00 644.08 4672.56
12.00 0.58 6.96 372.11 4.00 1708824 0.00 644.51 4672.63
12.00 0.58 6.96 372.11 4.00 1708834 0.00 644.51 4672.70
12.00 0.58 6.96 372.11 4.00 1708844 0.00 644.51 4672.77
12.00 0.58 6.96 372.23 4.00 1708854 0.00 644.94 4672.84
12.00 0.58 6.96 372.11 4.00 1708864 0.00 644.51 4672.91
12.00 0.58 6.96 371.86 4.00 1708874 0.00 643.65 4672.98
12.00 0.58 6.96 372.11 4.00 1708884 0.00 644.51 4673.05
12.00 0.58 6.96 372.11 4.00 1708894 0.00 644.51 4673.12
12.01 0.47 5.59 372.11 4.00 1708904 0.00 644.51 4673.18
12.01 0.47 5.59 371.98 4.00 1708914 0.00 644.08 4673.24
12.01 0.47 5.59 372.11 4.00 1708924 0.00 644.51 4673.29
12.01 0.47 5.59 371.98 4.00 1708934 0.00 644.08 4673.35
12.01 0.47 5.59 372.11 4.00 1708944 0.00 644.51 4673.41
12.01 0.47 5.59 372.11 4.00 1708954 0.00 644.51 4673.46
12.01 0.47 5.59 372.11 4.00 1708964 0.00 644.51 4673.52
12.01 0.47 5.59 372.11 4.00 1708974 0.00 644.51 4673.57
12.01 0.47 5.59 372.11 4.00 1708984 0.00 644.51 4673.63
12.01 0.47 5.59 372.11 4.00 1708994 0.00 644.51 4673.69
12.01 0.47 5.59 372.23 4.00 1709004 0.00 644.94 4673.74
12.01 0.47 5.59 371.98 4.00 1709014 0.00 644.08 4673.80
12.01 0.47 5.59 372.11 4.00 1709024 0.00 644.51 4673.85
12.01 0.47 5.59 372.11 4.00 1709034 0.00 644.51 4673.91
12.00 0.73 8.72 372.11 4.00 1709044 0.00 644.51 4673.97
12.00 0.73 8.72 372.11 4.00 1709054 0.00 644.51 4674.06
12.00 0.73 8.72 372.23 4.00 1709064 0.00 644.94 4674.15
12.00 0.73 8.72 372.11 4.00 1709074 0.00 644.51 4674.23
12.00 0.73 8.72 372.11 4.00 1709084 0.00 644.51 4674.32
12.00 0.73 8.72 372.11 4.00 1709094 0.00 644.51 4674.41
12.00 0.73 8.72 372.11 4.00 1709104 0.00 644.51 4674.50
12.00 0.73 8.72 372.11 4.00 1709114 0.00 644.51 4674.58
12.00 0.73 8.72 372.11 4.00 1709124 0.00 644.51 4674.67
12.00 0.73 8.72 372.11 4.00 1709134 0.00 644.51 4674.76
12.00 0.73 8.72 372.23 4.00 1709144 0.00 644.94 4674.84
12.00 0.73 8.72 372.11 4.00 1709154 0.00 644.51 4674.93
12.00 0.73 8.72 372.11 4.00 1709164 0.00 644.51 4675.02
12.00 0.73 8.72 372.11 4.00 1709174 0.00 644.51 4675.11
12.00 0.73 8.72 372.11 4.00 1709184 0.00 644.51 4675.19
12.00 0.71 8.54 372.23 4.00 1709194 0.00 644.94 4675.28
12.00 0.71 8.54 372.23 4.00 1709204 0.00 644.94 4675.37
12.00 0.71 8.54 372.23 4.00 1709214 0.00 644.94 4675.45
12.00 0.71 8.54 372.11 4.00 1709224 0.00 644.51 4675.53
12.00 0.71 8.54 372.11 4.00 1709234 0.00 644.51 4675.62
12.00 0.71 8.54 372.23 4.00 1709244 0.00 644.94 4675.71
12.00 0.71 8.54 372.23 4.00 1709254 0.00 644.94 4675.79
12.00 0.71 8.54 372.11 4.00 1709264 0.00 644.51 4675.87
12.00 0.71 8.54 372.23 4.00 1709274 0.00 644.94 4675.96
12.00 0.71 8.54 372.23 4.00 1709284 0.00 644.94 4676.05
12.00 0.71 8.54 372.36 4.00 1709294 0.00 645.37 4676.13
12.00 0.71 8.54 372.11 4.00 1709304 0.00 644.51 4676.22
12.00 0.71 8.54 372.23 4.00 1709314 0.00 644.94 4676.30
12.00 0.71 8.54 372.11 4.00 1709324 0.00 644.51 4676.39
12.01 0.50 5.97 371.98 4.00 1709334 0.00 644.08 4676.46
12.01 0.50 5.97 372.23 4.00 1709344 0.00 644.94 4676.51
12.01 0.50 5.97 372.11 4.00 1709354 0.00 644.51 4676.57
12.01 0.50 5.97 372.11 4.00 1709364 0.00 644.51 4676.63
12.01 0.50 5.97 372.11 4.00 1709374 0.00 644.51 4676.69
12.01 0.50 5.97 372.11 4.00 1709384 0.00 644.51 4676.75
12.01 0.50 5.97 372.23 4.00 1709394 0.00 644.94 4676.81
12.01 0.50 5.97 372.23 4.00 1709404 0.00 644.94 4676.87
12.01 0.50 5.97 372.23 4.00 1709414 0.00 644.94 4676.93
12.01 0.50 5.97 372.23 4.00 1709424 0.00 644.94 4676.99
12.01 0.50 5.97 372.23 4.00 1709434 0.00 644.94 4677.05
12.01 0.50 5.97 372.23 4.00 1709444 0.00 644.94 4677.11
12.01 0.50 5.97 372.11 4.00 1709454 0.00 644.51 4677.17
12.01 0.50 5.97 372.23 4.00 1709464 0.00 644.94 4677.23
12.01 0.54 6.43 372.23 4.00 1709474 0.00 644.94 4677.29
12.01 0.54 6.43 372.11 4.00 1709484 0.00 644.51 4677.36
12.01 0.54 6.43 372.23 4.00 1709494 0.00 644.94 4677.42
12.01 0.54 6.43 372.11 4.00 1709504 0.00 644.51 4677.49
12.01 0.54 6.43 372.23 4.00 1709514 0.00 644.94 4677.55
12.01 0.54 6.43 372.23 4.00 1709524 0.00 644.94 4677.61
12.01 0.54 6.43 372.23 4.00 1709534 0.00 644.94 4677.68
12.01 0.54 6.43 372.23 4.00 1709544 0.00 644.94 4677.74
12.01 0.54 6.43 372.36 4.00 1709554 0.00 645.37 4677.81
12.01 0.54 6.43 372.23 4.00 1709564 0.00 644.94 4677.87
12.01 0.54 6.43 372.23 4.00 1709574 0.00 644.94 4677.94
12.01 0.54 6.43 372.23 4.00 1709584 0.00 644.94 4678.00
12.01 0.54 6.43 372.23 4.00 1709594 0.00 644.94 4678.06
12.01 0.54 6.43 372.23 4.00 1709604 0.00 644.94 4678.13
12.00 0.73 8.74 372.23 4.00 1709614 0.00 644.94 4678.20
12.00 0.73 8.74 372.23 4.00 1709624 0.00 644.94 4678.29
12.00 0.73 8.74 372.36 4.00 1709634 0.00 645.37 4678.38
12.00 0.73 8.74 372.36 4.00 1709644 0.00 645.37 4678.47
12.00 0.73 8.74 372.23 4.00 1709654 0.00 644.94 4678.55
12.00 0.73 8.74 372.11 4.00 1709664 0.00 644.51 4678.64
12.00 0.73 8.74 372.36 4.00 1709674 0.00 645.37 4678.72
12.00 0.73 8.74 372.23 4.00 1709684 0.00 644.94 4678.82
12.00 0.73 8.74 372.23 4.00 1709694 0.00 644.94 4678.90
12.00 0.73 8.74 372.23 4.00 1709704 0.00 644.94 4678.99
12.00 0.73 8.74 372.23 4.00 1709714 0.00 644.94 4679.08
12.00 0.73 8.74 372.23 4.00 1709724 0.00 644.94 4679.16
12.00 0.73 8.74 372.11 4.00 1709734 0.00 644.51 4679.25
12.00 0.73 8.74 372.11 4.00 1709744 0.00 644.51 4679.34
12.00 0.67 7.99 372.48 4.00 1709754 0.00 645.80 4679.43
12.00 0.67 7.99 372.23 4.00 1709764 0.00 644.94 4679.50
12.00 0.67 7.99 372.23 4.00 1709774 0.00 644.94 4679.58
12.00 0.67 7.99 372.23 4.00 1709784 0.00 644.94 4679.67
12.00 0.67 7.99 372.36 4.00 1709794 0.00 645.37 4679.74
12.00 0.67 7.99 372.23 4.00 1709804 0.00 644.94 4679.82
12.00 0.67 7.99 372.23 4.00 1709814 0.00 644.94 4679.91
12.00 0.67 7.99 372.36 4.00 1709824 0.00 645.37 4679.99
12.00 0.67 7.99 372.23 4.00 1709834 0.00 644.94 4680.06
12.00 0.67 7.99 372.23 4.00 1709844 0.00 644.94 4680.14
12.00 0.67 7.99 372.23 4.00 1709854 0.00 644.94 4680.23
12.00 0.67 7.99 372.23 4.00 1709864 0.00 644.94 4680.30
12.00 0.67 7.99 372.48 4.00 1709874 0.00 645.80 4680.38
12.00 0.67 7.99 372.23 4.00 1709884 0.00 644.94 4680.47
12.00 0.67 7.99 372.23 4.00 1709894 0.00 644.94 4680.54
12.01 0.45 5.44 372.36 4.00 1709904 0.00 645.37 4680.60
12.01 0.45 5.44 372.23 4.00 1709914 0.00 644.94 4680.65
