378200006	-23
378210003	-23
378220006	-24
378230005	-24
378240004	-25
378250007	-25
378260005	-25
378270007	-26
378280005	-26
378290004	-27
378300006	-27
378310004	-27
378320007	-27
378330005	-28
378340003	-28
378350006	-28
378360004	-28
378370007	-28
378380005	-28
378390007	-29
378400005	-29
378410004	-29
378420006	-29
378430004	-29
378440006	-29
378450004	-29
378460007	-29
378470005	-29
378480003	-28
378490005	-28
378500003	-28
378510006	-28
378520005	-28
378530004	-27
378540007	-27
378550005	-27
378560004	-26
378570006	-26
378580004	-26
378590007	-25
378600005	-25
378610003	-24
378620005	-24
378630004	-23
378640006	-23
378650004	-22
378660006	-22
378670004	-21
378680006	-21
378690005	-20
378700004	-19
378710007	-19
378720005	-18
378730008	-17
378740005	-17
378750008	-16
378760006	-15
378770004	-14
378780006	-14
378790004	-13
378800006	-12
378810005	-11
378820007	-10
378830005	-10
378840003	-9
378850005	-8
378860007	-7
378870005	-6
378880005	-6
378890006	-5
378900006	-4
378910004	-3
378920005	-2
378930006	-2
378940007	-1
378950004	0
378960003	1
378970004	2
378980005	2
378990006	3
379000007	4
379010007	4
379020008	5
379030004	6
379040004	6
379050006	7
379060006	7
379070006	8
379080006	8
379090007	9
379100003	9
379110004	10
379120005	10
379130007	11
379140005	11
379150006	12
379160004	12
379170006	12
379180004	12
379190006	13
379200008	13
379210005	13
379220006	13
379230004	14
379240006	14
379250003	14
379260005	14
379270007	14
379280004	14
379290006	14
379300007	14
379310005	14
379320007	14
379330005	14
379340007	14
379350005	14
379360007	14
379370005	13
379380003	13
379390005	13
379400007	13
379410004	12
379420006	12
379430003	12
379440005	11
379450007	11
379460004	11
379470006	10
379480008	10
379490005	9
379500005	9
379510006	8
379520007	8
379530004	7
379540005	6
379550005	6
379560005	5
379570006	4
379580006	4
379590006	3
379600006	2
379610006	2
379620007	1
379630004	0
379640007	-1
379650004	-1
379660006	-2
379670007	-3
379680003	-4
379690004	-5
379700004	-5
379710005	-6
379720006	-7
379730007	-8
379740004	-9
379750005	-9
379760006	-10
379770005	-11
379780007	-12
379790007	-12
379800005	-13
379810004	-14
379820006	-15
379830005	-16
379840007	-16
379850006	-17
379860004	-18
379870006	-18
379880005	-19
379890007	-20
379900005	-20
379910004	-21
379920006	-21
379930005	-22
379940007	-22
379950005	-23
379960003	-23
379970007	-24
379980005	-24
379990004	-25
380000006	-25
380010004	-26
380020007	-26
380030005	-26
380040007	-27
380050005	-27
380060007	-27
380070005	-27
380080004	-27
380090006	-28
380100004	-28
380110005	-28
380120007	-28
380130006	-28
380140004	-28
380150006	-28
380160004	-28
380170006	-28
380180005	-28
380190007	-28
380200005	-28
380210007	-28
380220005	-28
380230007	-28
380240005	-27
380250004	-27
380260007	-27
380270005	-27
380280007	-26
380290005	-26
380300007	-26
380310006	-25
380320004	-25
380330007	-24
380340004	-24
380350007	-24
380360005	-23
380370007	-23
380380005	-22
380390003	-22
380400006	-21
380410004	-20
380420006	-20
380430005	-19
380440007	-18
380450005	-18
380460007	-17
380470005	-16
380480004	-16
380490007	-15
380500005	-14
380510007	-13
380520005	-13
380530003	-12
380540007	-11
380550005	-10
380560007	-10
380570006	-9
380580007	-8
380590004	-7
380600005	-6
380610007	-6
380620003	-5
380630005	-4
380640006	-3
380650003	-2
380660004	-2
380670005	-1
380680007	0
380690006	1
380700006	1
380710007	2
380720007	3
380730007	3
380740007	4
380750007	5
380760003	5
380770004	6
380780004	6
380790005	7
380800005	8
380810006	8
380820007	9
380830003	9
380840004	9
380850005	10
380860007	10
380870004	11
380880006	11
380890004	12
380900006	12
380910008	12
380920005	12
380930006	12
380940004	13
380950005	13
380960007	13
380970004	13
380980006	13
380990003	13
381000005	13
381010007	14
381020004	14
381030006	14
381040004	14
381050007	14
381060005	13
381070006	13
381080004	13
381090006	13
381100007	13
381110005	13
381120007	12
381130004	12
381140005	12
381150007	11
381160005	11
381170006	11
381180003	10
381190005	10
381200007	9
381210008	9
381220003	9
381230004	8
381240005	7
381250005	7
381260006	6
381270006	6
381280006	5
381290006	5
381300007	4
381310006	3
381320007	3
381330007	2
381340003	1
381350004	0
381360004	0
381370003	-1
381380004	-2
381390005	-3
381400005	-3
381410007	-4
381420003	-5
381430004	-6
381440005	-7
381450006	-7
381460004	-8
381470005	-9
381480007	-10
381490005	-10
381500007	-11
381510005	-12
381520004	-13
381530006	-14
381540004	-14
381550006	-15
381560005	-16
381570007	-16
381580007	-17
381590005	-18
381600007	-18
381610006	-19
381620008	-20
381630006	-20
381640004	-21
381650006	-21
381660004	-22
381670006	-22
381680004	-23
381690006	-23
381700004	-24
381710006	-24
381720004	-25
381730006	-25
381740007	-25
381750006	-26
381760004	-26
381770006	-26
381780004	-27
381790006	-27
381800005	-27
381810007	-27
381820004	-27
381830006	-27
381840004	-28
381850005	-28
381860003	-28
381870006	-28
381880003	-28
381890005	-28
381900007	-28
381910005	-28
381920007	-28
381930005	-28
381940003	-27
381950006	-27
381960007	-27
381970005	-27
381980007	-27
381990005	-26
382000007	-26
382010005	-26
382020006	-25
382030005	-25
382040004	-25
382050007	-24
382060005	-24
382070007	-23
382080004	-23
382090006	-22
382100004	-22
382110007	-21
382120005	-21
382130004	-20
382140006	-19
382150005	-19
382160004	-18
382170007	-18
382180005	-17
382190007	-16
382200005	-15
382210003	-15
382220005	-14
382230003	-13
382240006	-13
382250003	-12
382260006	-11
382270004	-10
382280007	-9
382290004	-9
382300005	-8
382310006	-7
382320007	-6
382330004	-6
382340005	-5
382350006	-4
382360007	-3
382370008	-3
382380004	-2
382390006	-1
382400007	0
382410006	0
382420006	1
382430006	2
382440007	3
382450007	3
382460007	4
382470003	4
382480004	5
382490005	6
382500005	6
382510005	7
382520006	7
382530006	8
382540006	8
382550007	9
382560004	9
382570005	10
382580007	10
382590004	10
382600006	11
382610007	11
382620005	11
382630007	12
382640005	12
382650006	12
382660007	12
382670005	12
382680007	13
382690004	13
382700007	13
382710004	13
382720006	13
382730007	13
382740005	13
382750006	13
382760007	13
382770004	13
382780007	13
382790004	13
382800005	13
382810007	12
382820004	12
382830006	12
382840003	12
382850004	12
382860006	11
382870003	11
382880005	11
382890008	10
382900005	10
382910007	9
382920007	9
382930007	8
382940008	8
382950004	7
382960005	7
382970005	6
382980005	6
382990007	5
383000007	5
383010003	4
383020007	3
383030003	3
383040004	2
383050005	1
383060005	0
383070005	0
383080006	-1
383090007	-2
383100004	-2
383110005	-3
383120006	-4
383130006	-5
383140004	-5
383150005	-6
383160006	-7
383170007	-8
383180004	-9
383190005	-9
383200006	-10
383210005	-11
383220007	-12
383230004	-12
383240006	-13
383250005	-14
383260004	-15
383270006	-15
383280004	-16
383290007	-17
383300005	-17
383310003	-18
383320005	-18
383330003	-19
383340005	-20
383350004	-20
383360006	-21
383370004	-21
383380006	-22
383390005	-22
383400007	-23
383410004	-23
383420006	-24
383430005	-24
383440007	-24
383450005	-25
383460007	-25
383470005	-25
383480003	-26
383490005	-26
383500007	-26
383510005	-26
383520007	-27
383530005	-27
383540004	-27
383550006	-27
383560003	-27
383570006	-27
383580004	-27
383590006	-27
383600007	-27
383610005	-27
383620004	-27
383630006	-27
383640004	-27
383650007	-27
383660005	-27
383670007	-27
383680005	-26
383690007	-26
383700005	-26
383710004	-26
383720007	-25
383730005	-25
383740007	-25
383750005	-24
383760007	-24
383770006	-23
383780004	-23
383790006	-22
383800004	-22
383810007	-21
383820005	-21
383830007	-20
383840005	-20
383850007	-19
383860006	-19
383870004	-18
383880007	-17
383890005	-17
383900007	-16
383910006	-15
383920007	-15
383930005	-14
383940004	-13
383950007	-12
383960005	-12
383970004	-11
383980006	-10
383990005	-9
384000005	-9
384010007	-8
384020004	-7
384030005	-6
384040006	-6
384050007	-5
384060004	-4
384070005	-3
384080006	-3
384090007	-2
384100007	-1
384110004	0
384120007	0
384130003	1
384140005	2
384150005	2
384160004	3
384170004	4
384180004	4
384190004	5
384200004	5
384210005	6
384220005	6
384230006	7
384240007	8
384250007	8
384260003	8
384270005	9
384280004	9
384290005	10
384300007	10
384310004	10
384320005	11
384330007	11
384340004	11
384350005	12
384360006	12
384370004	12
384380006	12
384390007	12
384400005	12
384410006	12
384420004	12
384430006	12
384440007	12
384450005	12
384460007	12
384470004	12
384480005	12
384490007	12
384500004	12
384510007	12
384520004	12
384530006	12
384540004	12
384550006	11
384560007	11
384570005	11
384580007	10
384590004	10
384600006	9
384610006	9
384620006	9
384630006	8
384640007	8
384650007	7
384660007	7
384670007	6
384680007	6
384690005	5
384700005	5
384710006	4
384720006	3
384730006	3
384740006	2
384750007	1
384760003	1
384770004	0
384780003	-1
384790004	-1
384800005	-2
384810005	-3
384820006	-4
384830007	-4
384840008	-5
384850004	-6
384860005	-7
384870007	-7
384880003	-8
384890004	-9
384900005	-10
384910003	-10
384920006	-11
384930004	-12
384940007	-13
384950005	-13
384960006	-14
384970005	-15
384980004	-15
384990007	-16
385000005	-17
385010007	-17
385020005	-18
385030004	-19
385040006	-19
385050005	-20
385060007	-20
385070005	-21
385080007	-21
385090005	-22
385100003	-22
385110006	-23
385120007	-23
385130005	-24
385140004	-24
385150007	-24
385160005	-25
385170003	-25
385180005	-25
385190007	-25
385200006	-26
385210004	-26
385220006	-26
385230003	-26
385240006	-26
385250004	-27
385260007	-27
385270005	-27
385280007	-27
385290006	-27
385300004	-27
385310006	-27
385320004	-27
385330006	-27
385340003	-27
385350005	-26
385360003	-26
385370005	-26
385380003	-26
385390006	-26
385400003	-25
385410006	-25
385420003	-25
385430006	-25
385440004	-24
385450006	-24
385460005	-23
385470007	-23
385480005	-23
385490004	-22
385500007	-22
385510005	-21
385520007	-21
385530005	-20
385540007	-19
385550005	-19
385560003	-18
385570005	-18
385580004	-17
385590006	-16
385600003	-16
385610006	-15
385620004	-14
385630007	-14
385640005	-13
385650007	-12
385660004	-12
385670007	-11
385680005	-10
385690007	-9
385700004	-9
385710006	-8
385720006	-7
385730007	-6
385740007	-6
385750005	-5
385760006	-4
385770007	-3
385780008	-3
385790004	-2
385800005	-1
385810006	0
385820005	0
385830005	1
385840005	2
385850006	2
385860005	3
385870005	3
385880006	4
385890006	5
385900005	5
385910006	6
385920006	6
385930007	7
385940007	7
385950004	8
385960004	8
385970005	9
385980005	9
385990006	9
386000006	10
386010004	10
386020005	10
386030007	11
386040004	11
386050005	11
386060008	11
386070005	12
386080007	12
386090005	12
386100007	12
386110004	12
386120006	12
386130004	12
386140005	12
386150007	12
386160004	12
386170006	12
386180003	12
386190005	12
386200007	12
386210004	12
386220006	11
386230007	11
386240004	11
386250007	11
386260004	10
386270006	10
386280007	10
386290004	9
386300005	9
386310005	9
386320006	8
386330007	8
386340007	7
386350003	7
386360004	6
386370004	6
386380005	5
386390006	5
386400006	4
386410007	3
386420007	3
386430004	2
386440004	2
386450005	1
386460005	0
386470005	0
386480005	-1
386490006	-2
386500006	-3
386510007	-3
386520004	-4
386530005	-5
386540006	-6
386550007	-6
386560004	-7
386570005	-8
386580006	-9
386590007	-9
386600004	-10
386610006	-11
386620004	-11
386630006	-12
386640005	-13
386650004	-14
386660006	-14
386670004	-15
386680005	-16
386690007	-16
386700005	-17
386710004	-17
386720006	-18
386730004	-19
386740006	-19
386750004	-20
386760006	-20
386770004	-21
386780006	-21
386790004	-22
386800006	-22
386810004	-23
386820007	-23
386830005	-23
386840007	-24
386850005	-24
386860007	-24
386870005	-25
386880003	-25
386890005	-25
386900003	-25
386910006	-26
386920003	-26
386930006	-26
386940003	-26
386950005	-26
386960008	-26
386970006	-26
386980004	-26
386990006	-26
387000005	-26
387010007	-26
387020005	-26
387030007	-26
387040005	-26
387050004	-26
387060007	-26
387070005	-26
387080007	-25
387090006	-25
387100004	-25
387110006	-25
387120004	-24
387130006	-24
387140004	-24
387150006	-23
387160004	-23
387170007	-22
387180004	-22
387190007	-21
387200005	-21
387210007	-20
387220005	-20
387230007	-19
387240005	-19
387250007	-18
387260005	-18
387270004	-17
387280006	-16
387290005	-16
387300007	-15
387310005	-14
387320007	-14
387330005	-13
387340007	-12
387350005	-12
387360007	-11
387370005	-10
387380008	-9
387390003	-9
387400004	-8
387410005	-7
387420006	-6
387430006	-6
387440007	-5
387450004	-4
387460005	-4
387470007	-3
387480003	-2
387490005	-1
387500006	-1
387510007	0
387520006	1
387530006	1
387540007	2
387550004	3
387560004	3
387570004	4
387580005	4
387590005	5
387600006	5
387610006	6
387620006	6
387630006	7
387640006	7
387650006	8
387660007	8
387670007	9
387680007	9
387690004	9
387700005	10
387710006	10
387720004	10
387730006	10
387740004	11
387750006	11
387760003	11
387770005	11
387780007	11
387790005	11
387800007	12
387810004	12
387820006	12
387830008	12
387840005	12
387850006	12
387860003	12
387870005	12
387880007	11
387890004	11
387900006	11
387910003	11
387920005	11
387930007	10
387940005	10
387950006	10
387960003	10
387970006	9
387980007	9
387990007	9
388000007	8
388010007	8
388020007	7
388030003	7
388040004	6
388050003	6
388060004	5
388070005	5
388080005	4
388090005	4
388100006	3
388110007	2
388120007	2
388130007	1
388140003	0
388150007	0
388160007	-1
388170004	-2
388180005	-2
388190006	-3
388200003	-4
388210005	-4
388220006	-5
388230007	-6
388240007	-6
388250004	-7
388260005	-8
388270007	-9
388280004	-9
388290005	-10
388300003	-11
388310007	-12
388320005	-12
388330004	-13
388340006	-14
388350004	-14
388360007	-15
388370005	-16
388380003	-16
388390006	-17
388400004	-17
388410006	-18
388420005	-19
388430007	-19
388440005	-20
388450008	-20
388460006	-21
388470004	-21
388480007	-22
388490005	-22
388500003	-22
388510005	-23
388520003	-23
388530006	-24
388540004	-24
388550007	-24
388560005	-24
388570007	-25
388580005	-25
388590007	-25
388600005	-25
388610008	-25
388620007	-25
388630005	-26
388640007	-26
388650005	-26
388660007	-26
388670005	-26
388680007	-26
388690005	-26
388700003	-26
388710006	-26
388720007	-26
388730005	-26
388740003	-25
388750006	-25
388760004	-25
388770006	-25
388780004	-24
388790006	-24
388800004	-24
388810006	-24
388820004	-23
388830006	-23
388840004	-22
388850007	-22
388860004	-22
388870007	-21
388880005	-21
388890007	-20
388900005	-20
388910004	-19
388920006	-19
388930004	-18
388940006	-18
388950005	-17
388960004	-16
388970006	-16
388980004	-15
388990006	-14
389000004	-14
389010003	-13
389020006	-12
389030004	-12
389040007	-11
389050005	-10
389060007	-10
389070005	-9
389080007	-8
389090004	-7
389100005	-7
389110006	-6
389120007	-5
389130004	-4
389140005	-4
389150007	-3
389160008	-2
389170004	-2
389180005	-1
389190007	0
389200007	0
389210006	1
389220007	2
389230003	2
389240004	3
389250004	3
389260004	4
389270004	4
389280005	5
389290005	6
389300006	6
389310006	6
389320006	7
389330006	7
389340007	8
389350007	8
389360004	9
389370005	9
389380005	9
389390006	9
389400007	10
389410004	10
389420006	10
389430004	10
389440006	11
389450007	11
389460005	11
389470006	11
389480007	11
389490006	11
389500007	11
389510005	11
389520006	11
389530003	11
389540005	11
389550006	11
389560004	11
389570006	11
389580007	11
389590004	11
389600007	10
389610004	10
389620006	10
389630008	9
389640007	9
389650004	9
389660007	9
389670004	8
389680004	8
389690005	7
389700005	7
389710006	6
389720007	6
389730007	6
389740007	5
389750004	4
389760003	4
389770004	3
389780004	3
389790004	2
389800004	2
389810005	1
389820005	0
389830005	0
389840005	-1
389850006	-2
389860007	-3
389870003	-3
389880005	-4
389890005	-5
389900007	-5
389910004	-6
389920005	-7
389930006	-7
389940003	-8
389950004	-9
389960005	-9
389970007	-10
389980005	-11
389990006	-12
390000005	-12
390010008	-13
390020005	-14
390030007	-14
390040006	-15
390050004	-16
390060007	-16
390070005	-17
390080007	-17
390090005	-18
390100007	-18
390110005	-19
390120006	-19
390130004	-20
390140006	-20
390150004	-21
390160007	-21
390170005	-22
390180007	-22
390190006	-23
390200008	-23
390210005	-23
390220004	-24
390230006	-24
390240004	-24
390250007	-24
390260004	-24
390270007	-25
390280005	-25
390290004	-25
390300006	-25
390310005	-25
390320007	-25
390330005	-25
390340004	-25
390350007	-25
390360005	-25
390370004	-25
390380006	-25
390390004	-25
390400006	-25
390410004	-25
390420007	-25
390430004	-25
390440007	-24
390450005	-24
390460007	-24
390470005	-24
390480007	-23
390490005	-23
390500006	-23
390510005	-22
390520004	-22
390530005	-22
390540004	-21
390550006	-21
390560004	-20
390570006	-20
390580005	-19
390590003	-19
390600005	-18
390610007	-18
390620005	-17
390630004	-16
390640007	-16
390650006	-15
390660004	-15
390670006	-14
390680005	-13
390690014	-12
390700007	-12
390710006	-11
390720004	-10
390730007	-10
390740004	-9
390750005	-8
390760007	-8
390770004	-7
390780005	-6
390790006	-6
390800007	-5
390810004	-4
390820005	-3
390830006	-3
390840007	-2
390850005	-1
390860005	-1
390870006	0
390880005	0
390890004	1
390900004	2
390910004	2
390920005	3
390930005	3
390940006	4
390950006	5
390960006	5
390970006	6
390980007	6
390990008	6
391000004	7
391010004	7
391020005	8
391030004	8
391040006	8
391050007	9
391060003	9
391070005	9
391080005	9
391090005	10
391100007	10
391110004	10
391120005	10
391130007	10
391140006	11
391150004	11
391160005	11
391170007	11
391180004	11
391190007	11
391200005	11
391210007	11
391220004	11
391230006	11
391240004	10
391250006	10
391260007	10
391270005	10
391280007	10
391290004	9
391300005	9
391310005	9
391320006	9
391330007	8
391340007	8
391350004	7
391360004	7
391370005	7
391380005	6
391390005	6
391400006	5
391410006	5
391420006	4
391430006	4
391440007	3
391450007	3
391460007	2
391470003	1
391480004	1
391490004	0
391500003	0
391510004	-1
391520005	-2
391530006	-3
391540007	-3
391550004	-4
391560005	-5
391570005	-5
391580006	-6
391590007	-7
391600003	-7
391610005	-8
391620006	-9
391630008	-9
391640005	-10
391650007	-11
391660006	-11
391670004	-12
391680007	-13
391690005	-13
391700007	-14
391710005	-15
391720003	-15
391730006	-16
391740007	-16
391750005	-17
391760004	-18
391770006	-18
391780004	-19
391790007	-19
391800005	-20
391810004	-20
391820007	-21
391830005	-21
391840003	-21
391850005	-22
391860004	-22
391870006	-23
391880004	-23
391890006	-23
391900005	-23
391910005	-24
391920006	-24
391930004	-24
391940003	-24
391950006	-24
391960005	-25
391970007	-25
391980005	-25
391990007	-25
392000006	-25
392010004	-25
392020006	-25
392030005	-25
392040007	-25
392050005	-25
392060007	-25
392070005	-25
392080003	-25
392090006	-24
392100005	-24
392110004	-24
392120006	-24
392130004	-24
392140006	-23
392150005	-23
392160003	-23
392170006	-22
392180004	-22
392190007	-22
392200005	-21
392210004	-21
392220007	-20
392230005	-20
392240004	-19
392250007	-19
392260005	-18
392270004	-18
392280007	-17
392290005	-17
392300007	-16
392310005	-15
392320004	-15
392330007	-14
392340005	-13
392350008	-13
392360006	-12
392370004	-12
392380007	-11
392390005	-10
392400007	-10
392410005	-9
392420006	-8
392430004	-7
392440005	-7
392450007	-6
392460004	-5
392470005	-5
392480006	-4
392490004	-3
392500005	-3
392510005	-2
392520007	-1
392530007	-1
392540004	0
392550004	0
392560004	1
392570005	2
392580005	2
392590006	3
392600007	3
392610004	4
392620004	4
392630005	5
392640006	5
392650006	6
392660006	6
392670006	7
392680007	7
392690007	7
392700004	8
392710005	8
392720005	8
392730006	9
392740006	9
392750006	9
392760006	9
392770007	9
392780004	10
392790007	10
392800005	10
392810007	10
392820005	10
392830007	10
392840004	10
392850006	10
392860003	10
392870005	10
392880007	10
392890005	10
392900006	10
392910004	10
392920006	10
392930004	10
392940006	9
392950007	9
392960007	9
392970004	9
392980005	8
392990006	8
393000006	8
393010007	7
393020004	7
393030005	6
393040005	6
393050005	6
393060005	5
393070006	5
393080007	4
393090007	4
393100007	3
393110004	3
393120005	2
393130007	1
393140003	1
393150004	0
393160004	0
393170008	-1
393180005	-2
393190006	-2
393200004	-3
393210005	-4
393220006	-4
393230007	-5
393240004	-6
393250005	-6
393260006	-7
393270007	-8
393280004	-9
393290005	-9
393300007	-10
393310006	-10
393320004	-11
393330007	-12
393340004	-12
393350007	-13
393360005	-14
393370004	-14
393380007	-15
393390005	-16
393400008	-16
393410006	-17
393420005	-17
393430007	-18
393440005	-18
393450007	-19
393460005	-19
393470004	-20
393480006	-20
393490005	-21
393500007	-21
393510006	-21
393520004	-22
393530006	-22
393540004	-22
393550007	-23
393560005	-23
393570008	-23
393580006	-23
393590005	-24
393600004	-24
393610007	-24
393620005	-24
393630007	-24
393640005	-24
393650004	-24
393660006	-24
393670004	-24
393680006	-25
393690004	-25
393700006	-25
393710005	-25
393720004	-24
393730006	-24
393740004	-24
393750006	-24
393760004	-24
393770007	-24
393780006	-23
393790004	-23
393800006	-23
393810005	-23
393820007	-22
393830005	-22
393840007	-22
393850006	-21
393860004	-21
393870006	-20
393880005	-20
393890007	-19
393900005	-19
393910007	-18
393920006	-18
393930005	-17
393940004	-17
393950006	-16
393960004	-16
393970006	-15
393980005	-15
393990007	-14
394000006	-13
394010004	-13
394020007	-12
394030007	-11
394040005	-11
394050004	-10
394060007	-9
394070004	-9
394080004	-8
394090005	-7
394100006	-7
394110003	-6
394120006	-5
394130007	-5
394140004	-4
394150006	-3
394160006	-3
394170007	-2
394180004	-1
394190004	-1
394200006	0
394210005	0
394220006	1
394230007	2
394240004	2
394250005	3
394260005	3
394270005	4
394280006	4
394290007	5
394300006	5
394310007	6
394320007	6
394330003	6
394340004	7
394350006	7
394360006	7
394370006	8
394380007	8
394390004	8
394400005	9
394410005	9
394420007	9
394430008	9
394440003	9
394450003	9
394460004	10
394470005	10
394480007	10
394490004	10
394500006	10
394510008	10
394520005	10
394530007	10
394540004	10
394550005	10
394560007	10
394570004	9
394580005	9
394590006	9
394600006	9
394610006	9
394620006	8
394630007	8
394640007	8
394650007	8
394660004	7
394670005	7
394680005	6
394690005	6
394700006	6
394710006	5
394720006	5
394730007	4
394740007	4
394750007	3
394760007	3
394770004	2
394780004	2
394790005	1
394800005	0
394810005	0
394820005	-1
394830007	-1
394840007	-2
394850005	-3
394860006	-3
394870007	-4
394880004	-5
394890006	-5
394900007	-6
394910003	-7
394920005	-7
394930006	-8
394940003	-9
394950004	-9
394960005	-10
394970004	-11
394980006	-11
394990005	-12
395000004	-13
395010007	-13
395020005	-14
395030006	-14
395040005	-15
395050004	-16
395060006	-16
395070004	-17
395080007	-17
395090005	-18
395100007	-18
395110005	-19
395120004	-19
395130006	-20
395140004	-20
395150007	-21
395160005	-21
395170004	-21
395180007	-22
395190005	-22
395200007	-22
395210005	-22
395220004	-23
395230007	-23
395240005	-23
395250004	-23
395260007	-24
395270005	-24
395280003	-24
395290006	-24
395300004	-24
395310007	-24
395320005	-24
395330004	-24
395340006	-24
395350005	-24
395360003	-24
395370006	-24
395380005	-24
395390007	-24
395400005	-24
395410007	-24
395420006	-23
395430003	-23
395440006	-23
395450004	-23
395460007	-22
395470005	-22
395480007	-22
395490006	-21
395500005	-21
395510004	-21
395520006	-20
395530004	-20
395540007	-19
395550005	-19
395560003	-18
395570006	-18
395580004	-17
395590007	-17
395600005	-16
395610003	-16
395620006	-15
395630004	-15
395640003	-14
395650006	-13
395660004	-13
395670007	-12
395680005	-12
395690003	-11
395700006	-10
395710004	-10
395720006	-9
395730004	-8
395740005	-8
395750007	-7
395760004	-6
395770005	-6
395780006	-5
395790003	-4
395800005	-4
395810006	-3
395820007	-2
395830004	-2
395840006	-1
395850006	-1
395860003	0
395870003	1
395880004	1
395890005	2
395900005	2
395910007	3
395920007	3
395930004	4
395940004	4
395950005	5
395960006	5
395970007	6
395980004	6
395990004	6
396000005	7
396010005	7
396020005	7
396030006	8
396040007	8
396050007	8
396060007	8
396070004	9
396080005	9
396090005	9
396100006	9
396110006	9
396120007	9
396130003	9
396140004	9
396150005	9
396160007	9
396170007	9
396180004	9
396190005	9
396200005	9
396210007	9
396220007	9
396230003	9
396240004	9
396250005	9
396260005	8
396270006	8
396280006	8
396290007	7
396300003	7
396310003	7
396320004	6
396330005	6
396340005	6
396350005	5
396360005	5
396370007	4
396380007	4
396390005	3
396400006	3
396410007	2
396420007	2
396430004	1
396440005	1
396450006	0
396460005	0
396470005	-1
396480006	-2
396490003	-2
396500005	-3
396510007	-3
396520007	-4
396530004	-5
396540005	-5
396550006	-6
396560004	-7
396570005	-7
396580006	-8
396590007	-9
396600004	-9
396610006	-10
396620004	-11
396630007	-11
396640005	-12
396650007	-12
396660006	-13
396670003	-14
396680005	-14
396690004	-15
396700007	-15
396710005	-16
396720008	-17
396730006	-17
396740005	-18
396750004	-18
396760007	-18
396770006	-19
396780004	-19
396790006	-20
396800005	-20
396810004	-21
396820006	-21
396830004	-21
396840007	-22
396850005	-22
396860007	-22
396870005	-22
396880008	-23
396890006	-23
396900004	-23
396910007	-23
396920005	-23
396930004	-23
396940007	-24
396950005	-24
396960008	-24
396970006	-24
396980003	-24
396990006	-24
397000004	-24
397010006	-24
397020005	-24
397030007	-24
397040005	-23
397050004	-23
397060006	-23
397070005	-23
397080007	-23
397090005	-22
397100004	-22
397110006	-22
397120005	-22
397130007	-21
397140006	-21
397150003	-21
397160005	-20
397170004	-20
397180007	-19
397190005	-19
397200004	-18
397210007	-18
397220005	-18
397230008	-17
397240006	-16
397250004	-16
397260006	-15
397270005	-15
397280004	-14
397290007	-14
397300006	-13
397310003	-12
397320007	-12
397330006	-11
397340004	-11
397350007	-10
397360005	-9
397370006	-9
397380007	-8
397390004	-7
397400005	-7
397410006	-6
397420007	-5
397430007	-5
397440004	-4
397450005	-4
397460007	-3
397470004	-2
397480005	-2
397490008	-1
397500005	0
397510004	0
397520004	1
397530004	1
397540004	2
397550005	2
397560006	3
397570007	3
397580007	4
397590008	4
397600004	5
397610004	5
397620005	5
397630005	6
397640006	6
397650005	6
397660006	7
397670006	7
397680007	7
397690007	8
397700004	8
397710004	8
397720004	8
397730005	8
397740005	9
397750006	9
397760007	9
397770007	9
397780004	9
397790005	9
397800005	9
397810006	9
397820006	9
397830007	9
397840003	9
397850004	9
397860005	9
397870006	9
397880007	8
397890004	8
397900004	8
397910005	8
397920006	8
397930007	7
397940008	7
397950003	7
397960004	6
397970005	6
397980005	6
397990005	5
398000006	5
398010006	4
398020006	4
398030007	3
398040007	3
398050007	2
398060007	2
398070003	1
398080003	1
398090005	0
398100003	0
398110008	-1
398120005	-2
398130006	-2
398140007	-3
398150003	-3
398160003	-4
398170005	-5
398180005	-5
398190007	-6
398200007	-6
398210005	-7
398220006	-8
398230007	-8
398240004	-9
398250006	-10
398260003	-10
398270007	-11
398280005	-12
398290003	-12
398300006	-13
398310004	-13
398320006	-14
398330005	-15
398340007	-15
398350005	-16
398360007	-16
398370005	-17
398380003	-17
398390006	-18
398400004	-18
398410007	-19
398420005	-19
398430003	-19
398440005	-20
398450004	-20
398460006	-21
398470004	-21
398480006	-21
398490005	-21
398500003	-22
398510006	-22
398520004	-22
398530007	-22
398540006	-23
398550004	-23
398560007	-23
398570005	-23
398580007	-23
398590005	-23
398600007	-23
398610006	-23
398620004	-23
398630008	-23
398640006	-23
398650003	-23
398660006	-23
398670004	-23
398680007	-23
398690005	-23
398700007	-23
398710005	-23
398720004	-22
398730007	-22
398740005	-22
398750004	-22
398760006	-21
398770004	-21
398780006	-21
398790005	-20
398800004	-20
398810006	-20
398820005	-19
398830007	-19
398840005	-18
398850004	-18
398860007	-17
398870005	-17
398880007	-16
398890005	-16
398900004	-15
398910006	-15
398920004	-14
398930007	-14
398940005	-13
398950003	-12
398960006	-12
398970004	-11
398980007	-11
398990005	-10
399000003	-9
399010004	-9
399020005	-8
399030007	-7
399040005	-7
399050006	-6
399060007	-6
399070005	-5
399080005	-4
399090007	-4
399100004	-3
399110006	-3
399120007	-2
399130003	-1
399140004	-1
399150005	0
399160005	0
399170005	1
399180005	1
399190005	2
399200007	3
399210007	3
399220003	3
399230004	4
399240005	4
399250006	5
399260006	5
399270007	6
399280007	6
399290007	6
399300007	6
399310003	7
399320003	7
399330004	7
399340005	8
399350005	8
399360006	8
399370006	8
399380006	8
399390004	8
399400003	8
399410005	9
399420005	9
399430006	9
399440007	9
399450007	9
399460007	9
399470007	9
399480007	9
399490004	9
399500005	8
399510007	8
399520007	8
399530007	8
399540003	8
399550004	7
399560005	7
399570006	7
399580005	7
399590006	6
399600006	6
399610006	6
399620008	5
399630003	5
399640004	4
399650004	4
399660005	3
399670006	3
399680007	3
399690007	2
399700007	2
399710008	1
399720004	0
399730007	0
399740007	-1
399750004	-1
399760005	-2
399770006	-2
399780007	-3
399790005	-4
399800005	-4
399810007	-5
399820007	-6
399830004	-6
399840006	-7
399850006	-7
399860004	-8
399870005	-9
399880006	-9
399890004	-10
399900006	-10
399910005	-11
399920004	-12
399930005	-12
399940004	-13
399950006	-13
399960005	-14
399970003	-15
399980006	-15
399990004	-16
400000006	-16
400010005	-17
400020007	-17
400030005	-18
400040003	-18
400050005	-18
400060004	-19
400070007	-19
400080005	-20
400090004	-20
400100007	-20
400110005	-21
400120007	-21
400130005	-21
400140003	-21
400150007	-22
400160005	-22
400170007	-22
400180005	-22
400190007	-22
400200005	-23
400210004	-23
400220007	-23
400230004	-23
400240007	-23
400250005	-23
400260007	-23
400270005	-23
400280004	-23
400290006	-23
400300005	-23
400310007	-23
400320005	-23
400330004	-22
400340007	-22
400350005	-22
400360004	-22
400370006	-22
400380004	-21
400390007	-21
400400005	-21
400410008	-21
400420005	-20
400430004	-20
400440006	-19
400450004	-19
400460006	-19
400470005	-18
400480007	-18
400490005	-17
400500007	-17
400510006	-16
400520004	-16
400530007	-15
400540005	-15
400550003	-14
400560006	-14
400570005	-13
400580007	-12
400590005	-12
400600007	-11
400610005	-11
400620004	-10
400630006	-10
400640005	-9
400650007	-8
400660007	-8
400670005	-7
400680006	-6
400690007	-6
400700004	-5
400710005	-5
400720006	-4
400730004	-3
400740005	-3
400750007	-2
400760004	-2
400770005	-1
400780006	0
400790006	0
400800005	0
400810005	1
400820006	2
400830006	2
400840007	3
400850008	3
400860007	3
400870004	4
400880005	4
400890005	5
400900006	5
400910006	5
400920006	6
400930007	6
400940003	6
400950005	7
400960005	7
400970005	7
400980005	7
400990005	7
401000005	8
401010006	8
401020006	8
401030006	8
401040007	8
401050007	8
401060008	8
401070004	8
401080005	8
401090004	8
401100005	8
401110005	8
401120006	8
401130007	8
401140004	8
401150005	8
401160005	8
401170006	7
401180006	7
401190006	7
401200006	7
401210007	6
401220007	6
401230007	6
401240007	5
401250007	5
401260007	5
401270003	4
401280008	4
401290004	3
401300004	3
401310004	2
401320005	2
401330005	1
401340005	1
401350006	0
401360005	0
401370005	-1
401380005	-1
401390006	-2
401400006	-2
401410006	-3
401420006	-4
401430006	-4
401440008	-5
401450004	-5
401460005	-6
401470006	-7
401480007	-7
401490003	-8
401500005	-9
401510006	-9
401520004	-10
401530006	-10
401540005	-11
401550007	-11
401560005	-12
401570004	-13
401580006	-13
401590004	-14
401600006	-14
401610004	-15
401620006	-15
401630004	-16
401640006	-16
401650005	-17
401660007	-17
401670005	-18
401680003	-18
401690006	-18
401700004	-19
401710006	-19
401720005	-20
401730008	-20
401740005	-20
401750004	-21
401760007	-21
401770005	-21
401780007	-21
401790006	-22
401800004	-22
401810007	-22
401820005	-22
401830008	-22
401840005	-22
401850004	-22
401860006	-22
401870005	-23
401880003	-23
401890006	-23
401900007	-23
401910005	-23
401920003	-23
401930006	-22
401940004	-22
401950006	-22
401960004	-22
401970006	-22
401980004	-22
401990007	-22
402000005	-21
402010008	-21
402020006	-21
402030008	-21
402040006	-20
402050004	-20
402060006	-19
402070004	-19
402080006	-19
402090005	-18
402100007	-18
402110005	-18
402120004	-17
402130006	-17
402140004	-16
402150006	-16
402160005	-15
402170004	-15
402180006	-14
402190004	-13
402200006	-13
402210005	-12
402220006	-12
402230005	-11
402240004	-11
402250006	-10
402260004	-9
402270005	-9
402280007	-8
402290003	-8
402300005	-7
402310005	-6
402320006	-6
402330003	-5
402340004	-5
402350005	-4
402360005	-3
402370007	-3
402380007	-2
402390004	-2
402400005	-1
402410006	-1
402420007	0
402430007	0
402440003	1
402450003	1
402460003	2
402470003	2
402480004	3
402490004	3
402500004	4
402510004	4
402520005	4
402530006	5
402540006	5
402550007	5
402560007	6
402570003	6
402580007	6
402590004	7
402600003	7
402610004	7
402620004	7
402630004	7
402640005	7
402650005	8
402660005	8
402670006	8
402680006	8
402690006	8
402700007	8
402710008	8
402720004	8
402730005	8
402740005	8
402750005	8
402760005	8
402770006	7
402780007	7
402790007	7
402800007	7
402810003	7
402820004	6
402830004	6
402840004	6
402850005	6
402860005	5
402870005	5
402880005	5
402890005	4
402900006	4
402910006	3
402920006	3
402930006	2
402940006	2
402950006	2
402960007	1
402970007	0
402980006	0
402990006	0
403000005	-1
403010006	-2
403020007	-2
403030004	-3
403040005	-3
403050006	-4
403060006	-4
403070007	-5
403080006	-6
403090008	-6
403100005	-7
403110006	-7
403120006	-8
403130007	-9
403140008	-9
403150006	-10
403160007	-10
403170010	-11
403180008	-12
403190007	-12
403200010	-13
403210009	-13
403220009	-14
403230007	-14
403240008	-15
403250009	-15
403260010	-16
403270011	-16
403280007	-17
403290008	-17
403300009	-18
403310008	-18
403320010	-18
403330009	-19
403340011	-19
403350010	-19
403360007	-20
403370010	-20
403380007	-20
403390010	-21
403400008	-21
403410010	-21
403420004	-21
403430010	-21
403440009	-22
403450010	-22
403460004	-22
403470009	-22
403480011	-22
403490005	-22
403500003	-22
403510005	-22
403520011	-22
403530006	-22
403540004	-22
403550006	-22
403560004	-22
403570007	-22
403580005	-22
403590007	-22
403600006	-22
403610004	-21
403620007	-21
403630005	-21
403640007	-21
403650005	-20
403660003	-20
403670006	-20
403680004	-19
403690007	-19
403700005	-19
403710007	-18
403720004	-18
403730007	-17
403740004	-17
403750007	-17
403760005	-16
403770004	-16
403780006	-15
403790003	-15
403800005	-14
403810004	-14
403820007	-13
403830005	-12
403840003	-12
403850006	-11
403860004	-11
403870006	-10
403880004	-10
403890007	-9
403900004	-8
403910005	-8
403920007	-7
403930007	-7
403940004	-6
403950005	-6
403960007	-5
403970004	-4
403980005	-4
403990005	-3
404000006	-3
404010007	-2
404020004	-1
404030005	-1
404040006	0
404050006	0
404060006	1
404070007	1
404080007	2
404090004	2
404100003	2
404110004	3
404120004	3
404130005	4
404140005	4
404150005	4
404160005	5
404170005	5
404180005	5
404190005	6
404200006	6
404210006	6
404220006	6
404230007	7
404240007	7
404250004	7
404260004	7
404270004	7
404280003	7
404290004	7
404300004	7
404310004	7
404320004	7
404330005	7
404340005	7
404350005	7
404360005	7
404370005	7
404380005	7
404390005	7
404400005	7
404410006	7
404420006	7
404430006	6
404440007	6
404450007	6
404460007	6
404470003	5
404480004	5
404490004	5
404500006	4
404510006	4
404520007	3
404530004	3
404540005	3
404550006	2
404560007	2
404570004	1
404580004	1
404590005	0
404600005	0
404610004	-1
404620005	-1
404630007	-2
404640004	-2
404650005	-3
404660006	-3
404670003	-4
404680004	-4
404690006	-5
404700007	-6
404710004	-6
404720006	-7
404730007	-7
404740004	-8
404750005	-9
404760006	-9
404770005	-10
404780007	-10
404790006	-11
404800004	-11
404810007	-12
404820005	-12
404830003	-13
404840006	-14
404850004	-14
404860007	-15
404870005	-15
404880004	-16
404890007	-16
404900005	-16
404910003	-17
404920006	-17
404930004	-18
404940006	-18
404950005	-18
404960007	-19
404970005	-19
404980007	-19
404990006	-20
405000004	-20
405010006	-20
405020004	-21
405030006	-21
405040004	-21
405050007	-21
405060005	-21
405070003	-21
405080006	-22
405090004	-22
405100006	-22
405110005	-22
405120007	-22
405130005	-22
405140004	-22
405150007	-22
405160005	-22
405170008	-22
405180006	-22
405190004	-22
405200007	-21
405210005	-21
405220004	-21
405230006	-21
405240005	-21
405250004	-21
405260006	-20
405270005	-20
405280007	-20
405290005	-19
405300007	-19
405310005	-19
405320003	-18
405330005	-18
405340007	-18
405350006	-17
405360004	-17
405370007	-16
405380005	-16
405390007	-15
405400005	-15
405410004	-14
405420007	-14
405430005	-13
405440003	-13
405450006	-12
405460008	-12
405470006	-11
405480004	-11
405490007	-10
405500005	-9
405510006	-9
405520007	-8
405530004	-8
405540006	-7
405550007	-7
405560007	-6
405570005	-5
405580005	-5
405590006	-4
405600004	-4
405610005	-3
405620005	-3
405630006	-2
405640007	-2
405650004	-1
405660005	0
405670005	0
405680005	0
405690005	1
405700005	1
405710005	2
405720006	2
405730007	3
405740007	3
405750007	3
405760003	4
405770007	4
405780004	5
405790004	5
405800004	5
405810004	5
405820005	6
405830005	6
405840006	6
405850006	6
405860006	6
405870006	7
405880006	7
405890006	7
405900007	7
405910006	7
405920007	7
405930007	7
405940007	7
405950007	7
405960007	7
405970003	7
405980004	7
405990004	7
406000004	7
406010005	7
406020005	7
406030006	6
406040006	6
406050007	6
406060007	6
406070006	6
406080007	5
406090007	5
406100003	5
406110003	4
406120004	4
406130005	3
406140006	3
406150006	3
406160007	2
406170007	2
406180007	1
406190004	1
406200004	0
406210004	0
406220003	0
406230004	-1
406240004	-1
406250005	-2
406260007	-3
406270004	-3
406280005	-4
406290006	-4
406300006	-5
406310007	-5
406320008	-6
406330003	-6
406340005	-7
406350006	-8
406360006	-8
406370007	-9
406380004	-9
406390005	-10
406400004	-10
406410006	-11
406420004	-12
406430007	-12
406440006	-13
406450004	-13
406460007	-14
406470005	-14
406480007	-15
406490005	-15
406500004	-16
406510006	-16
406520004	-16
406530006	-17
406540003	-17
406550006	-18
406560005	-18
406570007	-18
406580005	-19
406590007	-19
406600005	-19
406610004	-20
406620006	-20
406630004	-20
406640007	-20
406650005	-21
406660007	-21
406670005	-21
406680003	-21
406690006	-21
406700004	-21
406710006	-21
406720003	-21
406730006	-21
406740007	-21
406750005	-21
406760004	-21
406770006	-21
406780004	-21
406790006	-21
406800005	-21
406810007	-21
406820005	-21
406830007	-21
406840004	-21
406850006	-21
406860004	-20
406870006	-20
406880004	-20
406890006	-19
406900004	-19
406910007	-19
406920005	-19
406930003	-18
406940005	-18
406950004	-17
406960006	-17
406970004	-17
406980006	-16
406990004	-16
407000006	-15
407010005	-15
407020006	-14
407030005	-14
407040004	-13
407050006	-13
407060004	-12
407070006	-12
407080005	-11
407090004	-11
407100007	-10
407110005	-10
407120007	-9
407130008	-9
407140005	-8
407150007	-7
407160007	-7
407170004	-6
407180005	-6
407190006	-5
407200007	-5
407210004	-4
407220005	-3
407230006	-3
407240007	-2
407250004	-2
407260005	-1
407270007	-1
407280003	0
407290007	0
407300007	1
407310007	1
407320003	1
407330004	2
407340007	2
407350003	3
407360004	3
407370004	3
407380005	4
407390005	4
407400006	4
407410006	5
407420006	5
407430006	5
407440007	6
407450008	6
407460007	6
407470004	6
407480004	6
407490004	6
407500005	6
407510006	7
407520007	7
407530007	7
407540007	7
407550007	7
407560004	7
407570004	7
407580004	7
407590005	7
407600005	7
407610006	7
407620006	6
407630007	6
407640007	6
407650007	6
407660007	6
407670007	6
407680007	5
407690004	5
407700004	5
407710004	4
407720004	4
407730005	4
407740006	3
407750006	3
407760006	3
407770007	2
407780007	2
407790004	1
407800004	1
407810003	0
407820007	0
407830007	0
407840007	-1
407850008	-2
407860005	-2
407870006	-3
407880007	-3
407890004	-4
407900004	-4
407910006	-5
407920007	-5
407930004	-6
407940005	-6
407950005	-7
407960006	-7
407970007	-8
407980004	-9
407990005	-9
408000007	-10
408010005	-10
408020004	-11
408030006	-11
408040004	-12
408050006	-12
408060005	-13
408070007	-13
408080006	-14
408090003	-14
408100006	-15
408110004	-15
408120006	-16
408130004	-16
408140006	-17
408150005	-17
408160007	-17
408170005	-18
408180003	-18
408190006	-18
408200004	-19
408210006	-19
408220004	-19
408230006	-19
408240005	-20
408250007	-20
408260006	-20
408270003	-20
408280005	-21
408290003	-21
408300006	-21
408310005	-21
408320007	-21
408330005	-21
408340007	-21
408350005	-21
408360004	-21
408370006	-21
408380004	-21
408390006	-21
408400004	-21
408410007	-21
408420005	-21
408430004	-21
408440006	-21
408450005	-20
408460004	-20
408470006	-20
408480004	-20
408490004	-19
408500006	-19
408510005	-19
408520007	-19
408530006	-18
408540004	-18
408550006	-18
408560004	-17
408570006	-17
408580004	-16
408590006	-16
408600004	-16
408610007	-15
408620005	-15
408630007	-14
408640006	-14
408650005	-13
408660007	-13
408670005	-12
408680003	-12
408690007	-11
408700005	-11
408710004	-10
408720006	-10
408730005	-9
408740006	-8
408750006	-8
408760008	-7
408770003	-7
408780004	-6
408790005	-6
408800006	-5
408810007	-5
408820007	-4
408830003	-4
408840005	-3
408850007	-3
408860004	-2
408870005	-1
408880006	-1
408890007	0
408900007	0
408910006	0
408920006	1
408930007	1
408940008	2
408950004	2
408960005	3
408970006	3
408980006	3
408990006	3
409000006	4
409010007	4
409020006	4
409030007	5
409040007	5
409050003	5
409060004	5
409070005	6
409080005	6
409090006	6
409100006	6
409110007	6
409120008	6
409130004	6
409140004	6
409150004	6
409160005	6
409170005	6
409180005	6
409190005	6
409200005	6
409210005	6
409220005	6
409230006	6
409240006	6
409250006	6
409260007	6
409270007	5
409280003	5
409290003	5
409300007	5
409310004	4
409320004	4
409330004	4
409340005	3
409350005	3
409360005	3
409370006	2
409380005	2
409390006	1
409400006	1
409410006	1
409420008	0
409430007	0
409440007	-1
409450007	-1
409460004	-2
409470005	-2
409480006	-3
409490007	-3
409500004	-4
409510004	-4
409520005	-5
409530007	-6
409540008	-6
409550004	-7
409560005	-7
409570006	-8
409580007	-8
409590004	-9
409600005	-9
409610006	-10
409620004	-10
409630007	-11
409640005	-11
409650003	-12
409660005	-12
409670004	-13
409680006	-13
409690005	-14
409700007	-14
409710005	-15
409720007	-15
409730006	-16
409740007	-16
409750006	-16
409760004	-17
409770004	-17
409780007	-18
409790005	-18
409800006	-18
409810005	-18
409820003	-19
409830005	-19
409840004	-19
409850006	-20
409860004	-20
409870006	-20
409880004	-20
409890007	-20
409900005	-20
409910007	-21
409920006	-21
409930003	-21
409940005	-21
409950007	-21
409960005	-21
409970007	-21
409980005	-21
409990007	-21
410000005	-21
410010007	-21
410020005	-21
410030007	-21
410040005	-20
410050008	-20
410060006	-20
410070005	-20
410080008	-20
410090006	-19
410100003	-19
410110006	-19
410120004	-18
410130006	-18
410140004	-18
410150007	-18
410160005	-17
410170007	-17
410180005	-16
410190004	-16
410200006	-16
410210004	-15
410220006	-15
410230005	-14
410240007	-14
410250007	-13
410260005	-13
410270004	-12
410280006	-12
410290005	-11
410300007	-11
410310005	-10
410320004	-10
410330007	-9
410340003	-9
410350005	-8
410360006	-8
410370004	-7
410380005	-6
410390006	-6
410400006	-6
410410006	-5
410420007	-4
410430004	-4
410440005	-3
410450006	-3
410460007	-2
410470003	-2
410480005	-1
410490007	-1
410500004	0
410510003	0
410520007	0
410530006	1
410540007	1
410550007	2
410560004	2
410570004	2
410580005	3
410590005	3
410600005	3
410610006	4
410620006	4
410630006	4
410640007	5
410650007	5
410660007	5
410670005	5
410680005	5
410690006	6
410700006	6
410710007	6
410720007	6
410730004	6
410740004	6
410750004	6
410760004	6
410770005	6
410780005	6
410790005	6
410800005	6
410810005	6
410820005	6
410830006	6
410840006	6
410850007	6
410860007	5
410870007	5
410880007	5
410890003	5
410900003	4
410910004	4
410920004	4
410930004	3
410940005	3
410950005	3
410960005	3
410970006	2
410980007	2
410990003	1
411000007	1
411010004	0
411020007	0
411030007	0
411040007	-1
411050003	-1
411060005	-2
411070005	-2
411080006	-3
411090007	-3
411100007	-4
411110004	-4
411120006	-5
411130007	-5
411140007	-6
411150004	-6
411160006	-7
411170006	-7
411180006	-8
411190008	-9
411200004	-9
411210005	-10
411220007	-10
411230006	-11
411240004	-11
411250006	-12
411260004	-12
411270007	-13
411280005	-13
411290003	-14
411300005	-14
411310004	-15
411320006	-15
411330004	-15
411340006	-16
411350004	-16
411360005	-16
411370004	-17
411380006	-17
411390005	-18
411400007	-18
411410005	-18
411420007	-18
411430005	-19
411440007	-19
411450005	-19
411460004	-19
411470006	-20
411480004	-20
411490006	-20
411500005	-20
411510004	-20
411520006	-20
411530004	-20
411540007	-20
411550005	-20
411560007	-20
411570005	-20
411580007	-20
411590005	-20
411600007	-20
411610005	-20
411620007	-20
411630006	-20
411640007	-20
411650005	-20
411660003	-20
411670006	-19
411680004	-19
411690007	-19
411700005	-19
411710007	-19
411720005	-18
411730003	-18
411740006	-18
411750005	-17
411760007	-17
411770005	-17
411780003	-16
411790006	-16
411800005	-15
411810004	-15
411820006	-15
411830004	-14
411840007	-14
411850005	-13
411860004	-13
411870007	-12
411880005	-12
411890004	-11
411900006	-11
411910004	-10
411920006	-10
411930005	-9
411940007	-9
411950003	-8
411960004	-8
411970006	-7
411980007	-7
411990003	-6
412000004	-6
412010005	-5
412020006	-4
412030003	-4
412040004	-3
412050005	-3
412060006	-3
412070007	-2
412080007	-2
412090005	-1
412100006	-1
412110004	0
412120007	0
412130004	1
412140004	1
412150005	1
412160005	2
412170006	2
412180006	3
412190007	3
412200007	3
412210003	3
412220004	4
412230004	4
412240005	4
412250005	4
412260006	5
412270006	5
412280006	5
412290007	5
412300007	5
412310007	5
412320007	6
412330008	6
412340004	6
412350003	6
412360007	6
412370004	6
412380004	6
412390005	6
412400005	6
412410005	6
412420005	6
412430006	5
412440007	5
412450003	5
412460004	5
412470004	5
412480004	5
412490005	4
412500005	4
412510006	4
412520007	3
412530004	3
412540004	3
412550004	3
412560005	2
412570005	2
412580005	1
412590005	1
412600005	1
412610005	0
412620005	0
412630005	-1
412640006	-1
412650008	-2
412660005	-2
412670006	-3
412680006	-3
412690007	-3
412700005	-4
412710005	-4
412720006	-5
412730007	-6
412740004	-6
412750005	-6
412760006	-7
412770007	-8
412780003	-8
412790005	-9
412800006	-9
412810003	-10
412820005	-10
412830003	-11
412840006	-11
412850004	-12
412860006	-12
412870005	-13
412880003	-13
412890005	-13
412900004	-14
412910007	-14
412920005	-15
412930007	-15
412940005	-16
412950004	-16
412960006	-16
412970005	-17
412980007	-17
412990005	-17
413000004	-18
413010007	-18
413020005	-18
413030003	-18
413040006	-19
413050005	-19
413060006	-19
413070005	-19
413080004	-19
413090007	-20
413100005	-20
413110007	-20
413120005	-20
413130004	-20
413140007	-20
413150005	-20
413160007	-20
413170005	-20
413180007	-20
413190005	-20
413200007	-20
413210005	-20
413220008	-20
413230005	-20
413240004	-20
413250007	-19
413260005	-19
413270003	-19
413280006	-19
413290003	-19
413300006	-18
413310004	-18
413320007	-18
413330005	-18
413340007	-17
413350005	-17
413360007	-17
413370005	-16
413380007	-16
413390006	-15
413400008	-15
413410006	-15
413420005	-14
413430004	-14
413440007	-13
413450005	-13
413460008	-12
413470006	-12
413480004	-12
413490006	-11
413500004	-11
413510007	-10
413520005	-10
413530004	-9
413540004	-9
413550005	-8
413560007	-7
413570007	-7
413580008	-6
413590004	-6
413600005	-5
413610007	-5
413620004	-4
413630005	-4
413640007	-3
413650004	-3
413660005	-3
413670006	-2
413680007	-2
413690004	-1
413700005	-1
413710006	0
413720005	0
413730005	1
413740006	1
413750007	1
413760007	2
413770003	2
413780004	2
413790004	3
413800004	3
413810004	3
413820004	3
413830005	4
413840005	4
413850005	4
413860005	4
413870005	5
413880006	5
413890006	5
413900006	5
413910007	5
413920007	5
413930007	5
413940007	5
413950003	5
413960004	5
413970008	5
413980004	5
413990004	5
414000004	5
414010005	5
414020005	5
414030005	5
414040006	5
414050006	5
414060006	5
414070006	4
414080006	4
414090006	4
414100007	4
414110007	3
414120007	3
414130007	3
414140004	3
414150004	2
414160004	2
414170005	1
414180005	1
414190005	1
414200005	0
414210004	0
414220007	-1
414230004	-1
414240005	-1
414250006	-2
414260007	-2
414270004	-3
414280005	-3
414290006	-4
414300006	-4
414310004	-5
414320005	-5
414330006	-6
414340006	-6
414350007	-7
414360007	-7
414370003	-8
414380005	-8
414390007	-9
414400007	-9
414410004	-10
414420006	-10
414430004	-11
414440006	-11
414450005	-12
414460007	-12
414470005	-13
414480008	-13
414490005	-14
414500008	-14
414510006	-14
414520004	-15
414530006	-15
414540005	-16
414550007	-16
414560005	-16
414570007	-17
414580005	-17
414590004	-17
414600007	-18
414610005	-18
414620003	-18
414630005	-18
414640004	-18
414650006	-19
414660004	-19
414670006	-19
414680005	-19
414690003	-19
414700005	-19
414710003	-20
414720006	-20
414730003	-20
414740006	-20
414750004	-20
414760006	-20
414770004	-20
414780006	-20
414790004	-20
414800007	-20
414810005	-20
414820007	-20
414830005	-19
414840007	-19
414850005	-19
414860007	-19
414870007	-19
414880004	-18
414890007	-18
414900006	-18
414910004	-18
414920007	-17
414930005	-17
414940003	-17
414950006	-16
414960004	-16
414970007	-16
414980005	-15
414990004	-15
415000007	-15
415010005	-14
415020007	-14
415030005	-13
415040004	-13
415050007	-12
415060006	-12
415070004	-12
415080007	-11
415090005	-11
415100004	-10
415110007	-10
415120005	-9
415130007	-9
415140004	-8
415150005	-8
415160006	-7
415170007	-7
415180004	-6
415190005	-6
415200007	-5
415210004	-5
415220005	-4
415230006	-4
415240007	-3
415250007	-3
415260004	-2
415270005	-2
415280007	-1
415290004	-1
415300005	-1
415310007	0
415320006	0
415330006	1
415340007	1
415350007	1
415360004	2
415370004	2
415380005	2
415390005	3
415400006	3
415410006	3
415420006	3
415430007	4
415440003	4
415450003	4
415460004	4
415470004	4
415480005	5
415490005	5
415500006	5
415510006	5
415520007	5
415530007	5
415540007	5
415550007	5
415560007	5
415570003	5
415580004	5
415590004	5
415600004	5
415610004	5
415620004	5
415630004	5
415640005	5
415650005	4
415660006	4
415670006	4
415680006	4
415690007	3
415700003	3
415710005	3
415720005	3
415730006	2
415740006	2
415750006	2
415760006	1
415770006	1
415780007	0
415790007	0
415800006	0
415810006	-1
415820006	-1
415830007	-2
415840005	-2
415850006	-2
415860008	-3
415870004	-3
415880006	-4
415890007	-4
415900004	-5
415910005	-5
415920007	-6
415930003	-6
415940005	-7
415950006	-7
415960006	-8
415970007	-8
415980004	-9
415990005	-9
416000007	-10
416010005	-10
416020003	-11
416030006	-11
416040005	-12
416050007	-12
416060006	-12
416070005	-13
416080007	-13
416090006	-14
416100003	-14
416110007	-15
416120006	-15
416130005	-15
416140003	-16
416150006	-16
416160003	-16
416170007	-17
416180005	-17
416190004	-17
416200007	-18
416210005	-18
416220004	-18
416230006	-18
416240004	-18
416250007	-19
416260005	-19
416270007	-19
416280006	-19
416290004	-19
416300006	-19
416310005	-19
416320003	-19
416330006	-19
416340003	-19
416350006	-19
416360004	-19
416370007	-19
416380005	-19
416390004	-19
416400007	-19
416410005	-19
416420003	-19
416430006	-19
416440004	-19
416450007	-19
416460004	-18
416470006	-18
416480005	-18
416490004	-18
416500007	-17
416510006	-17
416520004	-17
416530006	-17
416540005	-16
416550004	-16
416560006	-16
416570005	-15
416580007	-15
416590005	-14
416600003	-14
416610006	-14
416620005	-13
416630007	-13
416640006	-12
416650004	-12
416660007	-11
416670005	-11
416680004	-10
416690006	-10
416700004	-10
416710006	-9
416720004	-9
416730005	-8
416740007	-8
416750004	-7
416760005	-7
416770006	-6
416780003	-6
416790005	-5
416800007	-5
416810004	-4
416820004	-4
416830006	-3
416840007	-3
416850004	-2
416860005	-2
416870006	-2
416880007	-1
416890004	-1
416900005	0
416910006	0
416920006	0
416930006	1
416940006	1
416950007	2
416960003	2
416970005	2
416980005	2
416990006	3
417000006	3
417010006	3
417020007	3
417030003	4
417040004	4
417050005	4
417060005	4
417070005	4
417080005	4
417090005	5
417100006	5
417110005	5
417120005	5
417130005	5
417140005	5
417150005	5
417160006	5
417170006	5
417180007	5
417190007	5
417200008	5
417210004	4
417220004	4
417230005	4
417240005	4
417250005	4
417260006	4
417270007	3
417280007	3
417290003	3
417300003	3
417310004	2
417320004	2
417330004	2
417340005	1
417350005	1
417360005	1
417370005	0
417380005	0
417390004	0
417400004	-1
417410005	-1
417420006	-2
417430004	-2
417440007	-3
417450003	-3
417460004	-4
417470006	-4
417480007	-4
417490004	-5
417500005	-5
417510007	-6
417520004	-6
417530006	-7
417540007	-7
417550004	-8
417560005	-8
417570003	-9
417580004	-9
417590005	-10
417600004	-10
417610007	-11
417620005	-11
417630004	-12
417640007	-12
417650005	-12
417660004	-13
417670007	-13
417680005	-14
417690005	-14
417700007	-15
417710006	-15
417720003	-15
417730007	-16
417740007	-16
417750006	-16
417760005	-16
417770007	-17
417780005	-17
417790008	-17
417800005	-18
417810004	-18
417820007	-18
417830005	-18
417840004	-18
417850007	-18
417860005	-19
417870004	-19
417880007	-19
417890005	-19
417900007	-19
417910006	-19
417920004	-19
417930007	-19
417940005	-19
417950004	-19
417960006	-19
417970004	-19
417980007	-19
417990005	-19
418000004	-19
418010007	-19
418020005	-19
418030007	-18
418040005	-18
418050004	-18
418060007	-18
418070005	-18
418080004	-17
418090006	-17
418100004	-17
418110007	-17
418120005	-16
418130003	-16
418140006	-16
418150004	-15
418160006	-15
418170004	-15
418180007	-14
418190005	-14
418200003	-13
418210005	-13
418220004	-12
418230007	-12
418240005	-12
418250004	-11
418260007	-11
418270005	-10
418280007	-10
418290007	-9
418300007	-9
418310005	-8
418320006	-8
418330007	-7
418340005	-7
418350005	-6
418360007	-6
418370004	-6
418380006	-5
418390007	-5
418400003	-4
418410004	-4
418420005	-3
418430006	-3
418440007	-2
418450005	-2
418460005	-1
418470007	-1
418480004	-1
418490005	0
418500005	0
418510004	0
418520005	1
418530005	1
418540005	1
418550006	2
418560006	2
418570006	2
418580007	3
418590007	3
418600007	3
418610007	3
418620007	3
418630003	4
418640004	4
418650004	4
418660004	4
418670004	4
418680005	4
418690005	4
418700005	4
418710005	4
418720005	4
418730006	4
418740006	4
418750006	4
418760007	4
418770007	4
418780004	4
418790004	4
418800004	4
418810005	4
418820005	4
418830006	4
418840006	3
418850006	3
418860007	3
418870004	3
418880004	2
418890005	2
418900006	2
418910006	2
418920007	1
418930008	1
418940004	1
418950004	0
418960004	0
418970004	0
418980003	-1
418990005	-1
419000006	-2
419010004	-2
419020005	-3
419030006	-3
419040007	-3
419050004	-4
419060005	-4
419070007	-5
419080004	-5
419090006	-6
419100007	-6
419110004	-7
419120005	-7
419130007	-8
419140004	-8
419150006	-9
419160006	-9
419170007	-9
419180005	-10
419190007	-10
419200005	-11
419210003	-11
419220006	-12
419230005	-12
419240004	-13
419250004	-13
419260006	-13
419270004	-14
419280007	-14
419290005	-15
419300003	-15
419310007	-15
419320005	-16
419330007	-16
419340006	-16
419350004	-16
419360007	-17
419370006	-17
419380003	-17
419390006	-17
419400004	-18
419410006	-18
419420005	-18
419430003	-18
419440006	-18
419450004	-18
419460007	-18
419470006	-19
419480003	-19
419490006	-19
419500004	-19
419510006	-19
419520004	-19
419530006	-19
419540005	-19
419550004	-19
419560006	-19
419570004	-19
419580007	-19
419590006	-18
419600005	-18
419610007	-18
419620005	-18
419630004	-18
419640006	-18
419650005	-17
419660007	-17
419670006	-17
419680004	-17
419690007	-16
419700005	-16
419710003	-16
419720007	-15
419730006	-15
419740004	-15
419750007	-14
419760005	-14
419770007	-14
419780006	-13
419790004	-13
419800006	-12
419810004	-12
419820006	-12
419830005	-11
419840004	-11
419850007	-10
419860005	-10
419870005	-9
419880006	-9
419890007	-8
419900007	-8
419910005	-7
419920006	-7
419930007	-7
419940004	-6
419950005	-6
419960007	-5
419970004	-5
419980005	-4
419990006	-4
420000004	-3
420010005	-3
420020006	-3
420030007	-2
420040004	-2
420050005	-1
420060005	-1
420070006	-1
420080007	0
420090006	0
420100007	0
420110006	1
420120007	1
420130004	1
420140005	2
420150005	2
420160006	2
420170006	2
420180006	3
420190006	3
420200006	3
420210007	3
420220007	3
420230007	3
420240004	4
420250004	4
420260005	4
420270005	4
420280006	4
420290007	4
420300007	4
420310004	4
420320005	4
420330005	4
420340006	4
420350006	4
420360006	4
420370006	4
420380007	4
420390007	4
420400004	3
420410004	3
420420004	3
420430005	3
420440005	3
420450005	2
420460006	2
420470007	2
420480007	2
420490007	1
420500004	1
420510005	1
420520004	0
420530007	0
420540007	0
420550004	-1
420560005	-1
420570006	-1
420580007	-2
420590003	-2
420600004	-3
420610005	-3
420620006	-4
420630007	-4
420640004	-4
420650005	-5
420660006	-5
420670007	-6
420680003	-6
420690005	-7
420700007	-7
420710004	-8
420720005	-8
420730006	-9
420740007	-9
420750004	-9
420760006	-10
420770004	-10
420780006	-11
420790004	-11
420800006	-12
420810005	-12
420820003	-12
420830006	-13
420840004	-13
420850007	-14
420860005	-14
420870007	-14
420880005	-15
420890003	-15
420900006	-15
420910004	-16
420920006	-16
420930004	-16
420940006	-16
420950005	-17
420960007	-17
420970005	-17
420980007	-17
420990005	-18
421000007	-18
421010005	-18
421020008	-18
421030006	-18
421040004	-18
421050006	-18
421060005	-18
421070007	-18
421080006	-18
421090003	-18
421100006	-18
421110004	-18
421120007	-18
421130005	-18
421140003	-18
421150006	-18
421160004	-18
421170006	-18
421180005	-18
421190007	-18
421200006	-18
421210003	-18
421220006	-17
421230005	-17
421240007	-17
421250004	-17
421260007	-16
421270005	-16
421280007	-16
421290006	-16
421300004	-15
421310006	-15
421320004	-15
421330006	-14
421340004	-14
421350007	-13
421360005	-13
421370007	-13
421380006	-12
421390004	-12
421400007	-11
421410005	-11
421420004	-11
421430007	-10
421440005	-10
421450003	-9
421460004	-9
421470005	-8
421480007	-8
421490004	-7
421500005	-7
421510007	-7
421520004	-6
421530005	-6
421540007	-5
421550004	-5
421560005	-4
421570006	-4
421580007	-3
421590004	-3
421600005	-3
421610006	-2
421620007	-2
421630004	-1
421640005	-1
421650005	-1
421660007	0
421670007	0
421680007	0
421690007	1
421700007	1
421710004	1
421720004	1
421730005	2
421740005	2
421750005	2
421760006	2
421770006	3
421780006	3
421790006	3
421800007	3
421810007	3
421820007	3
421830003	3
421840003	4
421850004	4
421860004	4
421870004	4
421880004	4
421890005	4
421900006	4
421910007	4
421920006	4
421930007	4
421940007	4
421950004	4
421960004	3
421970005	3
421980005	3
421990006	3
422000006	3
422010006	3
422020007	2
422030007	2
422040004	2
422050004	2
422060005	1
422070005	1
422080006	1
422090007	0
422100006	0
422110005	0
422120005	-1
422130007	-1
422140003	-1
422150005	-2
422160005	-2
422170006	-3
422180007	-3
422190007	-3
422200004	-4
422210006	-4
422220007	-5
422230003	-5
422240004	-5
422250005	-6
422260006	-6
422270007	-7
422280007	-7
422290004	-8
422300005	-8
422310006	-9
422320007	-9
422330004	-9
422340005	-10
422350007	-10
422360006	-11
422370004	-11
422380007	-12
422390005	-12
422400007	-12
422410006	-13
422420004	-13
422430006	-13
422440004	-14
422450007	-14
422460005	-15
422470004	-15
422480006	-15
422490005	-15
422500007	-16
422510005	-16
422520003	-16
422530005	-16
422540007	-17
422550005	-17
422560007	-17
422570005	-17
422580003	-17
422590006	-18
422600004	-18
422610006	-18
422620004	-18
422630006	-18
422640004	-18
422650006	-18
422660004	-18
422670006	-18
422680004	-18
422690006	-18
422700004	-18
422710007	-18
422720005	-18
422730007	-18
422740005	-18
422750003	-18
422760005	-18
422770003	-18
422780006	-17
422790004	-17
422800007	-17
422810005	-17
422820007	-17
422830005	-16
422840007	-16
422850005	-16
422860007	-15
422870005	-15
422880004	-15
422890007	-15
422900005	-14
422910007	-14
422920006	-14
422930005	-13
422940007	-13
422950005	-12
422960003	-12
422970006	-12
422980004	-11
422990006	-11
423000005	-10
423010007	-10
423020004	-9
423030006	-9
423040006	-9
423050004	-8
423060005	-8
423070007	-7
423080003	-7
423090005	-6
423100006	-6
423110006	-6
423120003	-5
423130004	-5
423140005	-4
423150006	-4
423160007	-3
423170003	-3
423180004	-3
423190005	-2
423200006	-2
423210007	-2
423220005	-1
423230005	-1
423240007	0
423250006	0
423260006	0
423270005	0
423280004	1
423290004	1
423300005	1
423310006	2
423320006	2
423330006	2
423340007	2
423350007	2
423360007	3
423370003	3
423380004	3
423390004	3
423400005	3
423410005	3
423420005	3
423430005	3
423440006	3
423450006	3
423460006	3
423470006	3
423480006	3
423490006	3
423500007	3
423510006	3
423520007	3
423530006	3
423540006	3
423550007	3
423560007	3
423570008	3
423580004	2
423590004	2
423600004	2
423610005	2
423620005	2
423630006	1
423640007	1
423650007	1
423660007	0
423670007	0
423680007	0
423690006	-1
423700007	-1
423710004	-1
423720005	-2
423730005	-2
423740006	-2
423750007	-3
423760003	-3
423770005	-4
423780006	-4
423790006	-4
423800007	-5
423810007	-5
423820004	-6
423830005	-6
423840006	-7
423850007	-7
423860004	-7
423870005	-8
423880006	-8
423890003	-9
423900004	-9
423910005	-10
423920003	-10
423930005	-10
423940004	-11
423950005	-11
423960007	-12
423970005	-12
423980003	-12
423990006	-13
424000007	-13
424010005	-13
424020007	-14
424030006	-14
424040007	-14
424050005	-15
424060007	-15
424070005	-15
424080003	-16
424090006	-16
424100004	-16
424110006	-16
424120005	-17
424130007	-17
424140005	-17
424150006	-17
424160004	-17
424170007	-17
424180005	-18
424190007	-18
424200005	-18
424210007	-18
424220005	-18
424230008	-18
424240005	-18
424250007	-18
424260004	-18
424270007	-18
424280005	-18
424290007	-18
424300004	-18
424310006	-18
424320004	-18
424330007	-17
424340004	-17
424350007	-17
424360005	-17
424370007	-17
424380005	-17
424390006	-16
424400005	-16
424410006	-16
424420004	-16
424430006	-15
424440004	-15
424450006	-15
424460005	-15
424470004	-14
424480006	-14
424490005	-13
424500007	-13
424510005	-13
424520004	-12
424530007	-12
424540004	-12
424550007	-11
424560005	-11
424570008	-10
424580005	-10
424590007	-10
424600005	-9
424610006	-9
424620007	-8
424630003	-8
424640006	-7
424650007	-7
424660007	-7
424670004	-6
424680005	-6
424690006	-5
424700007	-5
424710008	-5
424720004	-4
424730005	-4
424740006	-3
424750006	-3
424760007	-3
424770003	-2
424780004	-2
424790005	-1
424800006	-1
424810007	-1
424820003	0
424830007	0
424840007	0
424850006	0
424860006	1
424870006	1
424880006	1
424890007	1
424900006	2
424910006	2
424920007	2
424930007	2
424940003	2
424950004	3
424960004	3
424970004	3
424980004	3
424990005	3
425000005	3
425010005	3
425020005	3
425030006	3
425040006	3
425050006	3
425060006	3
425070006	3
425080006	3
425090006	3
425100006	3
425110006	3
425120006	3
425130007	3
425140007	2
425150007	2
425160007	2
425170008	2
425180007	2
425190004	1
425200004	1
425210004	1
425220004	0
425230008	0
425240007	0
425250006	0
425260006	-1
425270007	-1
425280008	-1
425290005	-2
425300006	-2
425310007	-3
425320004	-3
425330004	-3
425340005	-4
425350006	-4
425360007	-4
425370004	-5
425380005	-5
425390006	-6
425400007	-6
425410007	-6
425420007	-7
425430007	-7
425440004	-8
425450006	-8
425460006	-9
425470007	-9
425480007	-9
425490005	-10
425500007	-10
425510005	-11
425520007	-11
425530005	-11
425540007	-12
425550005	-12
425560003	-12
425570006	-13
425580004	-13
425590006	-14
425600004	-14
425610006	-14
425620004	-15
425630006	-15
425640004	-15
425650006	-15
425660003	-16
425670005	-16
425680004	-16
425690006	-16
425700003	-16
425710006	-17
425720004	-17
425730006	-17
425740004	-17
425750006	-17
425760007	-17
425770006	-17
425780003	-17
425790006	-18
425800005	-18
425810007	-18
425820005	-18
425830007	-18
425840005	-18
425850007	-18
425860005	-18
425870007	-18
425880005	-17
425890007	-17
425900004	-17
425910006	-17
425920005	-17
425930003	-17
425940005	-17
425950007	-16
425960006	-16
425970004	-16
425980006	-16
425990005	-15
426000004	-15
426010006	-15
426020004	-15
426030007	-14
426040005	-14
426050003	-14
426060005	-13
426070007	-13
426080005	-13
426090004	-12
426100006	-12
426110004	-12
426120006	-11
426130004	-11
426140006	-10
426150004	-10
426160006	-10
426170004	-9
426180005	-9
426190006	-8
426200007	-8
426210004	-7
426220004	-7
426230005	-7
426240006	-6
426250007	-6
426260007	-5
426270004	-5
426280005	-5
426290007	-4
426300007	-4
426310004	-3
426320005	-3
426330006	-3
426340007	-2
426350004	-2
426360005	-2
426370007	-1
426380004	-1
426390005	-1
426400006	0
426410006	0
426420005	0
426430004	0
426440004	1
426450004	1
426460005	1
426470005	1
426480005	2
426490005	2
426500005	2
426510005	2
426520004	2
426530004	2
426540005	3
426550005	3
426560006	3
426570006	3
426580006	3
426590006	3
426600006	3
426610006	3
426620006	3
426630007	3
426640007	3
426650007	3
426660007	3
426670008	3
426680008	3
426690004	2
426700004	2
426710004	2
426720004	2
426730004	2
426740005	2
426750005	1
426760005	1
426770005	1
426780005	1
426790005	0
426800004	0
426810004	0
426820008	-1
426830004	-1
426840005	-1
426850005	-2
426860006	-2
426870007	-2
426880003	-3
426890004	-3
426900005	-3
426910005	-4
426920006	-4
426930007	-4
426940004	-5
426950005	-5
426960006	-6
426970006	-6
426980007	-6
426990004	-7
427000005	-7
427010006	-8
427020007	-8
427030004	-9
427040004	-9
427050006	-9
427060007	-10
427070005	-10
427080004	-11
427090007	-11
427100004	-11
427110006	-12
427120004	-12
427130006	-12
427140005	-13
427150007	-13
427160005	-13
427170007	-14
427180005	-14
427190003	-14
427200006	-15
427210004	-15
427220006	-15
427230004	-15
427240005	-16
427250003	-16
427260006	-16
427270004	-16
427280006	-16
427290004	-16
427300007	-17
427310005	-17
427320008	-17
427330006	-17
427340004	-17
427350006	-17
427360003	-17
427370006	-17
427380005	-17
427390007	-17
427400005	-17
427410008	-17
427420005	-17
427430003	-17
427440005	-17
427450003	-17
427460005	-17
427470007	-17
427480005	-17
427490007	-17
427500005	-16
427510003	-16
427520005	-16
427530003	-16
427540005	-16
427550008	-15
427560006	-15
427570003	-15
427580005	-15
427590003	-14
427600005	-14
427610007	-14
427620005	-13
427630004	-13
427640006	-13
427650004	-12
427660006	-12
427670004	-12
427680006	-11
427690004	-11
427700006	-11
427710004	-10
427720006	-10
427730005	-9
427740006	-9
427750006	-9
427760007	-8
427770004	-8
427780005	-7
427790006	-7
427800006	-7
427810007	-6
427820003	-6
427830005	-5
427840005	-5
427850006	-5
427860007	-4
427870004	-4
427880005	-3
427890006	-3
427900007	-3
427910003	-2
427920004	-2
427930005	-2
427940007	-1
427950007	-1
427960008	-1
427970004	0
427980003	0
427990007	0
428000006	0
428010006	1
428020006	1
428030006	1
428040006	1
428050006	1
428060007	2
428070007	2
428080007	2
428090007	2
428100007	2
428110004	2
428120004	2
428130004	2
428140004	2
428150004	3
428160004	3
428170004	3
428180004	3
428190004	3
428200004	3
428210004	3
428220004	3
428230005	2
428240005	2
428250006	2
428260005	2
428270005	2
428280006	2
428290005	2
428300006	1
428310007	1
428320006	1
428330007	1
428340003	0
428350007	0
428360006	0
428370005	0
428380004	-1
428390005	-1
428400006	-1
428410006	-1
428420007	-2
428430004	-2
428440005	-3
428450005	-3
428460006	-3
428470007	-4
428480003	-4
428490004	-4
428500005	-5
428510006	-5
428520006	-6
428530007	-6
428540003	-6
428550004	-7
428560005	-7
428570005	-7
428580006	-8
428590007	-8
428600004	-9
428610005	-9
428620006	-9
428630007	-10
428640005	-10
428650006	-11
428660005	-11
428670007	-11
428680005	-12
428690008	-12
428700005	-12
428710004	-13
428720006	-13
428730004	-13
428740006	-14
428750004	-14
428760006	-14
428770004	-15
428780006	-15
428790005	-15
428800007	-15
428810005	-15
428820007	-16
428830005	-16
428840007	-16
428850005	-16
428860007	-16
428870005	-16
428880007	-17
428890005	-17
428900007	-17
428910005	-17
428920004	-17
428930006	-17
428940003	-17
428950006	-17
428960004	-17
428970007	-17
428980005	-17
428990007	-17
429000005	-17
429010004	-17
429020006	-17
429030004	-17
429040007	-17
429050005	-16
429060007	-16
429070006	-16
429080003	-16
429090006	-16
429100004	-16
429110007	-15
429120005	-15
429130007	-15
429140005	-15
429150003	-14
429160006	-14
429170004	-14
429180007	-13
429190005	-13
429200006	-13
429210004	-12
429220006	-12
429230004	-12
429240006	-11
429250004	-11
429260006	-11
429270004	-10
429280007	-10
429290004	-10
429300007	-9
429310004	-9
429320005	-8
429330006	-8
429340007	-8
429350004	-7
429360005	-7
429370006	-6
429380006	-6
429390003	-6
429400005	-5
429410005	-5
429420006	-5
429430007	-4
429440007	-4
429450004	-3
429460005	-3
429470006	-3
429480007	-2
429490003	-2
429500004	-2
429510005	-1
429520006	-1
429530007	-1
429540004	-1
429550005	0
429560004	0
429570003	0
429580004	0
429590004	1
429600004	1
429610004	1
429620004	1
429630005	1
429640005	2
429650004	2
429660005	2
429670005	2
429680005	2
429690005	2
429700005	2
429710005	2
429720005	2
429730005	2
429740005	2
429750006	2
429760006	2
429770007	2
429780007	2
429790007	2
429800007	2
429810003	2
429820007	2
429830004	2
429840004	2
429850005	1
429860006	1
429870006	1
429880006	1
429890007	1
429900006	0
429910005	0
429920005	0
429930005	0
429940004	-1
429950005	-1
429960006	-1
429970007	-2
429980003	-2
429990004	-2
430000005	-3
430010006	-3
430020006	-3
430030007	-4
430040007	-4
430050004	-4
430060005	-5
430070006	-5
430080007	-5
430090003	-6
430100004	-6
430110006	-7
430120006	-7
430130006	-7
430140007	-8
430150004	-8
430160004	-9
430170005	-9
430180006	-9
430190007	-10
430200005	-10
430210007	-10
430220005	-11
430230004	-11
430240006	-11
430250005	-12
430260003	-12
430270005	-12
430280003	-13
430290005	-13
430300003	-13
430310006	-14
430320004	-14
430330006	-14
430340003	-14
430350006	-15
430360008	-15
430370006	-15
430380003	-15
430390005	-15
430400003	-16
430410006	-16
430420008	-16
430430005	-16
430440007	-16
430450005	-16
430460007	-16
430470005	-16
430480004	-17
430490006	-17
430500007	-17
430510005	-17
430520003	-17
430530006	-17
430540004	-17
430550006	-17
430560004	-17
430570006	-17
430580004	-17
430590007	-16
430600005	-16
430610007	-16
430620005	-16
430630007	-16
430640005	-16
430650007	-16
430660005	-15
430670003	-15
430680006	-15
430690004	-15
430700006	-14
430710003	-14
430720006	-14
430730003	-14
430740006	-13
430750005	-13
430760006	-13
430770004	-12
430780006	-12
430790004	-12
430800007	-11
430810005	-11
430820007	-11
430830005	-10
430840007	-10
430850004	-10
430860007	-9
430870004	-9
430880005	-9
430890007	-8
430900007	-8
430910005	-7
430920005	-7
430930007	-7
430940004	-6
430950005	-6
430960007	-5
430970008	-5
430980004	-5
430990006	-4
431000007	-4
431010003	-4
431020004	-3
431030005	-3
431040005	-3
431050007	-2
431060007	-2
431070004	-2
431080005	-1
431090006	-1
431100006	-1
431110007	-1
431120003	0
431130007	0
431140006	0
431150006	0
431160006	1
431170007	1
431180007	1
431190007	1
431200007	1
431210003	1
431220003	1
431230007	2
431240004	2
431250004	2
431260004	2
431270004	2
431280004	2
431290005	2
431300005	2
431310005	2
431320005	2
431330005	2
431340005	2
431350005	2
431360006	2
431370006	2
431380006	2
431390006	1
431400006	1
431410007	1
431420007	1
431430007	1
431440007	1
431450003	0
431460003	0
431470007	0
431480007	0
431490006	0
431500006	-1
431510006	-1
431520007	-1
431530003	-2
431540004	-2
431550005	-2
431560007	-3
431570004	-3
431580005	-3
431590006	-4
431600006	-4
431610004	-4
431620004	-5
431630006	-5
431640006	-5
431650004	-6
431660005	-6
431670005	-6
431680007	-7
431690007	-7
431700004	-8
431710005	-8
431720005	-8
431730007	-9
431740004	-9
431750005	-9
431760006	-10
431770005	-10
431780007	-11
431790004	-11
431800007	-11
431810005	-12
431820007	-12
431830006	-12
431840007	-12
431850005	-13
431860007	-13
431870005	-13
431880007	-14
431890005	-14
431900003	-14
431910005	-14
431920004	-15
431930006	-15
431940004	-15
431950006	-15
431960004	-15
431970007	-16
431980005	-16
431990007	-16
432000005	-16
432010007	-16
432020005	-16
432030003	-16
432040005	-16
432050008	-16
432060005	-16
432070007	-16
432080005	-16
432090004	-16
432100006	-16
432110004	-16
432120006	-16
432130005	-16
432140007	-16
432150005	-16
432160007	-16
432170006	-16
432180008	-16
432190006	-16
432200004	-15
432210007	-15
432220004	-15
432230007	-15
432240004	-15
432250007	-14
432260004	-14
432270007	-14
432280004	-14
432290007	-13
432300004	-13
432310007	-13
432320005	-13
432330008	-12
432340006	-12
432350004	-12
432360007	-11
432370005	-11
432380007	-11
432390005	-10
432400007	-10
432410005	-10
432420007	-9
432430004	-9
432440005	-9
432450006	-8
432460007	-8
432470007	-7
432480004	-7
432490005	-7
432500006	-6
432510006	-6
432520006	-6
432530004	-5
432540004	-5
432550005	-4
432560006	-4
432570007	-4
432580004	-3
432590005	-3
432600006	-3
432610006	-3
432620007	-2
432630003	-2
432640005	-2
432650006	-1
432660007	-1
432670007	-1
432680005	-1
432690006	0
432700005	0
432710005	0
432720005	0
432730004	0
432740004	1
432750005	1
432760006	1
432770007	1
432780007	1
432790007	1
432800007	1
432810003	1
432820005	2
432830006	2
432840006	2
432850006	2
432860007	2
432870006	2
432880007	2
432890007	2
432900007	2
432910006	2
432920007	2
432930007	1
432940003	1
432950004	1
432960004	1
432970005	1
432980005	1
432990005	1
433000005	0
433010006	0
433020005	0
433030005	0
433040005	0
433050005	-1
433060006	-1
433070007	-1
433080004	-2
433090005	-2
433100006	-2
433110004	-3
433120005	-3
433130006	-3
433140007	-3
433150003	-4
433160004	-4
433170005	-4
433180006	-5
433190007	-5
433200004	-6
433210005	-6
433220006	-6
433230004	-7
433240005	-7
433250006	-7
433260007	-8
433270004	-8
433280005	-8
433290007	-9
433300003	-9
433310005	-9
433320007	-10
433330005	-10
433340007	-10
433350005	-11
433360003	-11
433370006	-11
433380004	-12
433390006	-12
433400004	-12
433410007	-13
433420004	-13
433430006	-13
433440005	-13
433450004	-14
433460006	-14
433470005	-14
433480004	-14
433490007	-15
433500005	-15
433510007	-15
433520005	-15
433530007	-15
433540005	-15
433550003	-16
433560006	-16
433570004	-16
433580006	-16
433590004	-16
433600007	-16
433610005	-16
433620004	-16
433630006	-16
433640004	-16
433650006	-16
433660004	-16
433670006	-16
433680004	-16
433690007	-16
433700005	-16
433710007	-16
433720005	-16
433730003	-16
433740006	-15
433750004	-15
433760006	-15
433770004	-15
433780006	-15
433790004	-15
433800007	-14
433810005	-14
433820007	-14
433830006	-14
433840004	-13
433850006	-13
433860004	-13
433870007	-13
433880005	-12
433890007	-12
433900005	-12
433910003	-11
433920006	-11
433930005	-11
433940007	-10
433950005	-10
433960007	-10
433970006	-9
433980006	-9
433990004	-9
434000005	-8
434010006	-8
434020008	-8
434030005	-7
434040006	-7
434050007	-7
434060004	-6
434070005	-6
434080006	-6
434090007	-5
434100004	-5
434110004	-4
434120005	-4
434130006	-4
434140007	-3
434150003	-3
434160004	-3
434170005	-3
434180006	-2
434190007	-2
434200007	-2
434210005	-1
434220005	-1
434230007	-1
434240004	-1
434250004	0
434260003	0
434270003	0
434280004	0
434290004	0
434300004	0
434310004	1
434320004	1
434330004	1
434340005	1
434350005	1
434360005	1
434370005	1
434380006	1
434390006	1
434400006	1
434410006	1
434420007	1
434430007	1
434440007	1
434450007	1
434460003	1
434470007	1
434480007	1
434490004	1
434500004	1
434510005	1
434520005	1
434530005	1
434540005	0
434550004	0
434560003	0
434570007	0
434580007	0
434590007	-1
434600004	-1
434610005	-1
434620005	-1
434630007	-2
434640007	-2
434650004	-2
434660006	-2
434670007	-3
434680004	-3
434690005	-3
434700006	-4
434710006	-4
434720007	-4
434730004	-5
434740005	-5
434750006	-5
434760007	-6
434770004	-6
434780005	-6
434790006	-7
434800007	-7
434810004	-7
434820005	-8
434830006	-8
434840004	-9
434850006	-9
434860007	-9
434870007	-9
434880004	-10
434890007	-10
434900005	-10
434910004	-11
434920006	-11
434930004	-11
434940007	-12
434950005	-12
434960004	-12
434970007	-13
434980005	-13
434990007	-13
435000005	-13
435010004	-14
435020007	-14
435030006	-14
435040004	-14
435050007	-14
435060004	-15
435070006	-15
435080005	-15
435090004	-15
435100007	-15
435110005	-15
435120008	-15
435130006	-16
435140005	-16
435150004	-16
435160007	-16
435170005	-16
435180007	-16
435190005	-16
435200007	-16
435210005	-16
435220007	-16
435230005	-16
435240008	-16
435250006	-16
435260004	-16
435270007	-16
435280005	-15
435290004	-15
435300006	-15
435310003	-15
435320006	-15
435330004	-15
435340006	-15
435350004	-14
435360006	-14
435370005	-14
435380004	-14
435390003	-13
435400005	-13
435410004	-13
435420007	-13
435430004	-12
435440006	-12
435450004	-12
435460007	-12
435470005	-11
435480003	-11
435490006	-11
435500005	-10
435510004	-10
435520007	-10
435530005	-9
435540007	-9
435550003	-9
435560005	-8
435570007	-8
435580004	-7
435590005	-7
435600006	-7
435610007	-6
435620004	-6
435630005	-6
435640007	-5
435650004	-5
435660005	-5
435670006	-4
435680007	-4
435690004	-4
435700006	-3
435710007	-3
435720007	-3
435730004	-3
435740005	-2
435750007	-2
435760004	-2
435770005	-2
435780006	-1
435790003	-1
435800005	-1
435810006	-1
435820003	0
435830004	0
435840004	0
435850003	0
435860007	0
435870003	0
435880007	0
435890007	1
435900007	1
435910007	1
435920007	1
435930003	1
435940004	1
435950005	1
435960005	1
435970006	1
435980007	1
435990007	1
436000007	1
436010004	1
436020004	1
436030005	1
436040005	1
436050005	1
436060005	1
436070005	1
436080005	0
436090005	0
436100005	0
436110005	0
436120005	0
436130005	0
436140006	-1
436150006	-1
436160007	-1
436170004	-1
436180007	-2
436190004	-2
436200005	-2
436210006	-2
436220007	-3
436230004	-3
436240005	-3
436250007	-4
436260007	-4
436270004	-4
436280005	-5
436290007	-5
436300003	-5
436310005	-6
436320006	-6
436330007	-6
436340005	-7
436350006	-7
436360006	-7
436370004	-8
436380005	-8
436390006	-8
436400007	-9
436410004	-9
436420005	-9
436430006	-10
436440004	-10
436450007	-10
436460005	-11
436470003	-11
436480005	-11
436490004	-11
436500007	-12
436510005	-12
436520008	-12
436530006	-13
436540004	-13
436550007	-13
436560005	-13
436570007	-13
436580005	-14
436590003	-14
436600006	-14
436610005	-14
436620007	-14
436630006	-15
436640004	-15
436650006	-15
436660004	-15
436670007	-15
436680005	-15
436690004	-15
436700007	-15
436710004	-15
436720007	-15
436730006	-15
436740004	-16
436750006	-16
436760005	-16
436770007	-16
436780005	-16
436790004	-16
436800007	-15
436810005	-15
436820007	-15
436830005	-15
436840006	-15
436850005	-15
436860007	-15
436870006	-15
436880004	-15
436890007	-14
436900005	-14
436910007	-14
436920005	-14
436930003	-14
436940006	-13
436950004	-13
436960006	-13
436970005	-13
436980003	-12
436990006	-12
437000004	-12
437010007	-11
437020004	-11
437030007	-11
437040005	-11
437050004	-10
437060007	-10
437070004	-10
437080006	-9
437090007	-9
437100004	-9
437110005	-8
437120006	-8
437130007	-8
437140005	-7
437150005	-7
437160007	-7
437170004	-6
437180005	-6
437190006	-6
437200007	-5
437210004	-5
437220006	-5
437230007	-4
437240004	-4
437250005	-4
437260005	-3
437270007	-3
437280004	-3
437290005	-3
437300006	-2
437310007	-2
437320004	-2
437330005	-2
437340006	-1
437350003	-1
437360004	-1
437370005	-1
437380006	-1
437390007	0
437400007	0
437410007	0
437420007	0
437430007	0
437440003	0
437450007	0
437460007	0
437470007	1
437480004	1
437490005	1
437500005	1
437510005	1
437520005	1
437530005	1
437540005	1
437550006	1
437560006	1
437570006	1
437580006	1
437590007	1
437600007	1
437610007	0
437620007	0
437630007	0
437640006	0
437650005	0
437660004	0
437670003	0
437680008	-1
437690004	-1
437700005	-1
437710007	-1
437720007	-1
437730004	-2
437740005	-2
437750006	-2
437760004	-3
437770005	-3
437780006	-3
437790007	-3
437800005	-4
437810007	-4
437820004	-4
437830005	-5
437840006	-5
437850007	-5
437860004	-6
437870005	-6
437880006	-6
437890004	-6
437900005	-7
437910005	-7
437920006	-7
437930007	-8
437940004	-8
437950006	-9
437960004	-9
437970005	-9
437980007	-9
437990004	-10
438000007	-10
438010006	-10
438020005	-11
438030007	-11
438040005	-11
438050003	-12
438060006	-12
438070004	-12
438080007	-12
438090005	-13
438100007	-13
438110005	-13
438120003	-13
438130006	-13
438140004	-14
438150007	-14
438160005	-14
438170008	-14
438180006	-14
438190004	-15
438200006	-15
438210004	-15
438220007	-15
438230005	-15
438240003	-15
438250005	-15
438260004	-15
438270007	-15
438280005	-15
438290008	-15
438300005	-15
438310003	-15
438320006	-15
438330004	-15
438340007	-15
438350005	-15
438360004	-15
438370007	-15
438380005	-15
438390003	-15
438400006	-15
438410004	-15
438420007	-15
438430005	-14
438440003	-14
438450006	-14
438460004	-14
438470006	-14
438480005	-13
438490007	-13
438500005	-13
438510004	-13
438520007	-12
438530005	-12
438540007	-12
438550005	-12
438560004	-11
438570007	-11
438580005	-11
438590003	-10
438600006	-10
438610005	-10
438620007	-10
438630006	-9
438640007	-9
438650004	-9
438660005	-8
438670007	-8
438680004	-8
438690006	-7
438700007	-7
438710008	-7
438720005	-6
438730006	-6
438740004	-6
438750004	-5
438760005	-5
438770006	-5
438780006	-4
438790007	-4
438800005	-4
438810006	-4
438820007	-3
438830004	-3
438840004	-3
438850005	-3
438860007	-2
438870004	-2
438880006	-2
438890006	-2
438900003	-1
438910005	-1
438920005	-1
438930006	-1
438940007	-1
438950004	0
438960007	0
438970003	0
438980007	0
438990007	0
439000006	0
439010006	0
439020005	0
439030005	0
439040004	0
439050004	0
439060004	0
439070007	0
439080007	0
439090007	0
439100006	0
439110006	0
439120006	0
439130006	0
439140004	0
439150004	0
439160004	0
439170004	0
439180003	0
439190007	0
439200007	0
439210007	0
439220007	-1
439230004	-1
439240005	-1
439250007	-1
439260008	-1
439270005	-2
439280006	-2
439290007	-2
439300003	-2
439310005	-3
439320006	-3
439330007	-3
439340003	-3
439350005	-4
439360007	-4
439370003	-4
439380005	-5
439390006	-5
439400007	-5
439410004	-6
439420005	-6
439430006	-6
439440007	-6
439450003	-7
439460005	-7
439470005	-7
439480007	-8
439490007	-8
439500004	-8
439510006	-9
439520007	-9
439530004	-9
439540006	-10
439550003	-10
439560006	-10
439570004	-10
439580007	-11
439590005	-11
439600004	-11
439610006	-12
439620004	-12
439630006	-12
439640005	-12
439650008	-13
439660005	-13
439670003	-13
439680006	-13
439690004	-13
439700006	-14
439710005	-14
439720007	-14
439730005	-14
439740007	-14
439750005	-14
439760004	-14
439770007	-15
439780006	-15
439790004	-15
439800007	-15
439810005	-15
439820004	-15
439830006	-15
439840004	-15
439850006	-15
439860005	-15
439870007	-15
439880005	-15
439890005	-15
439900007	-15
439910005	-15
439920007	-15
439930005	-15
439940003	-15
439950006	-15
439960004	-14
439970006	-14
439980004	-14
439990007	-14
440000005	-14
440010007	-14
440020005	-13
440030008	-13
440040006	-13
440050004	-13
440060007	-12
440070005	-12
440080004	-12
440090006	-12
440100004	-12
440110007	-11
440120006	-11
440130004	-11
440140007	-10
440150005	-10
440160003	-10
440170007	-9
440180003	-9
440190004	-9
440200005	-9
440210007	-8
440220003	-8
440230005	-8
440240006	-7
440250006	-7
440260007	-7
440270004	-6
440280005	-6
440290006	-6
440300006	-6
440310007	-5
440320004	-5
440330005	-5
440340006	-4
440350003	-4
440360005	-4
440370006	-3
440380006	-3
440390008	-3
440400004	-3
440410005	-3
440420006	-2
440430006	-2
440440004	-2
440450006	-2
440460006	-1
440470007	-1
440480004	-1
440490005	-1
440500007	-1
440510004	-1
440520005	0
440530004	0
440540004	0
440550004	0
440560004	0
440570008	0
440580007	0
440590006	0
440600006	0
440610005	0
440620005	0
440630005	0
440640004	0
440650004	0
440660007	0
440670007	0
440680006	0
440690006	0
440700005	0
440710005	0
440720004	0
440730004	0
440740004	0
440750005	-1
440760005	-1
440770006	-1
440780007	-1
440790005	-1
440800005	-1
440810008	-2
440820004	-2
440830005	-2
440840006	-2
440850008	-3
440860004	-3
440870006	-3
440880006	-3
440890003	-4
440900004	-4
440910006	-4
440920003	-4
440930004	-5
440940005	-5
440950007	-5
440960003	-6
440970005	-6
440980006	-6
440990003	-6
441000005	-7
441010006	-7
441020003	-7
441030004	-8
441040006	-8
441050007	-8
441060005	-9
441070006	-9
441080003	-9
441090005	-10
441100004	-10
441110007	-10
441120005	-10
441130008	-11
441140006	-11
441150004	-11
441160006	-11
441170004	-12
441180007	-12
441190005	-12
441200003	-12
441210006	-13
441220004	-13
441230006	-13
441240005	-13
441250007	-13
441260006	-14
441270005	-14
441280007	-14
441290005	-14
441300007	-14
441310006	-14
441320004	-14
441330006	-14
441340005	-15
441350004	-15
441360007	-15
441370005	-15
441380004	-15
441390006	-15
441400005	-15
441410007	-15
441420005	-15
441430007	-15
441440005	-15
441450003	-15
441460007	-15
441470005	-15
441480003	-14
441490005	-14
441500004	-14
441510006	-14
441520005	-14
441530004	-14
441540007	-14
441550006	-13
441560004	-13
441570006	-13
441580004	-13
441590007	-13
441600005	-12
441610007	-12
441620005	-12
441630003	-12
441640007	-12
441650005	-11
441660003	-11
441670006	-11
441680004	-10
441690006	-10
441700004	-10
441710007	-10
441720005	-9
441730006	-9
441740007	-9
441750007	-9
441760005	-8
441770007	-8
441780004	-8
441790005	-7
441800006	-7
441810003	-7
441820004	-6
441830005	-6
441840006	-6
441850003	-6
441860005	-5
441870006	-5
441880007	-5
441890004	-4
441900005	-4
441910006	-4
441920006	-4
441930003	-3
441940004	-3
441950006	-3
441960007	-3
441970007	-2
441980004	-2
441990005	-2
442000006	-2
442010003	-2
442020004	-1
442030005	-1
442040006	-1
442050008	-1
442060005	-1
442070006	-1
442080007	-1
442090005	0
442100004	0
442110004	0
442120004	0
442130007	0
442140007	0
442150007	0
442160007	0
442170006	0
442180006	0
442190005	0
442200005	0
442210005	0
442220005	0
442230005	0
442240005	0
442250004	0
442260004	0
442270004	0
442280004	-1
442290005	-1
442300007	-1
442310003	-1
442320005	-1
442330005	-1
442340007	-2
442350008	-2
442360005	-2
442370006	-2
442380007	-2
442390004	-3
442400005	-3
442410006	-3
442420006	-3
442430004	-4
442440004	-4
442450006	-4
442460006	-4
442470008	-5
442480004	-5
442490005	-5
442500007	-6
442510004	-6
442520005	-6
442530006	-6
442540007	-7
442550004	-7
442560006	-7
442570007	-8
442580004	-8
442590005	-8
442600006	-8
442610003	-9
442620004	-9
442630006	-9
442640007	-10
442650005	-10
442660003	-10
442670006	-10
442680004	-11
442690006	-11
442700004	-11
442710006	-11
442720005	-12
442730007	-12
442740005	-12
442750008	-12
442760005	-12
442770004	-13
442780006	-13
442790005	-13
442800008	-13
442810006	-13
442820004	-13
442830006	-14
442840005	-14
442850007	-14
442860005	-14
442870007	-14
442880005	-14
442890008	-14
442900006	-14
442910004	-14
442920007	-14
442930005	-14
442940003	-14
442950006	-14
442960004	-14
442970006	-14
442980005	-14
442990007	-14
443000005	-14
443010004	-14
443020006	-14
443030005	-14
443040003	-14
443050006	-14
443060004	-14
443070006	-14
443080004	-14
443090004	-13
443100007	-13
443110005	-13
443120003	-13
443130006	-13
443140004	-12
443150006	-12
443160005	-12
443170007	-12
443180005	-12
443190004	-11
443200006	-11
443210004	-11
443220007	-11
443230005	-10
443240007	-10
443250006	-10
443260003	-9
443270005	-9
443280007	-9
443290004	-9
443300006	-8
443310007	-8
443320004	-8
443330005	-7
443340006	-7
443350007	-7
443360003	-7
443370005	-6
443380006	-6
443390007	-6
443400004	-6
443410006	-5
443420007	-5
443430007	-5
443440005	-4
443450006	-4
443460007	-4
443470004	-4
443480005	-3
443490006	-3
443500007	-3
443510004	-3
443520005	-3
443530007	-2
443540003	-2
443550005	-2
443560005	-2
443570007	-2
443580004	-1
443590006	-1
443600007	-1
443610007	-1
443620004	-1
443630005	-1
443640007	-1
443650004	-1
443660004	-1
443670006	0
443680005	0
443690005	0
443700005	0
443710005	0
443720005	0
443730005	0
443740004	0
443750004	0
443760003	0
443770007	0
443780007	0
443790006	0
443800006	-1
443810007	-1
443820007	-1
443830004	-1
443840006	-1
443850006	-1
443860007	-1
443870004	-1
443880005	-2
443890005	-2
443900006	-2
443910007	-2
443920007	-2
443930007	-3
443940004	-3
443950006	-3
443960006	-3
443970007	-4
443980004	-4
443990005	-4
444000007	-4
444010004	-5
444020005	-5
444030006	-5
444040007	-5
444050003	-6
444060005	-6
444070005	-6
444080006	-6
444090007	-7
444100007	-7
444110004	-7
444120006	-8
444130007	-8
444140004	-8
444150005	-9
444160006	-9
444170003	-9
444180005	-9
444190004	-10
444200006	-10
444210004	-10
444220006	-10
444230006	-11
444240003	-11
444250005	-11
444260004	-11
444270007	-12
444280004	-12
444290006	-12
444300008	-12
444310006	-12
444320004	-13
444330006	-13
444340004	-13
444350006	-13
444360005	-13
444370008	-13
444380005	-13
444390003	-14
444400006	-14
444410003	-14
444420005	-14
444430004	-14
444440006	-14
444450005	-14
444460004	-14
444470006	-14
444480008	-14
444490006	-14
444500004	-14
444510006	-14
444520004	-14
444530006	-14
444540004	-14
444550007	-14
444560005	-14
444570007	-14
444580005	-14
444590003	-14
444600005	-14
444610003	-13
444620005	-13
444630004	-13
444640006	-13
444650005	-13
444660008	-13
444670006	-13
444680004	-12
444690007	-12
444700004	-12
444710007	-12
444720005	-12
444730003	-11
444740004	-11
444750006	-11
444760004	-11
444770006	-10
444780003	-10
444790005	-10
444800007	-10
444810005	-9
444820005	-9
444830006	-9
444840006	-8
444850007	-8
444860003	-8
444870004	-8
444880004	-7
444890004	-7
444900005	-7
444910007	-6
444920003	-6
444930004	-6
444940005	-6
444950006	-5
444960004	-5
444970005	-5
444980006	-5
444990007	-4
445000004	-4
445010005	-4
445020006	-4
445030007	-3
445040004	-3
445050005	-3
445060006	-3
445070006	-3
445080007	-2
445090004	-2
445100005	-2
445110007	-2
445120003	-2
445130005	-2
445140007	-1
445150003	-1
445160004	-1
445170005	-1
445180006	-1
445190006	-1
445200003	-1
445210004	-1
445220005	-1
445230006	-1
445240007	-1
445250003	-1
445260005	-1
445270006	-1
445280007	-1
445290003	-1
445300004	-1
445310005	-1
445320006	-1
445330006	-1
445340007	-1
445350004	-1
445360005	-1
445370006	-1
445380007	-1
445390004	-1
445400005	-1
445410006	-2
445420007	-2
445430003	-2
445440005	-2
445450005	-2
445460007	-3
445470007	-3
445480004	-3
445490005	-3
445500006	-3
445510004	-4
445520004	-4
445530006	-4
445540006	-4
445550003	-5
445560005	-5
445570007	-5
445580003	-5
445590004	-6
445600005	-6
445610006	-6
445620007	-6
445630005	-7
445640005	-7
445650006	-7
445660007	-7
445670004	-8
445680005	-8
445690006	-8
445700005	-9
445710006	-9
445720007	-9
445730003	-9
445740005	-10
445750003	-10
445760005	-10
445770004	-10
445780006	-11
445790004	-11
445800006	-11
445810005	-11
445820003	-12
445830005	-12
445840003	-12
445850006	-12
445860003	-12
445870006	-12
445880005	-13
445890007	-13
445900005	-13
445910007	-13
445920005	-13
445930004	-13
445940006	-13
445950004	-13
445960006	-14
445970004	-14
445980006	-14
445990004	-14
446000006	-14
446010004	-14
446020006	-14
446030005	-14
446040006	-14
446050004	-14
446060006	-14
446070005	-14
446080007	-14
446090005	-14
446100007	-14
446110006	-14
446120004	-14
446130006	-14
446140005	-13
446150007	-13
446160006	-13
446170004	-13
446180007	-13
446190005	-13
446200007	-13
446210006	-12
446220003	-12
446230006	-12
446240003	-12
446250006	-12
446260007	-11
446270005	-11
446280004	-11
446290006	-11
446300005	-11
446310007	-10
446320005	-10
446330007	-10
446340005	-10
446350004	-9
446360005	-9
446370006	-9
446380007	-9
446390004	-8
446400004	-8
446410005	-8
446420005	-7
446430006	-7
446440007	-7
446450004	-7
446460004	-6
446470005	-6
446480007	-6
446490004	-6
446500005	-5
446510006	-5
446520006	-5
446530004	-5
446540007	-4
446550004	-4
446560005	-4
446570006	-4
446580008	-3
446590008	-3
446600008	-3
446610008	-3
446620009	-3
446630009	-3
446640006	-2
446650006	-2
446660007	-2
446670008	-2
446680010	-2
446690008	-2
446700010	-1
446710010	-1
446720009	-1
446730008	-1
446740008	-1
446750007	-1
446760011	-1
446770010	-1
446780009	-1
446790009	-1
446800009	-1
446810007	-1
446820008	-1
446830009	-1
446840010	-1
446850011	-1
446860007	-1
446870008	-1
446880009	-1
446890011	-1
446900011	-1
446910011	-1
446920004	-1
446930009	-2
446940010	-2
446950011	-2
446960011	-2
446970004	-2
446980005	-2
446990005	-3
447000011	-3
447010011	-3
447020004	-3
447030005	-3
447040005	-3
447050005	-4
447060006	-4
447070003	-4
447080003	-4
447090005	-5
447100006	-5
447110007	-5
447120004	-5
447130005	-6
447140007	-6
447150007	-6
447160008	-6
447170004	-7
447180005	-7
447190005	-7
447200007	-7
447210007	-8
447220005	-8
447230006	-8
447240007	-9
447250003	-9
447260004	-9
447270005	-9
447280006	-9
447290008	-10
447300006	-10
447310004	-10
447320007	-10
447330005	-11
447340007	-11
447350005	-11
447360006	-11
447370004	-12
447380007	-12
447390005	-12
447400007	-12
447410005	-12
447420007	-12
447430006	-12
447440005	-13
447450006	-13
447460004	-13
447470007	-13
447480005	-13
447490003	-13
447500005	-13
447510004	-13
447520007	-13
447530005	-13
447540007	-13
447550005	-14
447560007	-14
447570005	-14
447580008	-14
447590006	-14
447600004	-14
447610007	-14
447620004	-14
447630007	-14
447640005	-14
447650007	-13
447660005	-13
447670003	-13
447680005	-13
447690007	-13
447700005	-13
447710007	-13
447720005	-13
447730007	-13
447740005	-12
447750003	-12
447760005	-12
447770008	-12
447780006	-12
447790005	-12
447800004	-11
447810006	-11
447820003	-11
447830006	-11
447840004	-10
447850007	-10
447860006	-10
447870004	-10
447880007	-9
447890004	-9
447900005	-9
447910006	-9
447920007	-9
447930004	-8
447940005	-8
447950007	-8
447960004	-7
447970005	-7
447980007	-7
447990007	-7
448000004	-6
448010005	-6
448020007	-6
448030003	-6
448040004	-5
448050005	-5
448060006	-5
448070006	-5
448080004	-4
448090004	-4
448100005	-4
448110007	-4
448120004	-4
448130007	-3
448140007	-3
448150004	-3
448160005	-3
448170007	-3
448180007	-3
448190004	-2
448200005	-2
448210006	-2
448220007	-2
448230004	-2
448240005	-2
448250007	-2
448260004	-2
448270005	-1
448280006	-1
448290008	-1
448300004	-1
448310005	-1
448320006	-1
448330007	-1
448340003	-1
448350004	-1
448360005	-1
448370006	-1
448380003	-1
448390005	-1
448400005	-1
448410007	-1
448420004	-1
448430005	-1
448440007	-1
448450005	-2
448460006	-2
448470007	-2
448480004	-2
448490006	-2
448500006	-2
448510008	-2
448520004	-3
448530006	-3
448540007	-3
448550007	-3
448560004	-3
448570005	-3
448580007	-4
448590003	-4
448600004	-4
448610005	-4
448620006	-4
448630007	-5
448640004	-5
448650006	-5
448660007	-5
448670003	-6
448680004	-6
448690005	-6
448700007	-6
448710008	-7
448720004	-7
448730004	-7
448740004	-7
448750005	-8