13320006	-2
13330005	-2
13340004	-1
13350007	0
13360005	0
13370007	1
13380005	2
13390004	2
13400007	3
13410005	3
13420004	4
13430007	4
13440005	5
13450004	5
13460007	6
13470005	6
13480008	6
13490007	7
13500005	7
13510004	8
13520007	8
13530006	8
13540004	8
13550007	9
13560005	9
13570004	9
13580006	9
13590005	9
13600004	10
13610004	10
13620007	10
13630008	10
13640007	10
13650007	10
13660006	10
13670005	10
13680005	10
13690005	10
13700005	10
13710004	10
13720003	10
13730007	9
13740006	9
13750005	9
13760003	9
13770007	9
13780005	8
13790007	8
13800006	8
13810005	7
13820004	7
13830006	7
13840004	6
13850007	6
13860005	5
13870007	5
13880006	4
13890004	4
13900007	3
13910005	3
13920003	2
13930007	2
13940007	1
13950005	1
13960004	0
13970005	-1
13980004	-1
13990007	-2
14000005	-3
14010004	-3
14020008	-4
14030007	-4
14040006	-5
14050005	-6
14060003	-6
14070006	-7
14080005	-8
14090005	-9
14100004	-9
14110007	-10
14120004	-11
14130004	-11
14140005	-12
14150006	-12
14160006	-13
14170007	-14
14180007	-14
14190003	-15
14200004	-16
14210005	-16
14220007	-17
14230007	-17
14240004	-18
14250004	-18
14260005	-19
14270005	-19
14280005	-20
14290005	-20
14300005	-21
14310005	-21
14320005	-21
14330006	-22
14340006	-22
14350006	-22
14360007	-23
14370007	-23
14380007	-23
14390007	-23
14400004	-24
14410004	-24
14420004	-24
14430004	-24
14440003	-24
14450003	-24
14460007	-24
14470007	-24
14480003	-24
14490004	-24
14500004	-24
14510005	-24
14520005	-24
14530005	-24
14540005	-24
14550006	-24
14560006	-24
14570006	-24
14580007	-23
14590007	-23
14600007	-23
14610007	-23
14620004	-22
14630004	-22
14640003	-22
14650004	-21
14660004	-21
14670004	-21
14680005	-20
14690005	-20
14700006	-19
14710007	-19
14720007	-18
14730003	-18
14740003	-17
14750004	-17
14760005	-16
14770006	-16
14780006	-15
14790006	-14
14800007	-14
14810007	-13
14820007	-12
14830003	-12
14840007	-11
14850003	-11
14860004	-10
14870004	-9
14880007	-9
14890006	-8
14900005	-7
14910004	-7
14920004	-6
14930003	-5
14940006	-5
14950005	-4
14960004	-3
14970004	-3
14980007	-2
14990006	-1
15000005	-1
15010004	0
15020006	0
15030004	1
15040006	2
15050005	2
15060004	3
15070007	3
15080006	4
15090004	4
15100007	5
15110006	5
15120005	6
15130004	6
15140006	6
15150005	7
15160007	7
15170006	7
15180005	8
15190004	8
15200007	8
15210006	9
15220004	9
15230007	9
15240006	9
15250005	9
15260007	9
15270006	9
15280004	9
15290007	10
15300006	10
15310007	10
15320007	10
15330006	10
15340005	10
15350005	10
15360006	9
15370004	9
15380007	9
15390005	9
15400004	9
15410007	9
15420006	8
15430003	8
15440006	8
15450005	8
15460004	7
15470006	7
15480005	6
15490007	6
15500005	6
15510005	5
15520003	5
15530006	4
15540005	4
15550004	3
15560007	3
15570006	2
15580005	2
15590004	1
15600006	1
15610006	0
15620004	-1
15630006	-1
15640005	-2
15650005	-3
15660004	-3
15670004	-4
15680007	-4
15690006	-5
15700005	-6
15710004	-6
15720007	-7
15730006	-8
15740005	-8
15750005	-9
15760007	-10
15770004	-10
15780004	-11
15790004	-12
15800004	-12
15810005	-13
15820005	-13
15830005	-14
15840006	-15
15850007	-15
15860007	-16
15870003	-16
15880004	-17
15890005	-17
15900004	-18
15910005	-18
15920005	-19
15930005	-19
15940006	-20
15950007	-20
15960007	-21
15970007	-21
15980003	-21
15990004	-22
16000004	-22
16010005	-22
16020005	-22
16030005	-23
16040005	-23
16050006	-23
16060007	-23
16070007	-24
16080008	-24
16090003	-24
16100004	-24
16110004	-24
16120004	-24
16130004	-24
16140005	-24
16150005	-24
16160005	-24
16170005	-24
16180006	-24
16190006	-24
16200007	-24
16210007	-23
16220007	-23
16230007	-23
16240007	-23
16250003	-23
16260004	-22
16270004	-22
16280004	-22
16290005	-21
16300005	-21
16310005	-21
16320005	-20
16330005	-20
16340005	-19
16350006	-19
16360007	-18
16370007	-18
16380007	-18
16390007	-17
16400007	-16
16410008	-16
16420004	-15
16430004	-15
16440004	-14
16450004	-14
16460004	-13
16470004	-12
16480005	-12
16490006	-11
16500006	-10
16510007	-10
16520003	-9
16530006	-9
16540006	-8
16550006	-7
16560004	-6
16570007	-6
16580006	-5
16590005	-5
16600004	-4
16610003	-3
16620007	-3
16630005	-2
16640004	-1
16650007	-1
16660006	0
16670004	0
16680005	1
16690008	1
16700007	2
16710006	3
16720004	3
16730006	3
16740005	4
16750007	4
16760005	5
16770007	5
16780006	6
16790005	6
16800004	6
16810007	7
16820005	7
16830007	7
16840005	8
16850004	8
16860006	8
16870005	8
16880005	9
16890007	9
16900006	9
16910005	9
16920007	9
16930007	9
16940005	9
16950004	9
16960006	9
16970005	9
16980004	9
16990007	9
17000006	9
17010005	9
17020004	9
17030007	9
17040005	9
17050003	8
17060006	8
17070004	8
17080003	8
17090007	7
17100005	7
17110003	7
17120007	6
17130005	6
17140007	6
17150006	5
17160005	5
17170003	4
17180007	4
17190007	3
17200005	3
17210007	2
17220006	2
17230004	1
17240006	1
17250005	0
17260007	0
17270005	-1
17280004	-2
17290007	-2
17300007	-3
17310005	-3
17320004	-4
17330003	-5
17340006	-5
17350006	-6
17360005	-7
17370004	-7
17380003	-8
17390007	-9
17400007	-9
17410005	-10
17420005	-10
17430006	-11
17440007	-12
17450007	-12
17460003	-13
17470007	-14
17480004	-14
17490004	-15
17500004	-15
17510005	-16
17520005	-16
17530006	-17
17540006	-17
17550007	-18
17560007	-18
17570004	-19
17580004	-19
17590004	-20
17600004	-20
17610004	-20
17620005	-21
17630006	-21
17640006	-21
17650006	-22
17660006	-22
17670007	-22
17680007	-22
17690007	-23
17700003	-23
17710004	-23
17720005	-23
17730005	-23
17740005	-23
17750006	-24
17760006	-24
17770007	-24
17780007	-24
17790007	-24
17800007	-24
17810003	-24
17820004	-24
17830005	-23
17840006	-23
17850006	-23
17860007	-23
17870007	-23
17880007	-23
17890007	-22
17900007	-22
17910007	-22
17920007	-22
17930004	-21
17940005	-21
17950005	-21
17960005	-20
17970005	-20
17980006	-19
17990006	-19
18000007	-18
18010007	-18
18020003	-17
18030003	-17
18040004	-16
18050004	-16
18060005	-15
18070005	-15
18080005	-14
18090005	-14
18100005	-13
18110006	-12
18120005	-12
18130006	-11
18140007	-11
18150007	-10
18160007	-9
18170006	-9
18180005	-8
18190005	-7
18200004	-7
18210003	-6
18220007	-6
18230006	-5
18240004	-4
18250004	-4
18260004	-3
18270007	-2
18280006	-2
18290005	-1
18300004	-1
18310007	0
18320006	1
18330005	1
18340003	2
18350006	2
18360005	3
18370004	3
18380007	4
18390006	4
18400005	5
18410003	5
18420007	5
18430005	6
18440003	6
18450006	6
18460005	7
18470007	7
18480005	7
18490007	8
18500006	8
18510005	8
18520004	8
18530006	8
18540006	9
18550004	9
18560006	9
18570005	9
18580003	9
18590006	9
18600005	9
18610004	9
18620006	9
18630005	9
18640004	9
18650007	9
18660005	9
18670008	9
18680006	8
18690005	8
18700004	8
18710007	8
18720005	7
18730007	7
18740005	7
18750004	6
18760006	6
18770005	6
18780003	5
18790006	5
18800004	5
18810008	4
18820005	4
18830004	3
18840007	3
18850005	2
18860004	2
18870007	1
18880006	1
18890004	0
18900006	0
18910003	-1
18920007	-2
18930006	-2
18940005	-3
18950003	-3
18960007	-4
18970005	-5
18980004	-5
18990008	-6
19000007	-7
19010005	-7
19020004	-8
19030004	-9
19040007	-9
19050006	-10
19060006	-10
19070007	-11
19080007	-12
19090007	-12
19100007	-13
19110004	-13
19120004	-14
19130004	-15
19140004	-15
19150005	-16
19160005	-16
19170007	-17
19180006	-17
19190006	-18
19200006	-18
19210006	-19
19220006	-19
19230007	-19
19240006	-20
19250007	-20
19260004	-21
19270003	-21
19280004	-21
19290004	-21
19300003	-22
19310004	-22
19320005	-22
19330005	-22
19340005	-23
19350005	-23
19360005	-23
19370006	-23
19380006	-23
19390007	-23
19400006	-23
19410007	-23
19420007	-23
19430003	-23
19440004	-23
19450004	-23
19460004	-23
19470004	-23
19480005	-23
19490006	-23
19500006	-23
19510007	-22
19520007	-22
19530007	-22
19540003	-22
19550004	-21
19560004	-21
19570004	-21
19580005	-21
19590005	-20
19600005	-20
19610007	-19
19620007	-19
19630004	-19
19640004	-18
19650005	-18
19660006	-17
19670006	-17
19680007	-16
19690007	-16
19700003	-15
19710005	-15
19720005	-14
19730006	-13
19740007	-13
19750007	-12
19760006	-12
19770006	-11
19780007	-10
19790007	-10
19800003	-9
19810007	-9
19820006	-8
19830006	-7
19840004	-7
19850007	-6
19860006	-5
19870005	-5
19880004	-4
19890007	-4
19900006	-3
19910005	-2
19920003	-2
19930007	-1
19940006	-1
19950005	0
19960006	0
19970004	1
19980007	2
19990006	2
20000003	3
20010006	3
20020005	3
20030007	4
20040006	4
20050005	5
20060007	5
20070006	6
20080007	6
20090006	6
20100004	6
20110007	7
20120005	7
20130004	7
20140007	8
20150005	8
20160004	8
20170006	8
20180004	8
20190007	8
20200005	8
20210004	8
20220006	9
20230004	9
20240006	9
20250004	9
20260007	9
20270006	9
20280005	9
20290004	8
20300007	8
20310006	8
20320004	8
20330007	8
20340005	8
20350004	7
20360006	7
20370004	7
20380008	6
20390006	6
20400004	6
20410007	5
20420005	5
20430004	5
20440007	4
20450005	4
20460004	3
20470007	3
20480006	2
20490005	2
20500003	1
20510006	1
20520005	0
20530007	0
20540004	-1
20550007	-1
20560006	-2
20570005	-3
20580003	-3
20590007	-4
20600007	-4
20610007	-5
20620006	-6
20630005	-6
20640004	-7
20650007	-8
20660006	-8
20670005	-9
20680004	-9
20690007	-10
20700004	-11
20710005	-11
20720005	-12
20730006	-12
20740006	-13
20750007	-14
20760007	-14
20770007	-15
20780007	-15
20790007	-16
20800007	-16
20810004	-17
20820004	-17
20830005	-18
20840005	-18
20850005	-18
20860006	-19
20870007	-19
20880006	-20
20890007	-20
20900007	-20
20910007	-21
20920007	-21
20930004	-21
20940004	-22
20950004	-22
20960004	-22
20970005	-22
20980005	-22
20990006	-22
21000007	-23
21010007	-23
21020007	-23
21030007	-23
21040007	-23
21050004	-23
21060003	-23
21070004	-23
21080004	-23
21090005	-23
21100006	-23
21110006	-23
21120007	-23
21130007	-22
21140007	-22
21150003	-22
21160008	-22
21170004	-22
21180004	-21
21190005	-21
21200005	-21
21210006	-20
21220006	-20
21230007	-20
21240007	-19
21250003	-19
21260004	-18
21270004	-18
21280004	-18
21290005	-17
21300006	-17
21310007	-16
21320007	-16
21330004	-15
21340004	-15
21350005	-14
21360005	-13
21370005	-13
21380006	-12
21390007	-12
21400007	-11
21410004	-10
21420005	-10
21430005	-9
21440004	-9
21450007	-8
21460006	-7
21470005	-7
21480005	-6
21490004	-6
21500007	-5
21510006	-4
21520005	-4
21530004	-3
21540006	-3
21550006	-2
21560005	-1
21570004	-1
21580007	0
21590005	0
21600007	1
21610006	1
21620004	2
21630006	2
21640004	3
21650007	3
21660006	4
21670004	4
21680007	4
21690006	5
21700004	5
21710007	6
21720005	6
21730004	6
21740006	6
21750005	7
21760004	7
21770007	7
21780005	7
21790004	8
21800007	8
21810005	8
21820004	8
21830007	8
21840005	8
21850004	8
21860007	8
21870005	8
21880005	8
21890003	8
21900006	8
21910005	8
21920003	8
21930006	8
21940005	8
21950003	8
21960006	7
21970005	7
21980004	7
21990006	7
22000004	6
22010007	6
22020005	6
22030004	6
22040007	5
22050006	5
22060005	4
22070004	4
22080007	3
22090005	3
22100007	3
22110006	2
22120005	2
22130007	1
22140006	1
22150005	0
22160007	0
22170005	-1
22180004	-2
22190007	-2
22200006	-3
22210005	-3
22220004	-4
22230007	-4
22240005	-5
22250004	-6
22260007	-6
22270006	-7
22280005	-8
22290004	-8
22300007	-9
22310006	-9
22320005	-10
22330006	-11
22340006	-11
22350003	-12
22360008	-12
22370004	-13
22380004	-13
22390005	-14
22400006	-15
22410006	-15
22420007	-16
22430003	-16
22440004	-16
22450004	-17
22460004	-17
22470004	-18
22480005	-18
22490005	-19
22500006	-19
22510007	-19
22520007	-20
22530003	-20
22540004	-20
22550005	-21
22560005	-21
22570005	-21
22580006	-21
22590006	-22
22600006	-22
22610007	-22
22620007	-22
22630007	-22
22640003	-22
22650004	-22
22660004	-22
22670003	-22
22680003	-22
22690003	-22
22700004	-22
22710005	-22
22720005	-22
22730005	-22
22740006	-22
22750007	-22
22760006	-22
22770006	-22
22780007	-22
22790007	-21
22800007	-21
22810003	-21
22820004	-21
22830004	-20
22840005	-20
22850005	-20
22860006	-19
22870006	-19
22880007	-18
22890007	-18
22900007	-18
22910005	-17
22920005	-17
22930006	-16
22940006	-16
22950007	-15
22960007	-15
22970004	-14
22980005	-14
22990006	-13
23000005	-13
23010006	-12
23020006	-12
23030007	-11
23040003	-10
23050004	-10
23060005	-9
23070004	-9
23080004	-8
23090007	-7
23100006	-7
23110005	-6
23120003	-6
23130007	-5
23140005	-4
23150004	-4
23160007	-3
23170006	-3
23180005	-2
23190004	-1
23200007	-1
23210006	0
23220007	0
23230006	1
23240004	1
23250007	2
23260005	2
23270004	3
23280006	3
23290004	3
23300007	4
23310005	4
23320007	5
23330006	5
23340003	5
23350008	6
23360006	6
23370004	6
23380006	6
23390005	7
23400004	7
23410007	7
23420005	7
23430004	7
23440006	8
23450005	8
23460004	8
23470006	8
23480005	8
23490003	8
23500006	8
23510005	8
23520004	8
23530007	8
23540005	8
23550004	8
23560005	8
23570008	7
23580006	7
23590004	7
23600006	7
23610003	6
23620005	6
23630007	6
23640005	6
23650007	5
23660005	5
23670007	5
23680005	4
23690004	4
23700007	3
23710005	3
23720007	3
23730007	2
23740005	2
23750004	1
23760006	1
23770005	0
23780007	0
23790004	-1
23800007	-1
23810006	-2
23820005	-3
23830004	-3
23840003	-4
23850007	-4
23860006	-5
23870005	-5
23880004	-6
23890003	-7
23900007	-7
23910006	-8
23920005	-8
23930005	-9
23940004	-10
23950004	-10
23960004	-11
23970004	-11
23980005	-12
23990005	-12
24000005	-13
24010006	-14
24020006	-14
24030007	-15
24040003	-15
24050004	-16
24060005	-16
24070005	-17
24080005	-17
24090005	-17
24100005	-18
24110005	-18
24120006	-19
24130006	-19
24140006	-19
24150007	-20
24160007	-20
24170007	-20
24180004	-21
24190004	-21
24200003	-21
24210004	-21
24220004	-21
24230005	-22
24240005	-22
24250005	-22
24260005	-22
24270005	-22
24280006	-22
24290006	-22
24300006	-22
24310006	-22
24320006	-22
24330007	-22
24340007	-22
24350008	-22
24360003	-22
24370004	-22
24380004	-22
24390004	-22
24400004	-21
24410005	-21
24420005	-21
24430005	-21
24440006	-20
24450006	-20
24460006	-20
24470007	-19
24480003	-19
24490004	-19
24500004	-18
24510005	-18
24520005	-18
24530006	-17
24540006	-17
24550006	-16
24560006	-16
24570007	-15
24580007	-15
24590007	-14
24600007	-14
24610007	-13
24620003	-13
24630005	-12
24640005	-12
24650006	-11
24660006	-10
24670006	-10
24680007	-9
24690005	-9
24700004	-8
24710008	-7
24720006	-7
24730005	-6
24740004	-6
24750007	-5
24760005	-5
24770005	-4
24780003	-3
24790006	-3
24800005	-2
24810004	-2
24820007	-1
24830006	-1
24840005	0
24850007	0
24860006	1
24870004	1
24880007	2
24890005	2
24900003	3
24910006	3
24920004	3
24930007	4
24940005	4
24950004	5
24960007	5
24970005	5
24980004	6
24990007	6
25000005	6
25010007	6
25020006	6
25030005	7
25040007	7
25050005	7
25060004	7
25070006	7
25080005	7
25090003	7
25100006	7
25110004	7
25120007	7
25130005	7
25140003	7
25150006	7
25160004	7
25170007	7
25180004	7
25190007	7
25200005	7
25210003	7
25220007	6
25230005	6
25240004	6
25250006	6
25260005	5
25270004	5
25280005	5
25290003	4
25300005	4
25310008	4
25320006	3
25330008	3
25340007	2
25350005	2
25360007	2
25370006	1
25380008	1
25390006	0
25400008	0
25410007	-1
25420010	-1
25430009	-2
25440010	-3
25450008	-3
25460009	-4
25470010	-4
25480009	-5
25490015	-6
25500008	-6
25510009	-7
25520008	-7
25530010	-8
25540009	-8
25550008	-9
25560008	-10
25570007	-10
25580008	-11
25590009	-11
25600009	-12
25610010	-12
25620010	-13
25630010	-13
25640011	-14
25650011	-14
25660011	-15
25670011	-15
25680011	-16
25690004	-16
25700005	-17
25710006	-17
25720006	-18
25730006	-18
25740007	-18
25750007	-19
25760007	-19
25770007	-19
25780007	-20
25790007	-20
25800007	-20
25810004	-21
25820005	-21
25830005	-21
25840005	-21
25850005	-21
25860005	-21
25870006	-22
25880006	-22
25890006	-22
25900006	-22
25910007	-22
25920007	-22
25930007	-22
25940007	-22
25950004	-22
25960004	-22
25970004	-22
25980004	-22
25990004	-22
26000004	-21
26010004	-21
26020004	-21
26030004	-21
26040004	-21
26050005	-20
26060005	-20
26070005	-20
26080006	-19
26090007	-19
26100007	-19
26110007	-18
26120008	-18
26130004	-18
26140004	-17
26150004	-17
26160005	-16
26170005	-16
26180005	-15
26190006	-15
26200005	-15
26210005	-14
26220005	-13
26230005	-13
26240005	-12
26250006	-12
26260006	-11
26270007	-11
26280007	-10
26290007	-10
26300007	-9
26310006	-9
26320005	-8
26330004	-7
26340008	-7
26350007	-6
26360005	-6
26370004	-5
26380007	-4
26390005	-4
26400005	-3
26410007	-3
26420006	-2
26430005	-2
26440004	-1
26450008	-1
26460007	0
26470005	0
26480007	1
26490005	1
26500007	2
26510006	2
26520004	3
26530007	3
26540005	3
26550004	4
26560007	4
26570006	4
26580005	5
26590007	5
26600005	5
26610004	6
26620007	6
26630005	6
26640004	6
26650006	6
26660004	7
26670007	7
26680005	7
26690004	7
26700007	7
26710005	7
26720004	7
26730006	7
26740005	7
26750003	7
26760006	7
26770006	7
26780004	7
26790007	7
26800005	7
26810003	7
26820007	6
26830005	6
26840004	6
26850007	6
26860005	6
26870004	5
26880007	5
26890006	5
26900004	4
26910007	4
26920005	4
26930004	3
26940007	3
26950005	3
26960004	2
26970006	2
26980005	1
26990004	1
27000007	0
27010005	0
27020007	-1
27030007	-1
27040006	-2
27050005	-2
27060004	-3
27070007	-3
27080006	-4
27090006	-5
27100004	-5
27110003	-6
27120006	-6
27130006	-7
27140005	-7
27150004	-8
27160004	-9
27170007	-9
27180007	-10
27190007	-10
27200004	-11
27210004	-11
27220004	-12
27230004	-12
27240005	-13
27250005	-13
27260006	-14
27270007	-15
27280007	-15
27290003	-15
27300004	-16
27310004	-16
27320004	-17
27330005	-17
27340005	-18
27350005	-18
27360006	-18
27370006	-19
27380007	-19
27390007	-19
27400007	-20
27410007	-20
27420003	-20
27430004	-20
27440004	-21
27450005	-21
27460005	-21
27470006	-21
27480005	-21
27490005	-21
27500005	-21
27510006	-21
27520007	-21
27530006	-22
27540007	-22
27550007	-22
27560007	-22
27570008	-22
27580004	-22
27590004	-21
27600004	-21
27610005	-21
27620005	-21
27630006	-21
27640006	-21
27650006	-20
27660007	-20
27670003	-20
27680004	-20
27690004	-19
27700004	-19
27710004	-19
27720004	-18
27730005	-18
27740005	-18
27750005	-17
27760005	-17
27770006	-16
27780006	-16
27790007	-15
27800007	-15
27810007	-15
27820007	-14
27830008	-14
27840004	-13
27850005	-12
27860006	-12
27870006	-11
27880007	-11
27890007	-10
27900003	-10
27910004	-9
27920004	-9
27930007	-8
27940006	-8
27950005	-7
27960004	-6
27970007	-6
27980006	-5
27990005	-5
28000004	-4
28010007	-4
28020006	-3
28030005	-3
28040004	-2
28050004	-1
28060007	-1
28070005	0
28080007	0
28090004	0
28100006	1
28110005	1
28120004	2
28130006	2
28140005	3
28150007	3
28160005	3
28170004	4
28180006	4
28190005	4
28200004	5
28210007	5
28220005	5
28230003	5
28240006	6
28250005	6
28260007	6
28270005	6
28280007	6
28290005	6
28300004	7
28310006	7
28320004	7
28330007	7
28340005	7
28350007	7
28360005	7
28370007	7
28380005	7
28390003	7
28400006	7
28410005	6
28420007	6
28430005	6
28440007	6
28450005	6
28460004	6
28470006	5
28480004	5
28490007	5
28500005	5
28510003	4
28520006	4
28530005	3
28540007	3
28550005	3
28560004	2
28570007	2
28580005	1
28590007	1
28600006	1
28610004	0
28620005	0
28630007	-1
28640006	-1
28650005	-2
28660007	-2
28670007	-3
28680006	-3
28690005	-4
28700004	-5
28710006	-5
28720004	-6
28730007	-6
28740006	-7
28750005	-7
28760004	-8
28770004	-9
28780007	-9
28790006	-10
28800006	-10
28810007	-11
28820007	-11
28830007	-12
28840008	-12
28850003	-13
28860007	-13
28870004	-14
28880004	-14
28890005	-15
28900006	-15
28910006	-16
28920007	-16
28930007	-16
28940007	-17
28950007	-17
28960004	-18
28970004	-18
28980004	-18
28990004	-19
29000004	-19
29010004	-19
29020005	-20
29030006	-20
29040006	-20
29050005	-20
29060006	-20
29070007	-21
29080007	-21
29090007	-21
29100007	-21
29110007	-21
29120007	-21
29130003	-21
29140007	-21
29150004	-21
29160004	-21
29170004	-21
29180005	-21
29190005	-21
29200005	-21
29210005	-21
29220006	-21
29230006	-21
29240006	-21
29250006	-20
29260007	-20
29270007	-20
29280007	-20
29290003	-19
29300007	-19
29310008	-19
29320004	-18
29330004	-18
29340005	-18
29350005	-17
29360005	-17
29370005	-17
29380005	-16
29390005	-16
29400006	-15
29410006	-15
29420007	-14
29430007	-14
29440003	-13
29450003	-13
29460004	-12
29470004	-12
29480004	-11
29490004	-11
29500005	-10
29510005	-10
29520006	-9
29530005	-9
29540004	-8
29550003	-7
29560006	-7
29570005	-6
29580003	-6
29590007	-5
29600006	-5
29610005	-4
29620007	-4
29630007	-3
29640006	-3
29650005	-2
29660007	-2
29670006	-1
29680005	-1
29690003	0
29700005	0
29710003	1
29720006	1
29730004	2
29740006	2
29750004	2
29760007	3
29770005	3
29780008	3
29790007	4
29800005	4
29810003	4
29820006	5
29830004	5
29840007	5
29850005	5
29860004	6
29870006	6
29880004	6
29890007	6
29900005	6
29910003	6
29920006	6
29930004	6
29940006	6
29950006	6
29960004	6
29970007	6
29980005	6
29990007	6
30000006	6
30010004	6
30020007	6
30030005	6
30040004	6
30050006	6
30060005	6
30070003	5
30080006	5
30090004	5
30100007	4
30110005	4
30120004	4
30130007	3
30140005	3
30150003	3
30160007	2
30170005	2
30180004	2
30190006	1
30200005	1
30210004	0
30220005	0
30230007	-1
30240006	-1
30250006	-2
30260005	-2
30270004	-3
30280004	-3
30290007	-4
30300006	-4
30310005	-5
30320004	-5
30330003	-6
30340006	-6
30350006	-7
30360005	-8
30370005	-8
30380005	-9
30390004	-9
30400007	-10
30410007	-10
30420007	-11
30430004	-11
30440004	-12
30450004	-12
30460004	-13
30470004	-13
30480005	-14
30490005	-14
30500005	-15
30510005	-15
30520005	-16
30530004	-16
30540005	-16
30550005	-17
30560005	-17
30570005	-18
30580005	-18
30590006	-18
30600007	-18
30610007	-19
30620003	-19
30630007	-19
30640007	-20
30650008	-20
30660004	-20
30670004	-20
30680005	-20
30690005	-20
30700005	-21
30710005	-21
30720006	-21
30730006	-21
30740006	-21
30750006	-21
30760006	-21
30770007	-21
30780003	-21
30790007	-21
30800007	-21
30810004	-21
30820004	-21
30830004	-21
30840004	-20
30850005	-20
30860004	-20
30870005	-20
30880006	-19
30890006	-19
30900007	-19
30910007	-19
30920007	-18
30930006	-18
30940006	-18
30950006	-17
30960006	-17
30970006	-17
30980008	-16
30990004	-16
31000004	-15
31010004	-15
31020004	-14
31030004	-14
31040004	-13
31050004	-13
31060004	-12
31070005	-12
31080006	-12
31090007	-11
31100007	-10
31110004	-10
31120005	-9
31130004	-9
31140004	-8
31150007	-8
31160005	-7
31170005	-7
31180003	-6
31190006	-6
31200005	-5
31210004	-5
31220006	-4
31230005	-3
31240004	-3
31250007	-3
31260006	-2
31270005	-1
31280004	-1
31290008	0
31300005	0
31310008	0
31320005	1
31330003	1
31340006	2
31350004	2
31360006	2
31370004	3
31380006	3
31390005	3
31400007	4
31410005	4
31420004	4
31430006	5
31440004	5
31450007	5
31460005	5
31470007	5
31480005	6
31490007	6
31500005	6
31510003	6
31520007	6
31530006	6
31540004	6
31550006	6
31560005	6
31570003	6
31580005	6
31590004	6
31600006	6
31610005	6
31620004	6
31630007	6
31640005	6
31650003	5
31660007	5
31670005	5
31680004	5
31690007	5
31700005	4
31710007	4
31720005	4
31730005	3
31740006	3
31750005	3
31760003	2
31770005	2
31780003	2
31790006	1
31800004	1
31810007	0
31820004	0
31830006	-1
31840005	-1
31850005	-2
31860004	-2
31870007	-3
31880006	-3
31890005	-4
31900005	-4
31910005	-5
31920004	-5
31930007	-6
31940005	-6
31950004	-7
31960007	-7
31970006	-8
31980005	-8
31990004	-9
32000007	-9
32010007	-10
32020007	-10
32030007	-11
32040007	-12
32050007	-12
32060004	-12
32070004	-13
32080004	-13
32090004	-14
32100004	-14
32110005	-15
32120005	-15
32130006	-16
32140006	-16
32150006	-16
32160006	-17
32170006	-17
32180007	-18
32190007	-18
32200007	-18
32210007	-18
32220003	-19
32230004	-19
32240004	-19
32250004	-19
32260004	-20
32270004	-20
32280005	-20
32290005	-20
32300005	-20
32310005	-20
32320006	-20
32330007	-21
32340006	-21
32350006	-21
32360006	-21
32370006	-21
32380006	-21
32390006	-21
32400006	-21
32410007	-20
32420007	-20
32430007	-20
32440007	-20
32450007	-20
32460007	-20
32470004	-19
32480005	-19
32490005	-19
32500005	-19
32510006	-18
32520006	-18
32530006	-18
32540006	-18
32550007	-17
32560007	-17
32570008	-16
32580003	-16
32590003	-16
32600004	-15
32610004	-15
32620004	-14
32630005	-14
32640006	-13
32650007	-13
32660004	-12
32670005	-12
32680005	-12
32690006	-11
32700007	-10
32710004	-10
32720005	-9
32730004	-9
32740003	-8
32750007	-8
32760007	-7
32770006	-7
32780005	-6
32790004	-6
32800004	-5
32810007	-5
32820006	-4
32830005	-4
32840005	-3
32850003	-3
32860007	-2
32870005	-2
32880005	-1
32890004	-1
32900007	0
32910005	0
32920007	0
32930006	1
32940005	1
32950004	2
32960006	2
32970005	3
32980007	3
32990006	3
33000004	3
33010007	4
33020005	4
33030004	4
33040004	5
33050007	5
33060005	5
33070004	5
33080008	5
33090006	5
33100005	6
33110004	6
33120007	6
33130006	6
33140005	6
33150007	6
33160006	6
33170005	6
33180004	6
33190008	6
33200006	6
33210005	6
33220004	6
33230008	6
33240006	5
33250005	5
33260007	5
33270006	5
33280004	5
33290007	4
33300005	4
33310004	4
33320007	3
33330005	3
33340004	3
33350007	2
33360005	2
33370003	2
33380007	1
33390006	1
33400005	0
33410006	0
33420004	0
33430006	-1
33440005	-1
33450004	-2
33460003	-2
33470007	-3
33480007	-3
33490005	-4
33500004	-4
33510007	-5
33520006	-5
33530005	-6
33540004	-6
33550007	-7
33560006	-7
33570005	-8
33580005	-8
33590005	-9
33600005	-9
33610005	-10
33620005	-10
33630005	-11
33640006	-11
33650004	-12
33660004	-12
33670005	-13
33680006	-13
33690007	-14
33700003	-14
33710005	-15
33720004	-15
33730004	-16
33740005	-16
33750005	-16
33760005	-17
33770006	-17
33780006	-17
33790007	-18
33800007	-18
33810007	-18
33820004	-18
33830005	-19
33840006	-19
33850006	-19
33860006	-19
33870007	-20
33880007	-20
33890004	-20
33900005	-20
33910005	-20
33920006	-20
33930007	-20
33940007	-20
33950007	-20
33960007	-20
33970004	-20
33980005	-20
33990005	-20
34000006	-20
34010006	-20
34020006	-20
34030007	-20
34040007	-20
34050004	-20
34060005	-19
34070005	-19
34080006	-19
34090007	-19
34100006	-18
34110007	-18
34120007	-18
34130007	-18
34140004	-17
34150004	-17
34160005	-17
34170006	-16
34180005	-16
34190006	-15
34200007	-15
34210007	-15
34220007	-14
34230008	-14
34240005	-13
34250005	-13
34260005	-12
34270006	-12
34280006	-11
34290006	-11
34300007	-10
34310004	-10
34320004	-9
34330007	-9
34340006	-8
34350005	-8
34360005	-7
34370004	-7
34380003	-6
34390007	-6
34400007	-5
34410006	-5
34420005	-4
34430004	-4
34440007	-3
34450006	-3
34460006	-2
34470005	-2
34480005	-1
34490005	-1
34500004	0
34510006	0
34520004	0
34530007	1
34540005	1
34550005	2
34560003	2
34570006	2
34580005	3
34590004	3
34600007	3
34610005	3
34620004	4
34630007	4
34640006	4
34650006	5
34660004	5
34670007	5
34680005	5
34690004	5
34700007	5
34710005	5
34720007	5
34730006	5
34740005	6
34750004	6
34760006	6
34770005	6
34780004	6
34790006	6
34800005	6
34810004	5
34820007	5
34830006	5
34840004	5
34850007	5
34860006	5
34870005	4
34880004	4
34890007	4
34900005	4
34910005	3
34920003	3
34930006	3
34940005	2
34950004	2
34960007	2
34970007	1
34980004	1
34990007	1
35000005	0
35010007	0
35020005	-1
35030005	-1
35040004	-2
35050004	-2
35060004	-3
35070007	-3
35080006	-3
35090005	-4
35100004	-4
35110004	-5
35120007	-6
35130006	-6
35140005	-6
35150004	-7
35160007	-8
35170007	-8
35180007	-9
35190006	-9
35200006	-10
35210006	-10
35220003	-11
35230004	-11
35240005	-12
35250007	-12
35260007	-12
35270003	-13
35280003	-13
35290005	-14
35300005	-14
35310006	-15
35320006	-15
35330007	-15
35340003	-16
35350004	-16
35360005	-17
35370005	-17
35380006	-17
35390003	-18
35400004	-18
35410005	-18
35420006	-18
35430006	-19
35440007	-19
35450007	-19
35460003	-19
35470004	-19
35480005	-19
35490005	-20
35500006	-20
35510007	-20
35520004	-20
35530004	-20
35540005	-20
35550005	-20
35560006	-20
35570007	-20
35580004	-20
35590004	-20
35600005	-20
35610006	-20
35620006	-20
35630006	-20
35640007	-19
35650007	-19
35660007	-19
35670003	-19
35680003	-19
35690004	-18
35700005	-18
35710005	-18
35720005	-18
35730007	-17
35740007	-17
35750004	-16
35760004	-16
35770004	-16
35780005	-15
35790006	-15
35800006	-15
35810007	-14
35820007	-14
35830004	-13
35840004	-13
35850005	-12
35860006	-12
35870007	-11
35880007	-11
35890004	-10
35900004	-10
35910005	-9
35920005	-9
35930004	-9
35940003	-8
35950007	-7
35960005	-7
35970005	-6
35980004	-6
35990004	-5
36000007	-5
36010007	-4
36020006	-4
36030005	-3
36040004	-3
36050007	-3
36060007	-2
36070006	-2
36080005	-1
36090004	-1
36100007	0
36110005	0
36120007	0
36130006	1
36140004	1
36150007	2
36160006	2
36170004	2
36180008	3
36190005	3
36200004	3
36210006	3
36220004	4
36230003	4
36240006	4
36250005	4
36260004	5
36270007	5
36280005	5
36290007	5
36300006	5
36310005	5
36320003	5
36330007	5
36340005	5
36350004	5
36360007	5
36370006	5
36380005	5
36390007	5
36400007	5
36410005	5
36420004	5
36430007	5
36440005	5
36450003	4
36460006	4
36470005	4
36480004	4
36490007	3
36500005	3
36510003	3
36520007	3
36530005	2
36540007	2
36550006	2
36560004	1
36570007	1
36580007	0
36590005	0
36600006	0
36610004	-1
36620008	-1
36630007	-2
36640006	-2
36650006	-3
36660005	-3
36670007	-3
36680007	-4
36690005	-4
36700004	-5
36710003	-5
36720007	-6
36730006	-6
36740005	-7
36750004	-7
36760007	-8
36770006	-8
36780006	-9
36790005	-9
36800004	-10
36810004	-10
36820004	-11
36830004	-11
36840005	-12
36850005	-12
36860006	-13
36870007	-13
36880004	-14
36890004	-14
36900004	-14
36910005	-15
36920005	-15
36930005	-16
36940005	-16
36950007	-16
36960007	-17
36970003	-17
36980004	-17
36990004	-17
37000005	-18
37010005	-18
37020005	-18
37030006	-18
37040007	-19
37050007	-19
37060003	-19
37070004	-19
37080004	-19
37090004	-19
37100005	-19
37110005	-19
37120007	-20
37130007	-20
37140007	-20
37150004	-20
37160004	-20
37170004	-20
37180004	-20
37190005	-20
37200006	-19
37210006	-19
37220006	-19
37230003	-19
37240004	-19
37250004	-19
37260005	-19
37270006	-18
37280006	-18
37290003	-18
37300003	-18
37310004	-17
37320003	-17
37330004	-17
37340005	-16
37350006	-16
37360007	-16
37370004	-15
37380004	-15
37390004	-15
37400005	-14
37410007	-14
37420008	-13
37430004	-13
37440005	-12
37450005	-12
37460005	-11
37470006	-11
37480007	-10
37490008	-10
37500004	-9
37510003	-9
37520007	-9
37530006	-8
37540007	-7
37550006	-7
37560005	-6
37570005	-6
37580004	-6
37590007	-5
37600006	-5
37610005	-4
37620004	-4
37630007	-3
37640007	-3
37650007	-2
37660006	-2
37670005	-1
37680004	-1
37690004	0
37700005	0
37710007	0
37720005	1
37730003	1
37740006	1
37750005	2
37760003	2
37770006	2
37780004	3
37790007	3
37800005	3
37810004	3
37820007	4
37830007	4
37840005	4
37850003	4
37860007	4
37870005	4
37880005	5
37890008	5
37900006	5
37910005	5
37920003	5
37930006	5
37940005	5
37950004	5
37960006	5
37970005	5
37980004	5
37990007	5
38000004	5
38010007	5
38020007	4
38030005	4
38040004	4
38050007	4
38060005	4
38070004	3
38080006	3
38090004	3
38100006	3
38110005	2
38120004	2
38130007	2
38140005	1
38150003	1
38160006	1
38170005	0
38180008	0
38190005	0
38200003	-1
38210007	-1
38220006	-2
38230005	-2
38240004	-3
38250007	-3
38260005	-4
38270005	-4
38280004	-4
38290008	-5
38300007	-6
38310006	-6
38320005	-6
38330004	-7
38340004	-7
38350003	-8
38360007	-8
38370007	-9
38380006	-9
38390005	-10
38400005	-10
38410006	-11
38420006	-11
38430008	-12
38440004	-12
38450004	-13
38460005	-13
38470006	-13
38480007	-14
38490007	-14
38500004	-15
38510005	-15
38520005	-15
38530005	-16
38540005	-16
38550006	-16
38560006	-17
38570004	-17
38580004	-17
38590005	-18
38600006	-18
38610006	-18
38620007	-18
38630003	-18
38640004	-19
38650005	-19
38660005	-19
38670005	-19
38680006	-19
38690007	-19
38700007	-19
38710004	-19
38720004	-19
38730005	-19
38740006	-19
38750006	-19
38760007	-19
38770007	-19
38780007	-19
38790007	-19
38800007	-19
38810004	-19
38820003	-19
38830004	-19
38840005	-18
38850005	-18
38860005	-18
38870005	-18
38880005	-18
38890006	-17
38900007	-17
38910008	-17
38920003	-16
38930005	-16
38940005	-16
38950005	-15
38960006	-15
38970006	-15
38980007	-14
38990003	-14
39000004	-13
39010004	-13
39020004	-13
39030005	-12
39040006	-12
39050007	-11
39060007	-11
39070004	-10
39080004	-10
39090004	-9
39100003	-9
39110007	-8
39120007	-8
39130007	-7
39140006	-7
39150005	-6
39160004	-6
39170007	-6
39180006	-5
39190006	-5
39200006	-4
39210005	-4
39220007	-3
39230007	-3
39240007	-2
39250007	-2
39260006	-1
39270005	-1
39280004	-1
39290007	0
39300004	0
39310007	0
39320004	1
39330007	1
39340006	2
39350005	2
39360004	2
39370007	2
39380005	3
39390004	3
39400007	3
39410005	3
39420003	4
39430006	4
39440005	4
39450007	4
39460005	4
39470003	4
39480007	4
39490005	5
39500004	5
39510007	5
39520004	5
39530007	5
39540005	5
39550004	5
39560007	5
39570005	5
39580004	5
39590007	4
39600005	4
39610003	4
39620006	4
39630005	4
39640004	4
39650007	3
39660005	3
39670004	3
39680007	3
39690005	2
39700004	2
39710007	2
39720006	1
39730005	1
39740003	1
39750007	0
39760004	0
39770006	0
39780005	-1
39790004	-1
39800004	-2
39810007	-2
39820006	-3
39830005	-3
39840004	-3
39850004	-4
39860007	-4
39870006	-5
39880005	-5
39890004	-6
39900008	-6
39910007	-7
39920006	-7
39930005	-8
39940004	-8
39950004	-9
39960007	-9
39970007	-9
39980006	-10
39990006	-10
40000006	-11
40010006	-11
40020007	-12
40030007	-12
40040004	-13
40050004	-13
40060005	-13
40070005	-14
40080006	-14
40090007	-15
40100006	-15
40110007	-15
40120007	-16
40130007	-16
40140003	-16
40150004	-17
40160004	-17
40170005	-17
40180005	-17
40190006	-18
40200006	-18
40210007	-18
40220007	-18
40230003	-18
40240007	-18
40250005	-19
40260005	-19
40270006	-19
40280007	-19
40290007	-19
40300008	-19
40310003	-19
40320004	-19
40330005	-19
40340005	-19
40350005	-19
40360006	-19
40370006	-19
40380007	-19
40390003	-19
40400004	-19
40410005	-18
40420005	-18
40430005	-18
40440006	-18
40450006	-18
40460006	-17
40470007	-17
40480007	-17
40490007	-17
40500007	-16
40510003	-16
40520003	-16
40530004	-15
40540005	-15
40550006	-15
40560007	-14
40570007	-14
40580004	-13
40590005	-13
40600005	-13
40610006	-12
40620006	-12
40630006	-11
40640007	-11
40650007	-10
40660004	-10
40670005	-9
40680004	-9
40690004	-9
40700007	-8
40710006	-8
40720005	-7
40730005	-7
40740003	-6
40750007	-6
40760005	-5
40770004	-5
40780004	-4
40790007	-4
40800006	-3
40810005	-3
40820004	-3
40830007	-2
40840006	-2
40850006	-1
40860005	-1
40870003	-1
40880007	0
40890005	0
40900005	0
40910003	1
40920006	1
40930005	2
40940004	2
40950006	2
40960004	2
40970006	3
40980005	3
40990004	3
41000006	3
41010004	3
41020007	4
41030006	4
41040004	4
41050006	4
41060005	4
41070004	4
41080006	4
41090005	4
41100004	4
41110007	4
41120006	4
41130005	4
41140003	4
41150007	4
41160005	4
41170007	4
41180005	4
41190003	4
41200006	4
41210005	4
41220003	3
41230006	3
41240004	3
41250007	3
41260005	3
41270004	2
41280007	2
41290005	2
41300007	1
41310007	1
41320005	1
41330004	0
41340006	0
41350003	0
41360005	-1
41370004	-1
41380007	-2
41390006	-2
41400005	-2
41410005	-3
41420004	-3
41430007	-4
41440006	-4
41450006	-5
41460005	-5
41470004	-6
41480006	-6
41490005	-6
41500005	-7
41510004	-7
41520007	-8
41530006	-8
41540006	-9
41550005	-9
41560005	-10
41570005	-10
41580006	-11
41590007	-11
41600007	-12
41610007	-12
41620007	-12
41630007	-13
41640004	-13
41650004	-14
41660005	-14
41670005	-14
41680006	-15
41690006	-15
41700007	-15
41710007	-16
41720007	-16
41730007	-16
41740004	-17
41750005	-17
41760005	-17
41770006	-17
41780007	-18
41790007	-18
41800007	-18
41810007	-18
41820004	-18
41830004	-18
41840005	-18
41850005	-18
41860005	-19
41870005	-19
41880006	-19
41890006	-19
41900007	-19
41910003	-19
41920003	-19
41930003	-19
41940008	-19
41950004	-19
41960004	-19
41970005	-18
41980006	-18
41990006	-18
42000007	-18
42010006	-18
42020006	-18
42030007	-17
42040007	-17
42050003	-17
42060004	-17
42070005	-16
42080005	-16
42090005	-16
42100006	-16
42110006	-15
42120007	-15
42130007	-15
42140007	-14
42150004	-14
42160004	-13
42170004	-13
42180005	-13
42190005	-12
42200005	-12
42210007	-11
42220007	-11
42230007	-10
42240004	-10
42250005	-10
42260005	-9
42270004	-9
42280004	-8
42290008	-8
42300007	-7
42310006	-7
42320005	-6
42330004	-6
42340007	-5
42350007	-5
42360005	-4
42370004	-4
42380008	-4
42390007	-3
42400005	-3
42410005	-2
42420008	-2
42430006	-2
42440005	-1
42450004	-1
42460003	0
42470006	0
42480007	0
42490005	1
42500003	1
42510007	1
42520005	2
42530003	2
42540006	2
42550005	2
42560007	3
42570005	3
42580004	3
42590007	3
42600005	3
42610004	3
42620007	4
42630005	4
42640004	4
42650006	4
42660005	4
42670003	4
42680006	4
42690005	4
42700008	4
42710006	4
42720005	4
42730004	4
42740007	4
42750005	4
42760007	4
42770006	4
42780004	3
42790006	3
42800005	3
42810003	3
42820006	3
42830005	3
42840003	2
42850006	2
42860005	2
42870004	1
42880006	1
42890005	1
42900004	0
42910007	0
42920004	0
42930007	-1
42940006	-1
42950005	-1
42960004	-2
42970007	-2
42980006	-3
42990005	-3
43000004	-3
43010008	-4
43020006	-4
43030006	-5
43040005	-5
43050003	-6
43060006	-6
43070006	-6
43080005	-7
43090004	-7
43100007	-8
43110006	-8
43120005	-9
43130004	-9
43140003	-10
43150004	-10
43160004	-11
43170004	-11
43180004	-11
43190005	-12
43200005	-12
43210005	-13
43220006	-13
43230007	-13
43240007	-14
43250007	-14
43260007	-15
43270003	-15
43280003	-15
43290004	-15
43300004	-16
43310005	-16
43320005	-16
43330007	-17
43340007	-17
43350007	-17
43360007	-17
43370007	-17
43380007	-18
43390004	-18
43400004	-18
43410005	-18
43420005	-18
43430006	-18
43440006	-18
43450006	-18
43460007	-18
43470007	-18
43480007	-18
43490004	-18
43500007	-18
43510003	-18
43520004	-18
43530004	-18
43540004	-18
43550004	-18
43560004	-18
43570005	-18
43580005	-18
43590005	-18
43600006	-17
43610006	-17
43620006	-17
43630006	-17
43640007	-16
43650007	-16
43660007	-16
43670007	-16
43680003	-15
43690003	-15
43700004	-15
43710005	-14
43720005	-14
43730005	-14
43740007	-13
43750007	-13
43760003	-12
43770003	-12
43780007	-12
43790004	-11
43800007	-11
43810004	-10
43820003	-10
43830004	-9
43840003	-9
43850007	-9
43860006	-8
43870005	-8
43880005	-7
43890005	-7
43900003	-6
43910008	-6
43920007	-5
43930005	-5
43940004	-5
43950007	-4
43960007	-4
43970005	-3
43980004	-3
43990007	-2
44000006	-2
44010005	-2
44020005	-1
44030003	-1
44040007	-1
44050006	0
44060008	0
44070004	0
44080006	1
44090005	1
44100007	1
44110006	2
44120004	2
44130007	2
44140004	2
44150007	3
44160005	3
44170008	3
44180007	3
44190005	3
44200007	3
44210006	3
44220004	3
44230006	4
44240005	4
44250007	4
44260005	4
44270007	4
44280005	4
44290003	4
44300006	4
44310005	4
44320003	4
44330006	3
44340005	3
44350004	3
44360006	3
44370004	3
44380007	3
44390006	3
44400004	2
44410007	2
44420006	2
44430004	2
44440007	1
44450005	1
44460007	1
44470007	0
44480005	0
44490007	0
44500003	0
44510005	-1
44520004	-1
44530007	-2
44540006	-2
44550005	-2
44560004	-3
44570007	-3
44580006	-4
44590005	-4
44600004	-4
44610007	-5
44620006	-5
44630005	-6
44640004	-6
44650007	-7
44660006	-7
44670005	-8
44680005	-8
44690004	-8
44700008	-9
44710006	-9
44720006	-10
44730006	-10
44740006	-11
44750006	-11
44760007	-11
44770008	-12
44780004	-12
44790004	-13
44800005	-13
44810005	-13
44820005	-14
44830005	-14
44840005	-14
44850006	-15
44860006	-15
44870006	-15
44880007	-16
44890007	-16
44900007	-16
44910007	-16
44920004	-17
44930004	-17
44940004	-17
44950005	-17
44960005	-17
44970005	-18
44980005	-18
44990005	-18
45000006	-18
45010006	-18
45020007	-18
45030003	-18
45040007	-18
45050003	-18
45060004	-18
45070004	-18
45080004	-18
45090005	-18
45100005	-18
45110006	-18
45120006	-18
45130006	-18
45140006	-18
45150006	-18
45160007	-17
45170007	-17
45180007	-17
45190007	-17
45200007	-17
45210007	-16
45220007	-16
45230004	-16
45240004	-16
45250005	-15
45260006	-15
45270006	-15
45280007	-14
45290006	-14
45300007	-14
45310007	-13
45320007	-13
45330004	-12
45340004	-12
45350005	-12
45360006	-11
45370006	-11
45380007	-10
45390007	-10
45400007	-10
45410004	-9
45420007	-9
45430005	-8
45440004	-8
45450007	-7
45460005	-7
45470004	-7
45480007	-6
45490006	-6
45500005	-5
45510004	-5
45520004	-4
45530007	-4
45540005	-4
45550004	-3
45560007	-3
45570007	-2
45580005	-2
45590004	-2
45600003	-1
45610006	-1
45620005	-1
45630004	0
45640006	0
45650003	0
45660005	1
45670007	1
45680004	1
45690007	1
45700005	2
45710007	2
45720005	2
45730004	2
45740007	3
45750005	3
45760008	3
45770006	3
45780005	3
45790007	3
45800005	3
45810004	3
45820007	3
45830005	3
45840004	3
45850006	3
45860004	3
45870006	3
45880004	3
45890006	3
45900005	3
45910007	3
45920005	3
45930007	3
45940006	3
45950004	3
45960006	2
45970004	2
45980007	2
45990005	2
46000007	2
46010006	1
46020005	1
46030007	1
46040005	0
46050006	0
46060007	0
46070005	0
46080006	-1
46090005	-1
46100004	-2
46110007	-2
46120006	-2
46130006	-3
46140005	-3
46150004	-3
46160003	-4
46170006	-4
46180005	-5
46190005	-5
46200003	-6
46210007	-6
46220006	-6
46230005	-7
46240004	-7
46250003	-8
46260006	-8
46270007	-9
46280005	-9
46290005	-9
46300005	-10
46310005	-10
46320005	-11
46330006	-11
46340006	-12
46350006	-12
46360007	-12
46370007	-13
46380007	-13
46390007	-13
46400004	-14
46410004	-14
46420004	-14
46430006	-15
46440006	-15
46450006	-15
46460007	-16
46470007	-16
46480007	-16
46490007	-16
46500007	-16
46510003	-17
46520007	-17
46530003	-17
46540004	-17
46550004	-17
46560005	-17
46570006	-18
46580006	-18
46590006	-18
46600006	-18
46610006	-18
46620006	-18
46630006	-18
46640006	-18
46650007	-18
46660007	-18
46670007	-18
46680007	-18
46690007	-18
46700006	-18
46710006	-18
46720007	-17
46730007	-17
46740008	-17
46750003	-17
46760004	-17
46770005	-16
46780005	-16
46790005	-16
46800005	-16
46810007	-15
46820007	-15
46830007	-15
46840007	-15
46850004	-14
46860004	-14
46870004	-14
46880005	-13
46890005	-13
46900006	-12
46910006	-12
46920007	-12
46930007	-11
46940007	-11
46950007	-11
46960003	-10
46970004	-10
46980005	-9
46990004	-9
47000007	-9
47010006	-8
47020006	-8
47030005	-7
47040004	-7
47050007	-6
47060006	-6
47070005	-6
47080003	-5
47090007	-5
47100005	-4
47110004	-4
47120004	-3
47130007	-3
47140006	-3
47150005	-2
47160004	-2
47170007	-2
47180005	-1
47190004	-1
47200003	-1
47210007	0
47220004	0
47230005	0
47240007	1
47250006	1
47260004	1
47270007	1
47280006	2
47290004	2
47300006	2
47310004	2
47320007	2
47330005	3
47340003	3
47350007	3
47360004	3
47370007	3
47380005	3
47390004	3
47400006	3
47410004	3
47420006	3
47430005	3
47440004	3
47450006	3
47460003	3
47470006	3
47480004	3
47490008	3
47500005	3
47510008	3
47520005	2
47530004	2
47540006	2
47550004	2
47560006	2
47570005	1
47580007	1
47590006	1
47600004	1
47610007	0
47620004	0
47630006	0
47640008	-1
47650006	-1
47660005	-1
47670004	-2
47680006	-2
47690005	-2
47700004	-3
47710003	-3
47720007	-3
47730005	-4
47740003	-4
47750006	-5
47760005	-5
47770004	-6
47780007	-6
47790005	-6
47800004	-7
47810007	-7
47820006	-8
47830005	-8
47840004	-9
47850007	-9
47860006	-9
47870005	-10
47880005	-10
47890006	-11
47900007	-11
47910007	-11
47920007	-12
47930007	-12
47940007	-12
47950004	-13
47960004	-13
47970004	-13
47980004	-14
47990005	-14
48000005	-14
48010007	-15
48020007	-15
48030007	-15
48040007	-16
48050003	-16
48060007	-16
48070004	-16
48080003	-16
48090004	-17
48100004	-17
48110005	-17
48120004	-17
48130005	-17
48140005	-17
48150006	-17
48160005	-17
48170006	-18
48180007	-18
48190007	-18
48200007	-18
48210007	-18
48220007	-18
48230003	-18
48240007	-18
48250004	-18
48260005	-17
48270005	-17
48280005	-17
48290005	-17
48300005	-17
48310006	-17
48320006	-17
48330006	-16
48340006	-16
48350006	-16
48360007	-16
48370007	-16
48380003	-15
48390008	-15
48400007	-15
48410004	-14
48420004	-14
48430005	-14
48440005	-13
48450005	-13
48460005	-13
48470005	-12
48480005	-12
48490005	-12
48500006	-11
48510006	-11
48520007	-10
48530007	-10
48540004	-10
48550005	-9
48560003	-9
48570006	-9
48580005	-8
48590004	-8
48600004	-7
48610007	-7
48620006	-6
48630004	-6
48640003	-6
48650007	-5
48660005	-5
48670004	-4
48680007	-4
48690005	-4
48700005	-3
48710004	-3
48720007	-3
48730006	-2
48740005	-2
48750004	-1
48760007	-1
48770005	-1
48780005	0
48790006	0
48800007	0
48810005	0
48820007	1
48830005	1
48840007	1
48850005	1
48860004	2
48870006	2
48880005	2
48890007	2
48900005	2
48910007	2
48920006	3
48930004	3
48940006	3
48950004	3
48960006	3
48970004	3
48980007	3
48990005	3
49000004	3
49010007	3
49020005	3
49030003	3
49040006	3
49050005	3
49060004	3
49070006	2
49080005	2
49090003	2
49100006	2
49110005	2
49120007	2
49130006	1
49140005	1
49150004	1
49160006	1
49170004	0
49180006	0
49190007	0
49200004	0
49210006	-1
49220005	-1
49230003	-1
49240007	-2
49250006	-2
49260005	-3
49270004	-3
49280007	-3
49290006	-4
49300004	-4
49310007	-4
49320006	-5
49330005	-5
49340004	-6
49350007	-6
49360005	-6
49370004	-7
49380003	-7
49390007	-8
49400005	-8
49410005	-9
49420003	-9
49430006	-9
49440005	-10
49450005	-10
49460005	-10
49470006	-11
49480005	-11
49490006	-12
49500006	-12
49510007	-12
49520007	-13
49530007	-13
49540007	-13
49550003	-14
49560004	-14
49570004	-14
49580005	-15
49590006	-15
49600005	-15
49610005	-15
49620006	-16
49630006	-16
49640006	-16
49650006	-16
49660006	-16
49670006	-16
49680007	-17
49690007	-17
49700007	-17
49710003	-17
49720003	-17
49730004	-17
49740004	-17
49750004	-17
49760004	-17
49770004	-17
49780005	-17
49790005	-17
49800005	-17
49810005	-17
49820005	-17
49830005	-17
49840005	-17
49850005	-17
49860005	-17
49870005	-17
49880005	-17
49890006	-16
49900006	-16
49910007	-16
49920006	-16
49930007	-16
49940003	-15
49950008	-15
49960004	-15
49970004	-15
49980005	-14
49990005	-14
50000004	-14
50010005	-13
50020006	-13
50030007	-13
50040007	-12
50050007	-12
50060007	-12
50070004	-11
50080004	-11
50090005	-10
50100005	-10
50110005	-10
50120005	-9
50130005	-9
50140004	-8
50150007	-8
50160006	-8
50170006	-7
50180005	-7
50190004	-6
50200007	-6
50210005	-6
50220004	-5
50230007	-5
50240006	-4
50250005	-4
50260004	-4
50270007	-3
50280006	-3
50290005	-3
50300007	-2
50310007	-2
50320005	-1
50330004	-1
50340007	-1
50350006	-1
50360005	0
50370007	0
50380004	0
50390006	0
50400003	1
50410006	1
50420004	1
50430006	1
50440005	2
50450008	2
50460006	2
50470004	2
50480006	2
50490005	2
50500007	2
50510005	2
50520007	2
50530006	3
50540003	3
50550007	3
50560005	3
50570003	3
50580006	3
50590005	3
50600004	3
50610006	3
50620005	2
50630007	2
50640005	2
50650004	2
50660007	2
50670005	2
50680007	2
50690006	1
50700004	1
50710007	1
50720005	1
50730004	0
50740005	0
50750007	0
50760005	0
50770007	-1
50780005	-1
50790004	-1
50800003	-2
50810006	-2
50820005	-2
50830005	-3
50840007	-3
50850006	-3
50860005	-4
50870003	-4
50880007	-5
50890005	-5
50900004	-5
50910007	-6
50920006	-6
50930005	-7
50940003	-7
50950007	-7
50960006	-8
50970006	-8
50980005	-9
50990004	-9
51000004	-9
51010007	-10
51020007	-10
51030007	-10
51040003	-11
51050008	-11
51060004	-12
51070004	-12
51080005	-12
51090005	-13
51100006	-13
51110007	-13
51120007	-14
51130003	-14
51140003	-14
51150004	-14
51160005	-15
51170005	-15
51180005	-15
51190005	-15
51200006	-16
51210006	-16
51220006	-16
51230006	-16
51240007	-16
51250007	-16
51260008	-17
51270003	-17
51280003	-17
51290004	-17
51300004	-17
51310005	-17
51320005	-17
51330005	-17
51340005	-17
51350005	-17
51360006	-17
51370006	-17
51380006	-17
51390006	-17
51400006	-17
51410007	-17
51420007	-17
51430003	-17
51440004	-16
51450004	-16
51460007	-16
51470008	-16
51480004	-16
51490005	-15
51500005	-15
51510005	-15
51520005	-15
51530006	-14
51540005	-14
51550005	-14
51560006	-14
51570006	-13
51580007	-13
51590007	-13
51600007	-12
51610003	-12
51620007	-12
51630004	-11
51640004	-11
51650005	-10
51660006	-10
51670006	-10
51680007	-9
51690005	-9
51700004	-9
51710004	-8
51720007	-8
51730006	-7
51740005	-7
51750004	-7
51760007	-6
51770006	-6
51780005	-5
51790004	-5
51800006	-5
51810005	-4
51820003	-4
51830007	-4
51840006	-3
51850005	-3
51860004	-3
51870007	-2
51880005	-2
51890004	-2
51900003	-1
51910006	-1
51920005	-1
51930004	0
51940005	0
51950007	0
51960005	0
51970007	1
51980006	1
51990004	1
52000007	1
52010005	1
52020004	2
52030007	2
52040005	2
52050004	2
52060006	2
52070005	2
52080003	2
52090007	2
52100005	2
52110004	2
52120006	2
52130004	2
52140007	2
52150005	2
52160004	2
52170007	2
52180005	2
52190007	2
52200005	2
52210004	2
52220007	2
52230005	2
52240007	1
52250005	1
52260007	1
52270006	1
52280005	0
52290007	0
52300005	0
52310006	0
52320007	0
52330005	-1
52340004	-1
52350007	-1
52360006	-2
52370005	-2
52380004	-2
52390003	-3
52400006	-3
52410005	-3
52420005	-4
52430004	-4
52440007	-4
52450006	-5
52460005	-5
52470005	-6
52480003	-6
52490006	-6
52500006	-7
52510004	-7
52520008	-8
52530007	-8
52540006	-8
52550007	-9
52560005	-9
52570005	-9
52580004	-10
52590004	-10
52600005	-11
52610006	-11
52620007	-11
52630007	-12
52640004	-12
52650004	-12
52660005	-13
52670006	-13
52680006	-13
52690007	-14
52700007	-14
52710007	-14
52720004	-14
52730005	-15
52740005	-15
52750005	-15
52760005	-15
52770006	-15
52780007	-16
52790007	-16
52800007	-16
52810007	-16
52820008	-16
52830004	-16
52840004	-16
52850005	-17
52860007	-17
52870007	-17
52880003	-17
52890003	-17
52900004	-17
52910004	-17
52920005	-17
52930005	-17
52940006	-17
52950007	-17
52960007	-17
52970007	-17
52980007	-16
52990007	-16
53000007	-16
53010004	-16
53020004	-16
53030005	-16
53040005	-15
53050006	-15
53060006	-15
53070007	-15
53080006	-15
53090007	-14
53100007	-14
53110004	-14
53120004	-13
53130006	-13
53140006	-13
53150006	-13
53160007	-12
53170007	-12
53180007	-12
53190003	-11
53200004	-11
53210004	-11
53220004	-10
53230006	-10
53240006	-9
53250005	-9
53260004	-9
53270007	-8
53280006	-8
53290006	-7
53300005	-7
53310004	-7
53320007	-6
53330006	-6
53340005	-6
53350004	-5
53360007	-5
53370006	-4
53380006	-4
53390005	-4
53400004	-3
53410007	-3
53420007	-3
53430006	-2
53440004	-2
53450004	-2
53460004	-1
53470007	-1
53480006	-1
53490005	-1
53500004	0
53510006	0
53520007	0
53530005	0
53540006	0
53550004	1
53560007	1
53570005	1
53580004	1
53590007	1
53600005	1
53610004	2
53620006	2
53630005	2
53640004	2
53650007	2
53660005	2
53670004	2
53680006	2
53690005	2
53700004	2
53710007	2
53720005	2
53730005	2
53740007	2
53750006	2
53760005	2
53770003	2
53780007	1
53790005	1
53800007	1
53810006	1
53820005	1
53830007	1
53840006	0
53850004	0
53860006	0
53870004	0
53880007	-1
53890006	-1
53900005	-1
53910004	-1
53920007	-2
53930006	-2
53940005	-2
53950004	-3
53960007	-3
53970006	-3
53980005	-4
53990005	-4
54000004	-4
54010007	-5
54020006	-5
54030005	-6
54040004	-6
54050007	-6
54060004	-7
54070007	-7
54080006	-7
54090005	-8
54100004	-8
54110004	-9
54120004	-9
54130007	-9
54140007	-10
54150007	-10
54160003	-10
54170004	-11
54180005	-11
54190005	-11
54200005	-12
54210006	-12
54220006	-12
54230003	-13
54240004	-13
54250004	-13
54260005	-14
54270005	-14
54280006	-14
54290007	-14
54300007	-15
54310003	-15
54320004	-15
54330004	-15
54340005	-15
54350007	-16
54360007	-16
54370004	-16
54380004	-16
54390005	-16
54400005	-16
54410005	-16
54420005	-16
54430006	-16
54440006	-16
54450007	-16
54460007	-16
54470007	-16
54480004	-16
54490004	-16
54500005	-16
54510005	-16
54520006	-16
54530006	-16
54540006	-16
54550006	-16
54560007	-16
54570004	-16
54580004	-16
54590005	-15
54600006	-15
54610006	-15
54620006	-15
54630007	-15
54640007	-14
54650007	-14
54660007	-14
54670007	-14
54680004	-13
54690005	-13
54700005	-13
54710005	-12
54720005	-12
54730006	-12
54740007	-12
54750004	-11
54760004	-11
54770004	-10
54780005	-10
54790005	-10
54800005	-9
54810004	-9
54820004	-9
54830007	-8
54840006	-8
54850005	-8
54860005	-7
54870004	-7
54880007	-6
54890006	-6
54900005	-6
54910004	-5
54920007	-5
54930007	-5
54940006	-4
54950005	-4
54960003	-4
54970007	-3
54980006	-3
54990005	-3
55000005	-2
55010004	-2
55020007	-2
55030007	-1
55040006	-1
55050005	-1
55060004	-1
55070008	0
55080006	0
55090004	0
55100006	0
55110004	0
55120006	1
55130004	1
55140008	1
55150007	1
55160005	1
55170004	1
55180007	1
55190006	2
55200005	2
55210003	2
55220007	2
55230006	2
55240005	2
55250008	2
55260007	2
55270005	2
55280004	2
55290003	2
55300006	2
55310005	2
55320004	1
55330007	1
55340005	1
55350004	1
55360006	1
55370005	1
55380004	0
55390005	0
55400007	0
55410005	0
55420007	0
55430005	-1
55440005	-1
55450004	-1
55460007	-1
55470006	-2
55480005	-2
55490004	-2
55500003	-3
55510007	-3
55520005	-3
55530005	-4
55540003	-4
55550006	-4
55560005	-5
55570004	-5
55580007	-5
55590007	-6
55600005	-6
55610004	-6
55620004	-7
55630007	-7
55640006	-7
55650005	-8
55660004	-8
55670004	-9
55680007	-9
55690007	-9
55700006	-10
55710006	-10
55720007	-10
55730007	-11
55740007	-11
55750007	-11
55760004	-12
55770005	-12
55780005	-12
55790007	-13
55800007	-13
55810004	-13
55820005	-13
55830005	-14
55840005	-14
55850006	-14
55860006	-14
55870006	-15
55880006	-15
55890006	-15
55900007	-15
55910007	-15
55920007	-15
55930004	-16
55940005	-16
55950005	-16
55960005	-16
55970005	-16
55980005	-16
55990006	-16
56000006	-16
56010006	-16
56020007	-16
56030007	-16
56040003	-16
56050005	-16
56060005	-16
56070006	-16
56080007	-16
56090007	-16
56100007	-16
56110003	-16
56120003	-16
56130004	-16
56140005	-15
56150006	-15
56160007	-15
56170007	-15
56180004	-15
56190005	-14
56200005	-14
56210006	-14
56220006	-14
56230007	-13
56240003	-13
56250004	-13
56260005	-13
56270006	-12
56280006	-12
56290006	-12
56300004	-11
56310004	-11
56320004	-11
56330004	-10
56340005	-10
56350005	-10
56360005	-9
56370004	-9
56380003	-9
56390007	-8
56400006	-8
56410006	-7
56420005	-7
56430005	-7
56440004	-6
56450007	-6
56460007	-6
56470006	-5
56480005	-5
56490004	-5
56500007	-4
56510006	-4
56520005	-4
56530004	-3
56540007	-3
56550007	-3
56560006	-2
56570005	-2
56580005	-2
56590003	-2
56600007	-1
56610006	-1
56620005	-1
56630007	-1
56640006	0
56650003	0
56660005	0
56670007	0
56680005	0
56690007	1
56700005	1
56710003	1
56720007	1
56730005	1
56740004	1
56750007	1
56760005	1
56770004	1
56780007	1
56790006	1
56800004	1
56810007	1
56820006	1
56830006	1
56840005	1
56850003	1
56860006	1
56870005	1
56880004	1
56890007	1
56900005	1
56910005	1
56920007	1
56930005	0
56940003	0
56950006	0
56960004	0
56970007	0
56980004	-1
56990008	-1
57000007	-1
57010006	-1
57020005	-2
57030004	-2
57040007	-2
57050007	-3
57060006	-3
57070005	-3
57080004	-3
57090007	-4
57100006	-4
57110005	-4
57120005	-5
57130004	-5
57140007	-5
57150006	-6
57160005	-6
57170003	-6
57180007	-7
57190006	-7
57200005	-8
57210004	-8
57220007	-8
57230007	-9
57240006	-9
57250006	-9
57260005	-10
57270006	-10
57280006	-10
57290007	-11
57300007	-11
57310007	-11
57320004	-12
57330004	-12
57340005	-12
57350006	-12
57360007	-13
57370008	-13
57380003	-13
57390004	-13
57400005	-14
57410005	-14
57420005	-14
57430006	-14
57440007	-15
57450004	-15
57460004	-15
57470006	-15
57480007	-15
57490007	-15
57500007	-15
57510005	-16
57520007	-16
57530007	-16
57540004	-16
57550004	-16
57560004	-16
57570005	-16
57580005	-16
57590006	-16
57600006	-16
57610006	-16
57620006	-16
57630007	-16
57640007	-16
57650007	-16
57660007	-16
57670003	-15
57680008	-15
57690007	-15
57700004	-15
57710004	-15
57720005	-15
57730006	-15
57740007	-14
57750004	-14
57760005	-14
57770005	-14
57780006	-13
57790006	-13
57800006	-13
57810007	-13
57820003	-12
57830005	-12
57840005	-12
57850006	-11
57860007	-11
57870007	-11
57880004	-10
57890004	-10
57900005	-10
57910006	-9
57920005	-9
57930004	-9
57940003	-9
57950003	-8
57960007	-8
57970006	-7
57980004	-7
57990004	-7
58000004	-6
58010007	-6
58020006	-6
58030006	-5
58040005	-5
58050004	-5
58060007	-4
58070007	-4
58080006	-4
58090005	-3
58100004	-3
58110005	-3
58120004	-3
58130003	-2
58140007	-2
58150006	-2
58160005	-1
58170004	-1
58180007	-1
58190006	-1
58200005	0
58210007	0
58220004	0
58230003	0
58240005	0
58250007	0
58260005	0
58270007	1
58280005	1
58290004	1
58300007	1
58310005	1
58320004	1
58330006	1
58340005	1
58350004	1
58360007	1
58370006	1
58380005	1
58390004	1
58400007	1
58410005	1
58420004	1
58430007	1
58440005	1
58450004	1
58460006	1
58470005	0
58480007	0
58490005	0
58500007	0
58510005	0
58520007	0
58530005	-1
58540005	-1
58550003	-1
58560006	-1
58570006	-2
58580005	-2
58590004	-2
58600004	-2
58610004	-3
58620003	-3
58630007	-3
58640005	-4
58650005	-4
58660004	-4
58670004	-5
58680003	-5
58690007	-5
58700007	-6
58710006	-6
58720005	-6
58730003	-7
58740007	-7
58750006	-7
58760005	-8
58770004	-8
58780007	-8
58790007	-9
58800006	-9
58810005	-9
58820004	-10
58830005	-10
58840005	-10
58850007	-11
58860008	-11
58870004	-11
58880005	-12
58890005	-12
58900006	-12
58910006	-12
58920007	-13
58930004	-13
58940004	-13
58950005	-13
58960005	-14
58970005	-14
58980005	-14
58990006	-14
59000006	-14
59010006	-15
59020006	-15
59030007	-15
59040007	-15
59050003	-15
59060004	-15
59070004	-15
59080004	-15
59090006	-15
59100003	-16
59110004	-16
59120004	-16
59130005	-16
59140005	-16
59150005	-16
59160005	-16
59170006	-16
59180006	-16
59190006	-16
59200007	-16
59210003	-15
59220004	-15
59230004	-15
59240004	-15
59250005	-15
59260006	-15
59270007	-15
59280004	-14
59290004	-14
59300005	-14
59310005	-14
59320005	-14
59330006	-13
59340007	-13
59350007	-13
59360007	-13
59370004	-12
59380007	-12
59390003	-12
59400004	-12
59410005	-11
59420006	-11
59430006	-11
59440007	-10
59450007	-10
59460008	-10
59470004	-9
59480004	-9
59490004	-9
59500003	-8
59510007	-8
59520005	-8
59530005	-7
59540004	-7
59550007	-7
59560007	-6
59570006	-6
59580006	-6
59590006	-5
59600004	-5
59610004	-5
59620007	-4
59630007	-4
59640006	-4
59650005	-3
59660005	-3
59670004	-3
59680007	-3
59690006	-2
59700005	-2
59710004	-2
59720003	-1
59730006	-1
59740005	-1
59750005	-1
59760004	-1
59770007	0
59780005	0
59790007	0
59800003	0
59810006	0
59820003	0
59830005	0
59840007	0
59850005	1
59860004	1
59870007	1
59880006	1
59890005	1
59900003	1
59910007	1
59920006	1
59930004	1
59940007	1
59950007	1
59960005	1
59970004	1
59980007	1
59990005	1
60000004	0
60010006	0
60020003	0
60030005	0
60040007	0
60050004	0
60060006	0
60070004	-1
60080007	-1
60090007	-1
60100006	-1
60110005	-1
60120004	-2
60130003	-2
60140007	-2
60150007	-3
60160005	-3
60170005	-3
60180004	-3
60190007	-4
60200006	-4
60210006	-4
60220005	-5
60230004	-5
60240008	-5
60250007	-6
60260006	-6
60270005	-6
60280004	-6
60290007	-7
60300006	-7
60310005	-7
60320004	-8
60330004	-8
60340003	-9
60350007	-9
60360006	-9
60370005	-9
60380005	-10
60390006	-10
60400006	-10
60410006	-11
60420006	-11
60430007	-11
60440007	-12
60450007	-12
60460007	-12
60470007	-12
60480004	-13
60490005	-13
60500005	-13
60510006	-13
60520007	-14
60530007	-14
60540004	-14
60550004	-14
60560004	-14
60570005	-14
60580006	-15
60590006	-15
60600006	-15
60610007	-15
60620007	-15
60630007	-15
60640003	-15
60650003	-15
60660004	-15
60670004	-15
60680004	-15
60690004	-15
60700005	-15
60710005	-15
60720005	-15
60730005	-15
60740006	-15
60750006	-15
60760006	-15
60770006	-15
60780006	-15
60790007	-15
60800007	-15
60810007	-15
60820007	-14
60830007	-14
60840004	-14
60850004	-14
60860004	-14
60870005	-13
60880005	-13
60890005	-13
60900005	-13
60910006	-12
60920006	-12
60930006	-12
60940006	-12
60950007	-11
60960007	-11
60970007	-11
60980007	-11
60990003	-10
61000003	-10
61010004	-10
61020004	-9
61030007	-9
61040007	-9
61050006	-8
61060006	-8
61070005	-8
61080005	-7
61090004	-7
61100007	-7
61110007	-6
61120006	-6
61130006	-6
61140006	-5
61150005	-5
61160005	-5
61170003	-4
61180006	-4
61190006	-4
61200005	-4
61210004	-3
61220003	-3
61230007	-3
61240006	-3
61250005	-2
61260004	-2
61270004	-2
61280007	-2
61290006	-1
61300005	-1
61310004	-1
61320007	-1
61330006	-1
61340006	0
61350003	0
61360005	0
61370003	0
61380005	0
61390003	0
61400006	0
61410004	0
61420005	0
61430007	0
61440005	0
61450004	1
61460006	1
61470005	1
61480007	1
61490006	1
61500004	1
61510007	1
61520005	1
61530005	0
61540006	0
61550004	0
61560006	0
61570003	0
61580005	0
61590003	0
61600005	0
61610003	-1
61620007	-1
61630006	-1
61640005	-1
61650004	-1
61660007	-2
61670006	-2
61680004	-2
61690007	-2
61700006	-3
61710005	-3
61720004	-3
61730007	-3
61740007	-4
61750006	-4
61760005	-4
61770004	-5
61780007	-5
61790006	-5
61800005	-6
61810005	-6
61820007	-6
61830007	-6
61840006	-7
61850005	-7
61860004	-7
61870008	-8
61880006	-8
61890006	-8
61900006	-9
61910006	-9
61920005	-9
61930004	-10
61940005	-10
61950006	-10
61960007	-11
61970007	-11
61980004	-11
61990005	-11
62000005	-12
62010007	-12
62020007	-12
62030003	-12
62040004	-13
62050005	-13
62060006	-13
62070007	-13
62080004	-13
62090004	-14
62100005	-14
62110005	-14
62120005	-14
62130005	-14
62140006	-14
62150006	-15
62160006	-15
62170007	-15
62180004	-15
62190004	-15
62200005	-15
62210005	-15
62220005	-15
62230007	-15
62240007	-15
62250004	-15
62260005	-15
62270005	-15
62280006	-15
62290003	-15
62300003	-15
62310004	-15
62320005	-15
62330005	-15
62340005	-15
62350006	-15
62360006	-14
62370006	-14
62380007	-14
62390007	-14
62400004	-14
62410005	-13
62420007	-13
62430007	-13
62440007	-13
62450004	-13
62460004	-12
62470005	-12
62480005	-12
62490006	-12
62500007	-11
62510007	-11
62520007	-11
62530004	-10
62540004	-10
62550004	-10
62560004	-10
62570005	-9
62580004	-9
62590007	-9
62600006	-8
62610005	-8
62620004	-8
62630004	-7
62640004	-7
62650004	-7
62660007	-6
62670007	-6
62680006	-6
62690005	-6
62700005	-5
62710003	-5
62720007	-5
62730006	-4
62740005	-4
62750004	-4
62760004	-3
62770007	-3
62780006	-3
62790006	-3
62800005	-3
62810004	-2
62820007	-2
62830006	-2
62840006	-2
62850006	-1
62860005	-1
62870005	-1
62880004	-1
62890007	-1
62900006	0
62910004	0
62920006	0
62930004	0
62940007	0
62950004	0
62960006	0
62970004	0
62980006	0
62990004	0
63000005	0
63010007	0
63020004	0
63030006	0
63040003	0
63050005	0
63060007	0
63070006	0
63080007	0
63090005	0
63100003	0
63110005	0
63120007	0
63130005	0
63140007	0
63150005	-1
63160004	-1
63170003	-1
63180006	-1
63190005	-1
63200004	-2
63210007	-2
63220006	-2
63230005	-2
63240004	-3
63250007	-3
63260006	-3
63270006	-3
63280004	-3
63290004	-4
63300008	-4
63310007	-4
63320007	-5
63330006	-5
63340005	-5
63350004	-6
63360003	-6
63370007	-6
63380006	-6
63390005	-7
63400004	-7
63410003	-7
63420007	-8
63430005	-8
63440004	-8
63450003	-9
63460007	-9
63470007	-9
63480007	-10
63490008	-10
63500003	-10
63510004	-10
63520005	-11
63530005	-11
63540006	-11
63550006	-12
63560006	-12
63570006	-12
63580007	-12
63590007	-12
63600004	-13
63610005	-13
63620005	-13
63630005	-13
63640006	-13
63650007	-14
63660004	-14
63670004	-14
63680005	-14
63690005	-14
63700005	-14
63710005	-14
63720006	-15
63730006	-15
63740006	-15
63750007	-15
63760007	-15
63770007	-15
63780004	-15
63790004	-15
63800005	-15
63810005	-15
63820005	-15
63830006	-15
63840006	-15
63850007	-15
63860008	-15
63870004	-15
63880004	-15
63890004	-14
63900004	-14
63910004	-14
63920005	-14
63930006	-14
63940007	-14
63950007	-13
63960007	-13
63970003	-13
63980008	-13
63990004	-13
64000004	-12
64010004	-12
64020004	-12
64030005	-12
64040005	-12
64050005	-11
64060005	-11
64070006	-11
64080006	-10
64090006	-10
64100006	-10
64110007	-10
64120007	-9
64130006	-9
64140006	-9
64150005	-8
64160004	-8
64170004	-8
64180008	-7
64190007	-7
64200006	-7
64210005	-6
64220004	-6
64230007	-6
64240007	-6
64250006	-5
64260005	-5
64270005	-5
64280005	-4
64290007	-4
64300006	-4
64310004	-4
64320006	-3
64330004	-3
64340007	-3
64350006	-3
64360005	-2
64370008	-2
64380006	-2
64390005	-2
64400004	-2
64410003	-1
64420007	-1
64430006	-1
64440005	-1
64450004	-1
64460008	-1
64470007	0
64480004	0
64490006	0
64500007	0
64510005	0
64520007	0
64530005	0
64540007	0
64550004	0
64560007	0
64570005	0
64580006	0
64590004	0
64600006	0
64610007	0
64620005	0
64630003	0
64640005	0
64650007	0
64660004	0
64670006	0
64680003	-1
64690007	-1
64700006	-1
64710005	-1
64720004	-1
64730008	-1
64740006	-2
64750005	-2
64760004	-2
64770003	-2
64780007	-2
64790006	-3
64800004	-3
64810008	-3
64820007	-3
64830006	-4
64840005	-4
64850003	-4
64860006	-4
64870005	-5
64880004	-5
64890007	-5
64900006	-6
64910006	-6
64920005	-6
64930004	-6
64940006	-7
64950006	-7
64960005	-7
64970004	-8
64980007	-8
64990006	-8
65000005	-9
65010004	-9
65020007	-9
65030007	-9
65040006	-10
65050007	-10
65060006	-10
65070007	-11
65080003	-11
65090004	-11
65100005	-11
65110005	-12
65120005	-12
65130006	-12
65140006	-12
65150006	-12
65160007	-13
65170007	-13
65180003	-13
65190004	-13
65200005	-13
65210005	-14
65220006	-14
65230007	-14
65240007	-14
65250007	-14
65260007	-14
65270007	-14
65280007	-14
65290004	-14
65300004	-14
65310004	-15
65320005	-15
65330006	-15
65340006	-15
65350007	-15
65360007	-15
65370008	-15
65380004	-15
65390004	-15
65400005	-15
65410005	-14
65420005	-14
65430006	-14
65440006	-14
65450006	-14
65460007	-14
65470006	-14
65480007	-14
65490004	-13
65500004	-13
65510005	-13
65520006	-13
65530005	-13
65540006	-12
65550006	-12
65560007	-12
65570007	-12
65580004	-12
65590004	-11
65600005	-11
65610005	-11
65620005	-10
65630005	-10
65640005	-10
65650006	-10
65660006	-9
65670005	-9
65680004	-9
65690008	-9
65700007	-8
65710006	-8
65720005	-8
65730006	-7
65740004	-7
65750004	-7
65760003	-6
65770007	-6
65780006	-6
65790004	-6
65800004	-5
65810006	-5
65820005	-5
65830004	-4
65840004	-4
65850007	-4
65860007	-4
65870005	-3
65880003	-3
65890006	-3
65900006	-3
65910004	-3
65920004	-2
65930006	-2
65940006	-2
65950008	-2
65960008	-2
65970007	-1
65980006	-1
65990005	-1
66000008	-1
66010006	-1
66020009	-1
66030009	-1
66040008	0
66050009	0
66060007	0
66070010	0
66080008	0
66090010	0
66100007	0
66110007	0
66120008	0
66130008	0
66140008	0
66150008	0
66160009	0
66170009	0
66180009	0
66190010	0
66200009	0
66210008	-1
66220011	-1
66230010	-1
66240008	-1
66250007	-1
66260010	-1
66270010	-1
66280009	-2
66290004	-2
66300011	-2
66310010	-2
66320009	-2
66330004	-3
66340011	-3
66350010	-3
66360005	-3
66370003	-4
66380011	-4
66390005	-4
66400004	-4
66410011	-5
66420007	-5
66430006	-5
66440005	-6
66450004	-6
66460007	-6
66470006	-6
66480005	-7
66490003	-7
66500007	-7
66510006	-7
66520005	-8
66530005	-8
66540003	-8
66550007	-9
66560007	-9
66570006	-9
66580006	-9
66590005	-10
66600005	-10
66610005	-10
66620007	-11
66630007	-11
66640007	-11
66650004	-11
66660004	-12
66670005	-12
66680005	-12
66690006	-12
66700006	-12
66710007	-13
66720008	-13
66730004	-13
66740004	-13
66750004	-13
66760005	-13
66770005	-13
66780005	-14
66790006	-14
66800006	-14
66810007	-14
66820007	-14
66830003	-14
66840004	-14
66850003	-14
66860004	-14
66870004	-14
66880005	-14
66890006	-14
66900006	-14
66910007	-14
66920007	-14
66930007	-14
66940007	-14
66950003	-14
66960003	-14
66970008	-14
66980004	-14
66990004	-14
67000005	-14
67010005	-14
67020005	-13
67030005	-13
67040005	-13
67050006	-13
67060006	-13
67070007	-13
67080007	-12
67090007	-12
67100004	-12
67110004	-12
67120005	-12
67130005	-11
67140005	-11
67150005	-11
67160005	-11
67170006	-10
67180006	-10
67190007	-10
67200007	-9
67210007	-9
67220006	-9
67230005	-9
67240004	-8
67250003	-8
67260007	-8
67270007	-8
67280007	-7
67290006	-7
67300005	-7
67310004	-6
67320004	-6
67330003	-6
67340007	-6
67350007	-5
67360006	-5
67370005	-5
67380005	-4
67390003	-4
67400007	-4
67410006	-4
67420005	-4
67430004	-3
67440004	-3
67450007	-3
67460006	-3
67470006	-2
67480005	-2
67490004	-2
67500007	-2
67510007	-2
67520007	-2
67530005	-1
67540005	-1
67550003	-1
67560007	-1
67570006	-1
67580004	-1
67590007	-1
67600006	-1
67610006	-1
67620005	-1
67630005	0
67640007	0
67650005	0
67660006	0
67670004	0
67680006	0
67690004	0
67700007	0
67710004	0
67720007	0
67730005	-1
67740004	-1
67750007	-1
67760007	-1
67770007	-1
67780005	-1
67790005	-1
67800004	-1
67810004	-2
67820007	-2
67830006	-2
67840005	-2
67850004	-2
67860007	-3
67870007	-3
67880007	-3
67890006	-3
67900005	-3
67910005	-4
67920004	-4
67930007	-4
67940006	-4
67950006	-5
67960005	-5
67970004	-5
67980007	-5
67990007	-6
68000007	-6
68010006	-6
68020005	-6
68030004	-7
68040003	-7
68050007	-7
68060006	-8
68070005	-8
68080003	-8
68090006	-8
68100005	-9
68110004	-9
68120007	-9
68130006	-9
68140007	-10
68150007	-10
68160007	-10
68170007	-10
68180003	-11
68190007	-11
68200007	-11
68210004	-11
68220005	-12
68230005	-12
68240006	-12
68250006	-12
68260006	-12
68270007	-13
68280007	-13
68290007	-13
68300008	-13
68310007	-13
68320007	-13
68330004	-13
68340004	-14
68350004	-14
68360004	-14
68370005	-14
68380005	-14
68390005	-14
68400005	-14
68410006	-14
68420006	-14
68430006	-14
68440006	-14
68450007	-14
68460007	-14
68470007	-14
68480004	-14
68490004	-14
68500005	-14
68510005	-14
68520005	-14
68530005	-14
68540006	-14
68550007	-13
68560003	-13
68570004	-13
68580004	-13
68590005	-13
68600005	-13
68610006	-12
68620006	-12
68630006	-12
68640007	-12
68650007	-12
68660007	-12
68670004	-11
68680004	-11
68690004	-11
68700004	-11
68710005	-10
68720006	-10
68730007	-10
68740007	-10
68750003	-9
68760006	-9
68770005	-9
68780004	-9
68790004	-8
68800007	-8
68810006	-8
68820006	-7
68830005	-7
68840004	-7
68850007	-7
68860006	-6
68870006	-6
68880004	-6
68890003	-6
68900007	-5
68910006	-5
68920004	-5
68930004	-4
68940007	-4
68950006	-4
68960005	-4
68970004	-4
68980007	-3
68990006	-3
69000005	-3
69010007	-3
69020007	-3
69030006	-2
69040005	-2
69050004	-2
69060007	-2
69070006	-2
69080005	-2
69090004	-1
69100007	-1
69110006	-1
69120005	-1
69130004	-1
69140007	-1
69150006	-1
69160004	-1
69170007	-1
69180006	-1
69190005	-1
69200008	-1
69210007	-1
69220006	-1
69230004	-1
69240003	-1
69250006	-1
69260005	-1
69270004	-1
69280007	-1
69290006	-1
69300005	-1
69310003	-1
69320007	-1
69330006	-1
69340004	-2
69350007	-2
69360006	-2
69370005	-2
69380004	-2
69390007	-2
69400006	-3
69410006	-3
69420005	-3
69430004	-3
69440008	-3
69450007	-4
69460005	-4
69470004	-4
69480007	-4
69490007	-5
69500005	-5
69510004	-5
69520007	-5
69530007	-6
69540006	-6
69550005	-6
69560005	-6
69570004	-7
69580004	-7
69590007	-7
69600006	-7
69610006	-8
69620005	-8
69630004	-8
69640007	-9
69650006	-9
69660006	-9
69670005	-9
69680004	-10
69690004	-10
69700004	-10
69710005	-10
69720005	-10
69730007	-11
69740006	-11
69750007	-11
69760007	-11
69770004	-12
69780004	-12
69790005	-12
69800005	-12
69810005	-12
69820005	-12
69830006	-13
69840006	-13
69850007	-13
69860004	-13
69870004	-13
69880005	-13
69890005	-13
69900005	-13
69910005	-13
69920005	-14
69930005	-14
69940006	-14
69950006	-14
69960006	-14
69970007	-14
69980007	-14
69990007	-14
70000008	-14
70010007	-14
70020004	-14
70030004	-14
70040004	-14
70050004	-14
70060005	-14
70070005	-13
70080006	-13
70090007	-13
70100007	-13
70110007	-13
70120004	-13
70130005	-13
70140005	-12
70150006	-12
70160007	-12
70170007	-12
70180007	-12
70190008	-12
70200004	-11
70210004	-11
70220004	-11
70230004	-11
70240005	-11
70250005	-10
70260006	-10
70270007	-10
70280007	-10
70290007	-9
70300006	-9
70310005	-9
70320007	-9
70330007	-8
70340006	-8
70350005	-8
70360004	-7
70370008	-7
70380006	-7
70390005	-7
70400004	-6
70410007	-6
70420006	-6
70430005	-6
70440004	-5
70450006	-5
70460005	-5
70470005	-5
70480004	-4
70490007	-4
70500007	-4
70510005	-4
70520004	-4
70530003	-3
70540007	-3
70550006	-3
70560005	-3
70570004	-3
70580007	-2
70590006	-2
70600005	-2
70610003	-2
70620006	-2
70630005	-2
70640004	-2
70650008	-1
70660006	-1
70670006	-1
70680005	-1
70690004	-1
70700003	-1
70710007	-1
70720006	-1
70730005	-1
70740004	-1
70750007	-1
70760006	-1
70770005	-1
70780004	-1
70790004	-1
70800006	-1
70810005	-1
70820004	-1
70830007	-1
70840006	-1
70850005	-1
70860003	-1
70870007	-2
70880006	-2
70890005	-2
70900003	-2
70910007	-2
70920005	-2
70930005	-3
70940004	-3
70950004	-3
70960007	-3
70970007	-3
70980005	-3
70990005	-4
71000004	-4
71010003	-4
71020006	-4
71030005	-5
71040004	-5
71050007	-5
71060006	-5
71070005	-6
71080003	-6
71090007	-6
71100005	-6
71110005	-7
71120004	-7
71130007	-7
71140007	-7
71150006	-8
71160005	-8
71170006	-8
71180004	-8
71190004	-9
71200007	-9
71210007	-9
71220007	-9
71230006	-10
71240006	-10
71250006	-10
71260007	-10
71270003	-11
71280004	-11
71290005	-11
71300006	-11
71310007	-11
71320003	-12
71330004	-12
71340004	-12
71350005	-12
71360005	-12
71370006	-12
71380007	-12
71390007	-13
71400007	-13
71410007	-13
71420003	-13
71430004	-13
71440004	-13
71450004	-13
71460004	-13
71470005	-13
71480005	-13
71490005	-13
71500006	-13
71510006	-13
71520007	-13
71530008	-13
71540007	-13
71550004	-13
71560004	-13
71570004	-13
71580005	-13
71590005	-13
71600006	-13
71610006	-13
71620007	-13
71630007	-13
71640007	-13
71650007	-13
71660007	-13
71670004	-12
71680005	-12
71690005	-12
71700005	-12
71710006	-12
71720006	-12
71730006	-12
71740003	-11
71750004	-11
71760004	-11
71770004	-11
71780004	-10
71790005	-10
71800005	-10
71810005	-10
71820005	-10
71830006	-9
71840005	-9
71850004	-9
71860004	-9
71870007	-8
71880006	-8
71890005	-8
71900005	-8
71910005	-7
71920004	-7
71930007	-7
71940006	-6
71950005	-6
71960003	-6
71970007	-6
71980006	-6
71990006	-5
72000004	-5
72010007	-5
72020006	-5
72030005	-4
72040004	-4
72050007	-4
72060005	-4
72070004	-4
72080003	-3
72090007	-3
72100005	-3
72110004	-3
72120007	-3
72130006	-3
72140005	-2
72150004	-2
72160007	-2
72170006	-2
72180005	-2
72190003	-2
72200006	-2
72210005	-2
72220003	-1
72230007	-1
72240005	-1
72250005	-1
72260004	-1
72270006	-1
72280005	-1
72290004	-1
72300007	-1
72310007	-1
72320006	-1
72330005	-1
72340004	-1
72350008	-1
72360006	-1
72370005	-1
72380005	-1
72390004	-2
72400007	-2
72410006	-2
72420005	-2
72430003	-2
72440006	-2
72450005	-2
72460004	-3
72470007	-3
72480007	-3
72490005	-3
72500004	-3
72510003	-3
72520007	-4
72530006	-4
72540004	-4
72550008	-4
72560007	-4
72570005	-5
72580004	-5
72590003	-5
72600006	-5
72610006	-6
72620005	-6
72630004	-6
72640008	-6
72650007	-7
72660006	-7
72670005	-7
72680004	-7
72690003	-8
72700007	-8
72710006	-8
72720005	-8
72730005	-9
72740004	-9
72750007	-9
72760006	-9
72770004	-9
72780007	-10
72790004	-10
72800005	-10
72810005	-10
72820005	-11
72830006	-11
72840006	-11
72850007	-11
72860008	-11
72870005	-12
72880005	-12
72890006	-12
72900005	-12
72910006	-12
72920006	-12
72930007	-12
72940003	-12
72950004	-13
72960005	-13
72970005	-13
72980004	-13
72990005	-13
73000005	-13
73010005	-13
73020005	-13
73030007	-13
73040007	-13
73050007	-13
73060007	-13
73070007	-13
73080008	-13
73090008	-13
73100004	-13
73110004	-13
73120005	-13
73130005	-13
73140006	-13
73150007	-13
73160006	-13
73170006	-13
73180007	-13
73190008	-13
73200003	-12
73210007	-12
73220003	-12
73230004	-12
73240004	-12
73250004	-12
73260004	-12
73270006	-11
73280007	-11
73290004	-11
73300004	-11
73310005	-11
73320005	-10
73330005	-10
73340005	-10
73350006	-10
73360006	-9
73370005	-9
73380004	-9
73390008	-9
73400007	-9
73410007	-8
73420006	-8
73430005	-8
73440004	-8
73450004	-7
73460007	-7
73470005	-7
73480004	-7
73490007	-6
73500007	-6
73510005	-6
73520003	-6
73530007	-5
73540006	-5
73550005	-5
73560005	-5
73570008	-5
73580007	-4
73590006	-4
73600005	-4
73610004	-4
73620007	-4
73630007	-3
73640006	-3
73650004	-3
73660004	-3
73670007	-3
73680006	-3
73690005	-3
73700004	-2
73710004	-2
73720007	-2
73730006	-2
73740005	-2
73750004	-2
73760007	-2
73770006	-2
73780005	-2
73790004	-2
73800004	-2
73810007	-2
73820007	-2
73830006	-2
73840004	-2
73850004	-2
73860008	-2
73870006	-2
73880005	-2
73890005	-2
73900008	-2
73910006	-2
73920005	-2
73930003	-2
73940007	-2
73950006	-2
73960005	-2
73970003	-2
73980007	-2
73990007	-3
74000006	-3
74010005	-3
74020004	-3
74030007	-3
74040006	-3
74050006	-4
74060005	-4
74070004	-4
74080007	-4
74090007	-4
74100006	-5
74110004	-5
74120008	-5
74130006	-5
74140005	-5
74150004	-6
74160006	-6
74170005	-6
74180004	-6
74190007	-7
74200006	-7
74210005	-7
74220005	-7
74230004	-8
74240007	-8
74250006	-8
74260005	-8
74270005	-9
74280007	-9
74290007	-9
74300006	-9
74310005	-9
74320004	-10
74330005	-10
74340006	-10
74350006	-10
74360006	-10
74370007	-11
74380003	-11
74390004	-11
74400004	-11
74410004	-11
74420005	-12
74430005	-12
74440007	-12
74450004	-12
74460004	-12
74470005	-12
74480006	-12
74490007	-12
74500006	-12
74510007	-13
74520007	-13
74530007	-13
74540007	-13
74550008	-13
74560004	-13
74570004	-13
74580004	-13
74590004	-13
74600004	-13
74610005	-13
74620005	-13
74630005	-13
74640005	-13
74650006	-13
74660006	-13
74670006	-13
74680007	-13
74690007	-13
74700007	-13
74710007	-13
74720008	-12
74730003	-12
74740004	-12
74750005	-12
74760005	-12
74770006	-12
74780005	-12
74790005	-12
74800005	-11
74810005	-11
74820005	-11
74830006	-11
74840006	-11
74850007	-10
74860003	-10
74870004	-10
74880004	-10
74890004	-10
74900005	-9
74910004	-9
74920004	-9
74930007	-9
74940006	-9
74950006	-8
74960005	-8
74970004	-8
74980007	-8
74990007	-7
75000005	-7
75010005	-7
75020004	-7
75030004	-6
75040007	-6
75050006	-6
75060005	-6
75070004	-6
75080008	-5
75090007	-5
75100006	-5
75110005	-5
75120004	-4
75130007	-4
75140006	-4
75150005	-4
75160004	-4
75170006	-4
75180005	-3
75190005	-3
75200003	-3
75210006	-3
75220005	-3
75230004	-3
75240007	-3
75250006	-2
75260005	-2
75270004	-2
75280007	-2
75290006	-2
75300004	-2
75310007	-2
75320006	-2
75330005	-2
75340004	-2
75350004	-2
75360007	-2
75370006	-2
75380005	-2
75390003	-2
75400006	-2
75410005	-2
75420004	-2
75430004	-2
75440007	-2
75450006	-2
75460005	-2
75470004	-2
75480007	-2
75490006	-2
75500005	-2
75510005	-3
75520004	-3
75530007	-3
75540006	-3
75550006	-3
75560005	-3
75570004	-3
75580004	-4
75590007	-4
75600006	-4
75610005	-4
75620004	-4
75630004	-4
75640008	-5
75650007	-5
75660005	-5
75670004	-5
75680003	-6
75690007	-6
75700006	-6
75710006	-6
75720005	-6
75730005	-7
75740007	-7
75750007	-7
75760005	-7
75770004	-8
75780003	-8
75790006	-8
75800006	-8
75810005	-9
75820005	-9
75830008	-9
75840007	-9
75850007	-9
75860007	-10
75870003	-10
75880004	-10
75890005	-10
75900006	-10
75910007	-10
75920004	-11
75930004	-11
75940005	-11
75950006	-11
75960006	-11
75970007	-12
75980004	-12
75990005	-12
76000005	-12
76010006	-12
76020006	-12
76030004	-12
76040005	-12
76050006	-12
76060007	-12
76070007	-12
76080004	-13
76090005	-13
76100005	-13
76110005	-13
76120005	-13
76130006	-13
76140006	-13
76150006	-13
76160006	-13
76170007	-13
76180007	-13
76190007	-13
76200003	-13
76210004	-13
76220005	-13
76230006	-12
76240006	-12
76250007	-12
76260008	-12
76270004	-12
76280005	-12
76290006	-12
76300006	-12
76310007	-12
76320004	-11
76330005	-11
76340007	-11
76350007	-11
76360007	-11
76370007	-11
76380004	-10
76390004	-10
76400004	-10
76410004	-10
76420004	-10
76430005	-9
76440004	-9
76450004	-9
76460007	-9
76470006	-9
76480006	-8
76490005	-8
76500004	-8
76510003	-8
76520007	-7
76530006	-7
76540005	-7
76550004	-7
76560006	-7
76570005	-6
76580004	-6
76590004	-6
76600006	-6
76610006	-6
76620005	-5
76630004	-5
76640004	-5
76650007	-5
76660006	-5
76670005	-4
76680004	-4
76690007	-4
76700007	-4
76710006	-4
76720006	-4
76730005	-3
76740004	-3
76750007	-3
76760006	-3
76770005	-3
76780004	-3
76790007	-3
76800006	-3
76810005	-3
76820004	-2
76830007	-2
76840006	-2
76850005	-2
76860005	-2
76870004	-2
76880007	-2
76890006	-2
76900005	-2
76910003	-2
76920007	-2
76930005	-2
76940004	-2
76950003	-2
76960006	-2
76970005	-2
76980004	-2
76990007	-2
77000005	-2
77010004	-2
77020007	-2
77030006	-3
77040005	-3
77050004	-3
77060007	-3
77070006	-3
77080005	-3
77090003	-3
77100007	-3
77110006	-4
77120005	-4
77130004	-4
77140007	-4
77150006	-4
77160005	-4
77170005	-5
77180007	-5
77190006	-5
77200006	-5
77210005	-5
77220007	-6
77230007	-6
77240005	-6
77250004	-6
77260003	-6
77270004	-7
77280007	-7
77290006	-7
77300005	-7
77310004	-8
77320007	-8
77330007	-8
77340006	-8
77350006	-9
77360005	-9
77370005	-9
77380004	-9
77390004	-9
77400004	-9
77410007	-10
77420007	-10
77430004	-10
77440005	-10
77450005	-10
77460006	-11
77470007	-11
77480007	-11
77490004	-11
77500005	-11
77510005	-11
77520005	-11
77530005	-12
77540006	-12
77550006	-12
77560006	-12
77570007	-12
77580003	-12
77590004	-12
77600004	-12
77610005	-12
77620005	-12
77630006	-12
77640007	-12
77650007	-12
77660004	-12
77670004	-12
77680005	-12
77690005	-12
77700006	-12
77710007	-12
77720004	-12
77730004	-12
77740005	-12
77750006	-12
77760006	-12
77770006	-12
77780007	-12
77790007	-12
77800003	-12
77810003	-12
77820008	-12
77830004	-12
77840005	-12
77850006	-11
77860003	-11
77870004	-11
77880005	-11
77890006	-11
77900007	-11
77910003	-10
77920004	-10
77930005	-10
77940005	-10
77950006	-10
77960007	-9
77970006	-9
77980005	-9
77990005	-9
78000004	-9
78010007	-9
78020006	-8
78030005	-8
78040004	-8
78050004	-8
78060004	-7
78070007	-7
78080006	-7
78090005	-7
78100004	-7
78110008	-6
78120007	-6
78130005	-6
78140005	-6
78150004	-6
78160004	-5
78170007	-5
78180006	-5
78190005	-5
78200004	-5
78210003	-4
78220007	-4
78230007	-4
78240005	-4
78250004	-4
78260007	-4
78270006	-4
78280007	-3
78290006	-3
78300004	-3
78310003	-3
78320007	-3
78330005	-3
78340004	-3
78350007	-3
78360006	-3
78370006	-3
78380005	-3
78390005	-2
78400003	-2
78410007	-2
78420005	-2
78430005	-2
78440003	-2
78450006	-2
78460005	-2
78470003	-2
78480007	-2
78490006	-2
78500005	-2
78510003	-2
78520006	-2
78530005	-2
78540004	-3
78550007	-3
78560006	-3
78570005	-3
78580004	-3
78590007	-3
78600005	-3
78610005	-3
78620007	-3
78630007	-4
78640006	-4
78650006	-4
78660005	-4
78670004	-4
78680008	-4
78690006	-4
78700005	-5
78710004	-5
78720003	-5
78730006	-5
78740005	-5
78750005	-6
78760004	-6
78770004	-6
78780007	-6
78790006	-6
78800005	-7
78810005	-7
78820003	-7
78830007	-7
78840006	-7
78850006	-8
78860005	-8
78870004	-8
78880007	-8
78890007	-9
78900006	-9
78910005	-9
78920004	-9
78930008	-9
78940006	-9
78950006	-10
78960006	-10
78970008	-10
78980008	-10
78990004	-10
79000004	-10
79010004	-11
79020005	-11
79030005	-11
79040006	-11
79050006	-11
79060007	-11
79070007	-11
79080007	-12
79090003	-12
79100007	-12
79110004	-12
79120005	-12
79130005	-12
79140006	-12
79150007	-12
79160007	-12
79170004	-12
79180004	-12
79190005	-12
79200005	-12
79210006	-12
79220006	-12
79230007	-12
79240007	-12
79250007	-12
79260004	-12
79270004	-12
79280005	-12
79290005	-12
79300006	-12
79310007	-12
79320007	-12
79330008	-12
79340007	-12
79350004	-12
79360004	-12
79370005	-11
79380005	-11
79390006	-11
79400006	-11
79410006	-11
79420006	-11
79430007	-11
79440007	-10
79450004	-10
79460004	-10
79470005	-10
79480006	-10
79490007	-9
79500007	-9
79510006	-9
79520005	-9
79530005	-9
79540005	-9
79550004	-8
79560007	-8
79570007	-8
79580007	-8
79590005	-8
79600004	-7
79610007	-7
79620006	-7
79630006	-7
79640005	-7
79650004	-6
79660007	-6
79670006	-6
79680006	-6
79690005	-6
79700004	-5
79710007	-5
79720006	-5
79730006	-5
79740005	-5
79750004	-5
79760004	-4
79770007	-4
79780007	-4
79790006	-4
79800005	-4
79810004	-4
79820004	-4
79830004	-3
79840007	-3
79850006	-3
79860005	-3
79870003	-3
79880007	-3
79890006	-3
79900005	-3
79910004	-3
79920007	-3
79930006	-3
79940005	-3
79950005	-3
79960004	-3
79970007	-3
79980006	-3
79990005	-3
80000005	-3
80010005	-3
80020004	-3
80030004	-3
80040008	-3
80050007	-3
80060007	-3
80070006	-3
80080005	-3
80090005	-3
80100004	-3
80110003	-3
80120007	-3
80130006	-3
80140006	-3
80150005	-3
80160005	-4
80170008	-4
80180007	-4
80190007	-4
80200006	-4
80210006	-4
80220005	-5
80230005	-5
80240005	-5
80250004	-5
80260004	-5
80270007	-5
80280006	-6
80290005	-6
80300004	-6
80310004	-6
80320003	-6
80330007	-6
80340007	-7
80350006	-7
80360005	-7
80370004	-7
80380007	-7
80390007	-8
80400006	-8
80410006	-8
80420005	-8
80430005	-9
80440003	-9
80450007	-9
80460007	-9
80470006	-9
80480005	-9
80490005	-10
80500006	-10
80510006	-10
80520006	-10
80530007	-10
80540007	-10
80550007	-10
80560007	-11
80570004	-11
80580004	-11
80590005	-11
80600006	-11
80610007	-11
80620004	-11
80630005	-11
80640005	-12
80650007	-12