481650006	-25
481660004	-26
481670006	-26
481680004	-26
481690007	-26
481700006	-26
481710004	-26
481720007	-26
481730005	-26
481740007	-26
481750005	-26
481760007	-26
481770005	-26
481780007	-26
481790006	-26
481800005	-26
481810007	-26
481820005	-25
481830007	-25
481840005	-25
481850004	-25
481860006	-24
481870004	-24
481880006	-24
481890005	-23
481900003	-23
481910006	-23
481920005	-22
481930008	-22
481940006	-21
481950005	-21
481960007	-20
481970005	-20
481980004	-19
481990007	-19
482000005	-18
482010007	-18
482020005	-17
482030004	-16
482040007	-16
482050006	-15
482060003	-14
482070006	-14
482080005	-13
482090004	-12
482100007	-12
482110005	-11
482120007	-10
482130006	-9
482140003	-9
482150005	-8
482160006	-7
482170007	-6
482180007	-6
482190005	-5
482200006	-4
482210007	-3
482220004	-3
482230006	-2
482240006	-1
482250007	-1
482260004	0
482270004	1
482280004	1
482290005	2
482300005	3
482310005	3
482320006	4
482330007	4
482340004	5
482350005	5
482360005	6
482370006	6
482380007	7
482390007	7
482400004	8
482410005	8
482420005	9
482430005	9
482440005	9
482450006	10
482460004	10
482470007	10
482480005	10
482490007	11
482500005	11
482510006	11
482520003	11
482530006	11
482540007	11
482550005	12
482560006	12
482570004	12
482580007	12
482590005	12
482600007	12
482610004	12
482620006	12
482630005	11
482640006	11
482650005	11
482660006	11
482670004	11
482680006	10
482690004	10
482700006	10
482710004	9
482720005	9
482730007	9
482740004	8
482750005	8
482760006	8
482770007	7
482780007	7
482790004	6
482800004	6
482810005	5
482820005	5
482830006	4
482840007	3
482850007	3
482860003	2
482870007	2
482880004	1
482890004	0
482900007	0
482910003	-1
482920005	-2
482930007	-2
482940005	-3
482950006	-4
482960007	-4
482970005	-5
482980006	-6
482990007	-7
483000003	-7
483010005	-8
483020006	-9
483030004	-10
483040007	-10
483050006	-11
483060004	-12
483070007	-12
483080005	-13
483090004	-14
483100006	-14
483110005	-15
483120003	-16
483130007	-16
483140005	-17
483150004	-18
483160006	-18
483170005	-19
483180007	-19
483190005	-20
483200003	-20
483210007	-21
483220005	-21
483230003	-22
483240006	-22
483250004	-22
483260007	-23
483270005	-23
483280007	-24
483290006	-24
483300007	-24
483310006	-24
483320004	-25
483330007	-25
483340005	-25
483350007	-25
483360005	-25
483370004	-25
483380006	-26
483390004	-26
483400006	-26
483410004	-26
483420007	-26
483430005	-26
483440007	-26
483450006	-26
483460004	-26
483470007	-26
483480005	-25
483490004	-25
483500006	-25
483510005	-25
483520007	-25
483530005	-24
483540003	-24
483550006	-24
483560004	-23
483570006	-23
483580004	-23
483590006	-22
483600005	-22
483610007	-22
483620005	-21
483630003	-21
483640006	-20
483650004	-20
483660007	-19
483670005	-18
483680007	-18
483690005	-17
483700007	-17
483710005	-16
483720004	-16
483730006	-15
483740005	-14
483750007	-14
483760005	-13
483770004	-12
483780007	-12
483790005	-11
483800007	-10
483810005	-9
483820006	-9
483830007	-8
483840005	-7
483850006	-6
483860007	-6
483870004	-5
483880006	-4
483890007	-4
483900004	-3
483910005	-2
483920005	-2
483930004	-1
483940005	0
483950005	0
483960005	1
483970006	2
483980006	2
483990006	3
484000006	3
484010007	4
484020003	5
484030005	5
484040005	6
484050006	6
484060006	6
484070006	7
484080006	7
484090007	8
484100007	8
484110004	9
484120005	9
484130006	9
484140006	9
484150003	10
484160005	10
484170007	10
484180005	10
484190003	11
484200005	11
484210007	11
484220004	11
484230006	11
484240007	11
484250005	11
484260006	11
484270007	11
484280005	11
484290007	11
484300005	11
484310006	11
484320004	11
484330006	11
484340004	10
484350006	10
484360007	10
484370005	10
484380007	9
484390007	9
484400007	9
484410007	8
484420008	8
484430004	8
484440005	7
484450005	7
484460006	6
484470006	6
484480003	5
484490004	5
484500005	4
484510006	4
484520005	3
484530006	3
484540006	2
484550007	1
484560007	1
484570007	0
484580007	-1
484590003	-1
484600005	-2
484610004	-3
484620005	-3
484630007	-4
484640004	-5
484650005	-5
484660007	-6
484670005	-7
484680006	-8
484690007	-8
484700004	-9
484710005	-10
484720003	-10
484730006	-11
484740004	-12
484750006	-12
484760004	-13
484770007	-14
484780005	-14
484790008	-15
484800006	-16
484810004	-16
484820006	-17
484830005	-17
484840004	-18
484850003	-19
484860006	-19
484870005	-20
484880007	-20
484890006	-21
484900004	-21
484910006	-21
484920004	-22
484930007	-22
484940005	-23
484950004	-23
484960007	-23
484970005	-24
484980007	-24
484990005	-24
485000004	-24
485010006	-24
485020005	-25
485030007	-25
485040005	-25
485050004	-25
485060006	-25
485070004	-25
485080006	-25
485090004	-25
485100007	-25
485110005	-25
485120003	-25
485130006	-25
485140003	-25
485150006	-25
485160003	-25
485170006	-25
485180004	-25
485190006	-24
485200005	-24
485210007	-24
485220005	-24
485230003	-23
485240005	-23
485250008	-23
485260006	-22
485270004	-22
485280006	-21
485290004	-21
485300015	-20
485310005	-20
485320004	-19
485330006	-19
485340004	-18
485350007	-18
485360005	-17
485370004	-17
485380006	-16
485390004	-16
485400006	-15
485410005	-14
485420007	-14
485430006	-13
485440004	-12
485450008	-12
485460005	-11
485470003	-10
485480006	-10
485490004	-9
485500005	-8
485510007	-7
485520004	-7
485530005	-6
485540006	-5
485550007	-5
485560004	-4
485570005	-3
485580006	-3
485590003	-2
485600005	-1
485610007	-1
485620008	0
485630003	1
485640003	1
485650004	2
485660005	2
485670005	3
485680005	3
485690006	4
485700006	5
485710006	5
485720006	6
485730006	6
485740003	6
485750004	7
485760004	7
485770005	8
485780005	8
485790006	8
485800007	9
485810007	9
485820003	9
485830003	9
485840004	10
485850006	10
485860007	10
485870005	10
485880007	10
485890004	10
485900006	11
485910004	11
485920005	11
485930003	11
485940005	11
485950007	11
485960005	11
485970003	11
485980006	10
485990004	10
486000005	10
486010007	10
486020004	10
486030006	9
486040006	9
486050007	9
486060007	9
486070007	8
486080003	8
486090005	8
486100005	7
486110005	7
486120006	6
486130006	6
486140007	6
486150005	5
486160005	5
486170005	4
486180006	3
486190006	3
486200007	2
486210008	2
486220004	1
486230006	0
486240005	0
486250005	-1
486260006	-1
486270007	-2
486280004	-3
486290005	-3
486300007	-4
486310007	-5
486320005	-6
486330006	-6
486340004	-7
486350005	-8
486360007	-8
486370004	-9
486380004	-10
486390006	-10
486400004	-11
486410006	-12
486420004	-12
486430007	-13
486440005	-14
486450004	-14
486460006	-15
486470004	-16
486480006	-16
486490005	-17
486500004	-17
486510006	-18
486520004	-18
486530007	-19
486540005	-19
486550004	-20
486560007	-20
486570005	-21
486580004	-21
486590007	-22
486600004	-22
486610006	-22
486620005	-23
486630007	-23
486640005	-23
486650007	-23
486660006	-24
486670004	-24
486680006	-24
486690003	-24
486700005	-24
486710003	-25
486720005	-25
486730003	-25
486740005	-25
486750007	-25
486760005	-25
486770003	-25
486780006	-25
486790004	-25
486800006	-25
486810005	-25
486820007	-25
486830006	-24
486840003	-24
486850006	-24
486860004	-24
486870006	-24
486880005	-23
486890006	-23
486900003	-23
486910006	-22
486920004	-22
486930006	-22
486940004	-21
486950007	-21
486960005	-20
486970007	-20
486980006	-19
486990005	-19
487000004	-18
487010006	-18
487020005	-17
487030003	-17
487040006	-16
487050004	-16
487060007	-15
487070005	-15
487080003	-14
487090006	-13
487100004	-13
487110007	-12
487120005	-11
487130007	-11
487140006	-10
487150005	-9
487160006	-9
487170007	-8
487180005	-7
487190006	-6
487200006	-6
487210007	-5
487220004	-4
487230005	-4
487240006	-3
487250007	-2
487260004	-2
487270005	-1
487280007	0
487290007	0
487300007	1
487310007	1
487320007	2
487330004	2
487340005	3
487350005	3
487360005	4
487370006	5
487380006	5
487390007	6
487400007	6
487410007	6
487420007	7
487430008	7
487440003	7
487450004	8
487460004	8
487470005	8
487480005	9
487490006	9
487500006	9
487510007	9
487520007	9
487530007	10
487540005	10
487550006	10
487560007	10
487570005	10
487580007	10
487590004	10
487600006	10
487610003	10
487620005	10
487630007	10
487640004	10
487650006	10
487660003	10
487670005	10
487680007	9
487690004	9
487700004	9
487710005	9
487720006	8
487730007	8
487740007	8
487750004	7
487760004	7
487770005	7
487780005	6
487790005	6
487800005	5
487810006	5
487820006	4
487830006	4
487840007	3
487850007	3
487860007	2
487870007	2
487880007	1
487890004	0
487900003	0
487910007	-1
487920004	-1
487930005	-2
487940007	-3
487950004	-3
487960005	-4
487970006	-5
487980007	-5
487990004	-6
488000005	-7
488010007	-7
488020004	-8
488030006	-9
488040007	-9
488050005	-10
488060007	-11
488070005	-12
488080004	-12
488090007	-13
488100004	-13
488110006	-14
488120005	-15
488130004	-15
488140006	-16
488150004	-16
488160006	-17
488170005	-17
488180007	-18
488190005	-18
488200003	-19
488210006	-19
488220004	-20
488230007	-20
488240005	-21
488250004	-21
488260006	-22
488270004	-22
488280006	-22
488290003	-22
488300005	-23
488310008	-23
488320006	-23
488330005	-24
488340007	-24
488350005	-24
488360007	-24
488370006	-24
488380008	-24
488390010	-24
488400008	-24
488410010	-24
488420009	-24
488430008	-24
488440008	-24
488450008	-24
488460009	-24
488470010	-24
488480010	-24
488490010	-24
488500007	-24
488510009	-24
488520009	-23
488530009	-23
488540011	-23
488550008	-23
488560011	-22
488570009	-22
488580011	-22
488590010	-21
488600008	-21
488610010	-21
488620008	-20
488630011	-20
488640004	-19
488650010	-19
488660005	-18
488670012	-18
488680005	-17
488690004	-17
488700010	-16
488710004	-15
488720011	-15
488730005	-14
488740007	-14
488750005	-13
488760003	-12
488770006	-12
488780004	-11
488790007	-10
488800005	-10
488810003	-9
488820005	-8
488830006	-8
488840003	-7
488850004	-6
488860004	-6
488870005	-5
488880005	-4
488890007	-4
488900004	-3
488910005	-2
488920006	-2
488930006	-1
488940007	-1
488950004	0
488960004	1
488970005	1
488980005	2
488990005	2
489000006	3
489010007	3
489020007	4
489030007	4
489040003	5
489050004	5
489060005	6
489070005	6
489080005	6
489090006	7
489100006	7
489110007	8
489120007	8
489130004	8
489140004	8
489150006	9
489160007	9
489170003	9
489180004	9
489190004	9
489200005	9
489210005	9
489220006	10
489230004	10
489240006	10
489250007	10
489260006	10
489270007	10
489280005	10
489290006	10
489300003	10
489310005	9
489320006	9
489330006	9
489340006	9
489350007	9
489360003	8
489370004	8
489380004	8
489390004	8
489400003	7
489410004	7
489420004	6
489430004	6
489440004	6
489450005	5
489460005	5
489470006	4
489480007	4
489490007	3
489500007	3
489510004	2
489520004	2
489530005	1
489540005	0
489550005	0
489560005	-1
489570006	-1
489580006	-2
489590003	-3
489600004	-3
489610005	-4
489620006	-4
489630007	-5
489640003	-6
489650005	-6
489660007	-7
489670004	-8
489680006	-9
489690006	-9
489700004	-10
489710007	-10
489720005	-11
489730007	-12
489740006	-12
489750005	-13
489760003	-14
489770005	-14
489780004	-15
489790007	-15
489800005	-16
489810007	-16
489820006	-17
489830004	-18
489840007	-18
489850005	-18
489860004	-19
489870006	-19
489880004	-20
489890007	-20
489900005	-21
489910004	-21
489920007	-21
489930005	-22
489940003	-22
489950006	-22
489960004	-23
489970006	-23
489980005	-23
489990007	-23
490000005	-23
490010004	-24
490020006	-24
490030004	-24
490040006	-24
490050004	-24
490060007	-24
490070005	-24
490080007	-24
490090006	-24
490100008	-24
490110006	-24
490120004	-24
490130006	-24
490140004	-24
490150007	-23
490160006	-23
490170004	-23
490180006	-23
490190004	-23
490200007	-22
490210005	-22
490220007	-22
490230006	-21
490240004	-21
490250006	-21
490260005	-20
490270007	-20
490280005	-19
490290004	-19
490300007	-18
490310005	-18
490320004	-17
490330007	-17
490340005	-16
490350003	-16
490360006	-15
490370004	-15
490380006	-14
490390005	-13
490400007	-13
490410006	-12
490420004	-12
490430007	-11
490440005	-10
490450004	-10
490460006	-9
490470008	-8
490480004	-8
490490006	-7
490500007	-6
490510004	-6
490520005	-5
490530006	-4
490540006	-4
490550004	-3
490560005	-3
490570007	-2
490580004	-1
490590005	-1
490600006	0
490610006	0
490620007	1
490630007	2
490640007	2
490650004	3
490660004	3
490670005	4
490680005	4
490690006	5
490700006	5
490710006	5
490720006	6
490730006	6
490740006	6
490750004	7
490760004	7
490770004	7
490780005	8
490790005	8
490800005	8
490810006	8
490820007	9
490830004	9
490840007	9
490850004	9
490860004	9
490870004	9
490880004	9
490890005	9
490900006	9
490910006	9
490920006	9
490930007	9
490940007	9
490950004	9
490960007	9
490970003	9
490980004	9
490990005	8
491000006	8
491010006	8
491020006	8
491030007	7
491040007	7
491050007	7
491060003	6
491070004	6
491080004	6
491090004	5
491100004	5
491110005	4
491120005	4
491130006	3
491140006	3
491150007	2
491160007	2
491170004	1
491180005	1
491190005	0
491200005	0
491210005	-1
491220006	-2
491230007	-2
491240004	-3
491250005	-3
491260006	-4
491270006	-5
491280003	-5
491290005	-6
491300006	-7
491310007	-7
491320003	-8
491330005	-9
491340006	-9
491350006	-10
491360004	-11
491370006	-11
491380004	-12
491390006	-12
491400005	-13
491410007	-14
491420005	-14
491430004	-15
491440006	-15
491450004	-16
491460006	-16
491470004	-17
491480006	-17
491490004	-18
491500007	-18
491510006	-19
491520008	-19
491530006	-20
491540004	-20
491550006	-20
491560005	-21
491570004	-21
491580007	-21
491590005	-22
491600007	-22
491610005	-22
491620003	-22
491630006	-23
491640008	-23
491650006	-23
491660003	-23
491670006	-23
491680003	-23
491690005	-24
491700007	-24
491710006	-24
491720004	-24
491730007	-24
491740006	-24
491750004	-24
491760006	-24
491770004	-23
491780007	-23
491790005	-23
491800007	-23
491810005	-23
491820008	-23
491830006	-22
491840004	-22
491850007	-22
491860005	-22
491870007	-21
491880005	-21
491890007	-21
491900005	-20
491910007	-20
491920005	-19
491930007	-19
491940005	-18
491950007	-18
491960006	-17
491970004	-17
491980007	-16
491990005	-16
492000003	-15
492010006	-15
492020004	-14
492030007	-14
492040005	-13
492050007	-12
492060005	-12
492070007	-11
492080005	-11
492090007	-10
492100006	-9
492110007	-9
492120005	-8
492130005	-7
492140006	-7
492150007	-6
492160003	-6
492170005	-5
492180007	-4
492190007	-4
492200004	-3
492210005	-2
492220006	-2
492230007	-1
492240007	-1
492250004	0
492260004	1
492270005	1
492280005	2
492290006	2
492300006	3
492310007	3
492320003	4
492330003	4
492340004	5
492350004	5
492360004	5
492370005	6
492380005	6
492390005	6
492400006	7
492410006	7
492420006	7
492430006	8
492440007	8
492450007	8
492460004	8
492470004	8
492480005	9
492490006	9
492500006	9
492510007	9
492520004	9
492530004	9
492540004	9
492550005	9
492560004	9
492570005	9
492580006	9
492590006	9
492600006	9
492610006	9
492620006	8
492630007	8
492640006	8
492650007	8
492660003	7
492670007	7
492680003	7
492690005	6
492700005	6
492710005	6
492720006	5
492730006	5
492740007	5
492750007	4
492760007	4
492770004	3
492780005	3
492790006	2
492800007	2
492810008	1
492820004	1
492830004	0
492840004	0
492850004	-1
492860005	-2
492870006	-2
492880006	-3
492890007	-3
492900004	-4
492910006	-5
492920006	-5
492930007	-6
492940007	-7
492950004	-7
492960005	-8
492970007	-9
492980004	-9
492990004	-10
493000007	-10
493010005	-11
493020004	-12
493030006	-12
493040004	-13
493050006	-13
493060005	-14
493070004	-15
493080006	-15
493090004	-16
493100006	-16
493110005	-17
493120007	-17
493130005	-18
493140004	-18
493150006	-18
493160004	-19
493170006	-19
493180005	-20
493190003	-20
493200005	-20
493210007	-21
493220005	-21
493230008	-21
493240006	-22
493250004	-22
493260006	-22
493270004	-22
493280006	-22
493290004	-23
493300007	-23
493310005	-23
493320007	-23
493330005	-23
493340007	-23
493350005	-23
493360007	-23
493370005	-23
493380007	-23
493390005	-23
493400008	-23
493410005	-23
493420003	-23
493430006	-23
493440004	-23
493450007	-22
493460005	-22
493470007	-22
493480005	-22
493490004	-21
493500006	-21
493510003	-21
493520006	-21
493530004	-20
493540006	-20
493550005	-19
493560003	-19
493570006	-18
493580004	-18
493590006	-18
493600005	-17
493610003	-17
493620006	-16
493630004	-16
493640007	-15
493650004	-15
493660007	-14
493670006	-13
493680004	-13
493690007	-12
493700005	-12
493710007	-11
493720005	-10
493730004	-10
493740007	-9
493750004	-9
493760005	-8
493770006	-7
493780007	-7
493790005	-6
493800006	-5
493810007	-5
493820007	-4
493830003	-4
493840005	-3
493850007	-2
493860003	-2
493870005	-1
493880005	-1
493890006	0
493900006	0
493910005	1
493920006	2
493930006	2
493940007	3
493950007	3
493960004	3
493970003	4
493980004	4
493990004	5
494000005	5
494010005	5
494020006	6
494030006	6
494040006	6
494050007	7
494060007	7
494070007	7
494080007	7
494090004	8
494100004	8
494110005	8
494120006	8
494130007	8
494140008	8
494150004	8
494160004	8
494170005	8
494180005	8
494190006	8
494200007	8
494210007	8
494220008	8
494230003	8
494240004	8
494250005	8
494260005	8
494270006	8
494280007	7
494290007	7
494300007	7
494310007	7
494320004	6
494330004	6
494340005	6
494350005	5
494360006	5
494370006	5
494380006	4
494390006	4
494400006	3
494410007	3
494420007	2
494430007	2
494440003	1
494450005	1
494460006	0
494470006	0
494480006	-1
494490006	-1
494500007	-2
494510007	-3
494520004	-3
494530005	-4
494540007	-4
494550004	-5
494560005	-6
494570007	-6
494580007	-7
494590004	-8
494600005	-8
494610007	-9
494620007	-9
494630005	-10
494640004	-11
494650006	-11
494660004	-12
494670007	-12
494680005	-13
494690003	-14
494700005	-14
494710007	-15
494720005	-15
494730003	-16
494740005	-16
494750004	-17
494760006	-17
494770004	-18
494780006	-18
494790005	-18
494800004	-19
494810005	-19
494820003	-20
494830005	-20
494840003	-20
494850005	-21
494860003	-21
494870005	-21
494880003	-21
494890006	-22
494900003	-22
494910005	-22
494920003	-22
494930006	-22
494940003	-22
494950007	-23
494960005	-23
494970004	-23
494980006	-23
494990003	-23
495000006	-23
495010004	-23
495020007	-23
495030005	-23
495040004	-23
495050006	-23
495060005	-22
495070003	-22
495080006	-22
495090004	-22
495100006	-22
495110004	-21
495120006	-21
495130003	-21
495140006	-21
495150008	-20
495160005	-20
495170003	-20
495180006	-19
495190008	-19
495200006	-18
495210004	-18
495220007	-17
495230005	-17
495240004	-17
495250007	-16
495260005	-16
495270004	-15
495280006	-14
495290005	-14
495300004	-13
495310006	-13
495320004	-12
495330007	-12
495340005	-11
495350004	-10
495360007	-10
495370006	-9
495380006	-9
495390007	-8
495400004	-7
495410005	-7
495420006	-6
495430007	-6
495440004	-5
495450005	-4
495460006	-4
495470007	-3
495480004	-3
495490005	-2
495500006	-1
495510007	-1
495520004	0
495530004	0
495540004	1
495550004	1
495560005	2
495570005	2
495580005	3
495590006	3
495600006	3
495610006	4
495620007	4
495630003	5
495640004	5
495650004	5
495660004	6
495670004	6
495680005	6
495690006	7
495700006	7
495710007	7
495720007	7
495730007	7
495740007	8
495750005	8
495760005	8
495770005	8
495780005	8
495790006	8
495800006	8
495810007	8
495820007	8
495830003	8
495840004	8
495850004	8
495860005	8
495870006	8
495880007	8
495890004	7
495900004	7
495910005	7
495920005	7
495930005	7
495940006	6
495950006	6
495960006	6
495970007	5
495980006	5
495990006	5
496000007	4
496010007	4
496020004	3
496030004	3
496040004	3
496050005	2
496060005	2
496070005	1
496080004	0
496090004	0
496100007	0
496110007	-1
496120004	-2
496130005	-2
496140006	-3
496150004	-3
496160005	-4
496170007	-5
496180008	-5
496190004	-6
496200005	-6
496210007	-7
496220004	-8
496230005	-8
496240007	-9
496250004	-9
496260005	-10
496270007	-11
496280005	-11
496290007	-12
496300005	-12
496310007	-13
496320005	-13
496330007	-14
496340006	-15
496350003	-15
496360006	-16
496370004	-16
496380007	-16
496390005	-17
496400007	-17
496410005	-18
496420004	-18
496430006	-19
496440004	-19
496450007	-19
496460005	-20
496470007	-20
496480005	-20
496490003	-21
496500005	-21
496510008	-21
496520006	-21
496530004	-22
496540007	-22
496550005	-22
496560003	-22
496570006	-22
496580003	-22
496590007	-22
496600005	-22
496610007	-22
496620006	-22
496630008	-22
496640005	-22
496650004	-22
496660007	-22
496670005	-22
496680003	-22
496690006	-22
496700007	-22
496710005	-22
496720007	-21
496730005	-21
496740007	-21
496750005	-21
496760007	-20
496770006	-20
496780003	-20
496790006	-19
496800004	-19
496810007	-19
496820005	-18
496830007	-18
496840005	-18
496850004	-17
496860006	-17
496870005	-16
496880007	-16
496890005	-15
496900007	-15
496910006	-14
496920004	-14
496930007	-13
496940005	-12
496950004	-12
496960006	-11
496970004	-11
496980007	-10
496990005	-10
497000007	-9
497010004	-8
497020006	-8
497030006	-7
497040007	-7
497050004	-6
497060005	-5
497070006	-5
497080007	-4
497090003	-4
497100004	-3
497110005	-3
497120005	-2
497130006	-1
497140007	-1
497150003	0
497160007	0
497170007	1
497180007	1
497190004	2
497200005	2
497210005	3
497220005	3
497230005	3
497240005	4
497250006	4
497260006	5
497270007	5
497280007	5
497290007	6
497300008	6
497310007	6
497320007	6
497330004	7
497340004	7
497350004	7
497360004	7
497370005	7
497380005	7
497390005	8
497400006	8
497410007	8
497420008	8
497430003	8
497440004	8
497450005	8
497460006	8
497470006	8
497480006	8
497490007	8
497500003	7
497510004	7
497520004	7
497530004	7
497540005	7
497550006	6
497560006	6
497570006	6
497580007	6
497590004	5
497600004	5
497610004	5
497620005	4
497630005	4
497640006	3
497650006	3
497660007	2
497670007	2
497680007	2
497690007	1
497700003	0
497710004	0
497720004	0
497730003	-1
497740004	-2
497750005	-2
497760006	-3
497770007	-3
497780003	-4
497790004	-4
497800005	-5
497810007	-6
497820003	-6
497830005	-7
497840005	-7
497850006	-8
497860007	-9
497870007	-9
497880004	-10
497890006	-10
497900004	-11
497910007	-11
497920005	-12
497930006	-13
497940005	-13
497950004	-14
497960007	-14
497970006	-15
497980004	-15
497990006	-16
498000005	-16
498010007	-17
498020005	-17
498030008	-17
498040005	-18
498050004	-18
498060007	-19
498070005	-19
498080007	-19
498090006	-20
498100004	-20
498110007	-20
498120005	-21
498130004	-21
498140006	-21
498150004	-21
498160006	-21
498170005	-21
498180007	-22
498190005	-22
498200007	-22
498210005	-22
498220007	-22
498230005	-22
498240004	-22
498250006	-22
498260007	-22
498270006	-22
498280005	-22
498290004	-22
498300006	-22
498310004	-22
498320007	-22
498330005	-21
498340007	-21
498350005	-21
498360008	-21
498370006	-21
498380004	-20
498390006	-20
498400004	-20
498410007	-19
498420005	-19
498430007	-19
498440005	-18
498450003	-18
498460006	-17
498470004	-17
498480007	-16
498490005	-16
498500007	-16
498510005	-15
498520004	-15
498530007	-14
498540005	-13
498550007	-13
498560005	-12
498570003	-12
498580006	-11
498590004	-11
498600006	-10
498610005	-10
498620003	-9
498630005	-8
498640006	-8
498650007	-7
498660004	-7
498670005	-6
498680007	-6
498690004	-5
498700005	-4
498710006	-4
498720007	-3
498730004	-3
498740005	-2
498750007	-2
498760003	-1
498770005	0
498780005	0
498790005	0
498800005	1
498810005	1
498820006	2
498830006	2
498840006	3
498850007	3
498860006	3
498870006	4
498880007	4
498890007	5
498900003	5
498910003	5
498920004	6
498930004	6
498940004	6
498950005	6
498960005	6
498970006	7
498980007	7
498990007	7
499000007	7
499010004	7
499020004	7
499030005	7
499040005	7
499050005	7
499060005	7
499070006	7
499080006	7
499090007	7
499100007	7
499110007	7
499120007	7
499130003	7
499140004	7
499150004	6
499160003	6
499170007	6
499180003	6
499190003	6
499200004	5
499210004	5
499220004	5
499230005	4
499240005	4
499250005	3
499260005	3
499270006	3
499280006	2
499290006	2
499300006	1
499310007	1
499320007	0
499330007	0
499340007	-1
499350004	-1
499360005	-2
499370007	-2
499380004	-3
499390005	-3
499400006	-4
499410004	-5
499420005	-5
499430007	-6
499440007	-6
499450003	-7
499460004	-7
499470005	-8
499480007	-9
499490004	-9
499500005	-10
499510007	-10
499520006	-11
499530004	-11
499540006	-12
499550004	-12
499560006	-13
499570004	-14
499580007	-14
499590005	-15
499600004	-15
499610006	-15
499620004	-16
499630006	-16
499640005	-17
499650007	-17
499660004	-18
499670007	-18
499680005	-18
499690004	-19
499700007	-19
499710005	-19
499720004	-20
499730007	-20
499740005	-20
499750004	-20
499760006	-21
499770005	-21
499780007	-21
499790005	-21
499800003	-21
499810006	-21
499820004	-22
499830006	-22
499840004	-22
499850007	-22
499860005	-22
499870004	-22
499880006	-22
499890004	-22
499900006	-22
499910003	-22
499920007	-21
499930005	-21
499940007	-21
499950006	-21
499960003	-21
499970006	-21
499980005	-20
499990007	-20
500000005	-20
500010007	-20
500020006	-19
500030004	-19
500040007	-19
500050005	-18
500060007	-18
500070005	-17
500080006	-17
500090005	-17
500100003	-16
500110006	-16
500120004	-15
500130006	-15
500140004	-14
500150007	-14
500160005	-13
500170004	-13
500180006	-12
500190005	-12
500200004	-11
500210007	-10
500220005	-10
500230008	-9
500240004	-9
500250005	-8
500260007	-8
500270004	-7
500280005	-6
500290006	-6
500300006	-5
500310003	-5
500320004	-4
500330005	-4
500340007	-3
500350004	-3
500360005	-2
500370006	-2
500380003	-1
500390004	0
500400004	0
500410003	0
500420004	1
500430004	1
500440005	2
500450006	2
500460006	3
500470006	3
500480006	3
500490007	4
500500007	4
500510007	4
500520007	5
500530003	5
500540004	5
500550004	6
500560004	6
500570004	6
500580005	6
500590005	6
500600005	6
500610005	7
500620006	7
500630006	7
500640006	7
500650006	7
500660006	7
500670007	7
500680007	7
500690007	7
500700003	7
500710004	7
500720004	7
500730004	7
500740004	7
500750004	6
500760004	6
500770004	6
500780003	6
500790003	6
500800004	5
500810005	5
500820005	5
500830005	4
500840006	4
500850006	4
500860006	3
500870006	3
500880006	3
500890007	2
500900007	2
500910004	1
500920004	1
500930004	0
500940003	0
500950004	-1
500960005	-1
500970006	-2
500980006	-2
500990007	-3
501000003	-3
501010005	-4
501020006	-4
501030007	-5
501040004	-6
501050005	-6
501060007	-7
501070004	-7
501080004	-8
501090005	-8
501100006	-9
501110007	-9
501120004	-10
501130007	-11
501140005	-11
501150004	-12
501160006	-12
501170005	-13
501180004	-13
501190006	-14
501200004	-14
501210007	-15
501220005	-15
501230004	-16
501240007	-16
501250005	-16
501260004	-17
501270006	-17
501280004	-18
501290006	-18
501300004	-18
501310007	-19
501320005	-19
501330004	-19
501340007	-20
501350005	-20
501360008	-20
501370006	-20
501380004	-20
501390007	-21
501400005	-21
501410004	-21
501420006	-21
501430004	-21
501440006	-21
501450005	-21
501460006	-21
501470004	-21
501480006	-21
501490004	-21
501500006	-21
501510004	-21
501520007	-21
501530005	-21
501540007	-21
501550005	-21
501560004	-21
501570007	-21
501580005	-20
501590007	-20
501600005	-20
501610007	-20
501620005	-19
501630007	-19
501640004	-19
501650007	-18
501660005	-18
501670008	-18
501680006	-17
501690004	-17
501700006	-16
501710004	-16
501720006	-16
501730005	-15
501740007	-15
501750005	-14
501760008	-14
501770006	-13
501780005	-13
501790004	-12
501800006	-12
501810005	-11
501820007	-10
501830005	-10
501840003	-9
501850004	-9
501860006	-8
501870007	-8
501880004	-7
501890005	-7
501900006	-6
501910007	-6
501920004	-5
501930005	-4
501940005	-4
501950007	-3
501960003	-3
501970005	-2
501980005	-2
501990007	-1
502000004	-1
502010005	0
502020004	0
502030004	1
502040004	1
502050005	2
502060005	2
502070005	2
502080005	3
502090005	3
502100005	3
502110007	4
502120006	4
502130007	4
502140003	5
502150004	5
502160004	5
502170005	5
502180006	6
502190007	6
502200007	6
502210007	6
502220007	6
502230003	6
502240004	6
502250005	7
502260005	7
502270005	7
502280005	7
502290006	7
502300007	7
502310004	7
502320004	7
502330005	6
502340006	6
502350006	6
502360007	6
502370007	6
502380007	6
502390007	6
502400007	5
502410003	5
502420004	5
502430004	4
502440005	4
502450006	4
502460006	3
502470007	3
502480003	3
502490004	2
502500004	2
502510004	2
502520005	1
502530006	1
502540006	0
502550006	0
502560006	-1
502570007	-1
502580004	-2
502590005	-2
502600007	-3
502610003	-3
502620005	-4
502630006	-4
502640004	-5
502650005	-6
502660006	-6
502670007	-7
502680004	-7
502690005	-8
502700005	-8
502710006	-9
502720003	-9
502730005	-10
502740007	-10
502750006	-11
502760004	-12
502770006	-12
502780004	-13
502790006	-13
502800004	-14
502810006	-14
502820005	-15
502830008	-15
502840006	-15
502850004	-16
502860006	-16
502870005	-17
502880007	-17
502890005	-17
502900004	-18
502910006	-18
502920005	-18
502930007	-19
502940005	-19
502950007	-19
502960005	-20
502970007	-20
502980006	-20
502990005	-20
503000003	-20
503010005	-21
503020003	-21
503030006	-21
503040004	-21
503050007	-21
503060005	-21
503070007	-21
503080005	-21
503090008	-21
503100006	-21
503110004	-21
503120006	-21
503130004	-21
503140006	-21
503150004	-21
503160006	-21
503170005	-20
503180006	-20
503190004	-20
503200006	-20
503210005	-19
503220004	-19
503230006	-19
503240005	-19
503250008	-18
503260006	-18
503270004	-18
503280006	-17
503290004	-17
503300006	-16
503310005	-16
503320007	-16
503330005	-15
503340008	-15
503350006	-14
503360007	-14
503370006	-13
503380004	-13
503390007	-12
503400005	-12
503410007	-11
503420005	-11
503430007	-10
503440006	-10
503450007	-9
503460004	-9
503470005	-8
503480006	-8
503490004	-7
503500005	-6
503510007	-6
503520005	-5
503530006	-5
503540007	-4
503550004	-4
503560005	-3
503570007	-3
503580004	-2
503590005	-2
503600006	-1
503610006	-1
503620004	0
503630004	0
503640004	1
503650005	1
503660005	1
503670005	2
503680005	2
503690005	3
503700006	3
503710006	3
503720006	4
503730007	4
503740007	4
503750003	5
503760004	5
503770005	5
503780004	5
503790005	5
503800006	6
503810006	6
503820007	6
503830007	6
503840004	6
503850004	6
503860005	6
503870006	6
503880006	6
503890006	6
503900006	6
503910006	6
503920007	6
503930007	6
503940007	6
503950007	6
503960004	6
503970004	6
503980004	6
503990005	5
504000005	5
504010005	5
504020005	5
504030005	4
504040005	4
504050005	4
504060006	3
504070006	3
504080007	3
504090007	2
504100004	2
504110004	2
504120004	1
504130005	1
504140006	0
504150005	0
504160005	-1
504170006	-1
504180007	-2
504190003	-2
504200004	-3
504210005	-3
504220006	-4
504230006	-4
504240003	-5
504250004	-5
504260006	-6
504270007	-6
504280004	-7
504290005	-7
504300006	-8
504310004	-9
504320005	-9
504330006	-10
504340004	-10
504350007	-11
504360005	-11
504370008	-12
504380005	-12
504390003	-13
504400006	-13
504410003	-14
504420006	-14
504430004	-15
504440006	-15
504450004	-15
504460006	-16
504470004	-16
504480007	-17
504490005	-17
504500007	-17
504510004	-18
504520007	-18
504530005	-18
504540004	-19
504550006	-19
504560004	-19
504570006	-19
504580007	-20
504590005	-20
504600007	-20
504610006	-20
504620004	-20
504630007	-20
504640004	-20
504650007	-21
504660005	-21
504670007	-21
504680005	-21
504690007	-21
504700005	-21
504710004	-21
504720007	-21
504730005	-21
504740007	-21
504750005	-20
504760003	-20
504770006	-20
504780004	-20
504790006	-20
504800005	-19
504810007	-19
504820005	-19
504830003	-19
504840006	-18
504850004	-18
504860006	-18
504870003	-18
504880007	-17
504890005	-17
504900003	-16
504910006	-16
504920004	-16
504930006	-15
504940004	-15
504950006	-14
504960004	-14
504970007	-13
504980004	-13
504990007	-12
505000005	-12
505010007	-11
505020005	-11
505030004	-10
505040006	-10
505050004	-9
505060005	-9
505070007	-8
505080003	-8
505090005	-7
505100006	-7
505110003	-6
505120003	-6
505130005	-5
505140005	-5
505150006	-4
505160007	-4
505170004	-3
505180005	-3
505190006	-2
505200007	-2
505210005	-1
505220006	-1
505230007	0
505240006	0
505250006	1
505260006	1
505270007	2
505280007	2
505290003	2
505300004	3
505310004	3
505320004	3
505330005	4
505340006	4
505350007	4
505360008	4
505370004	5
505380004	5
505390005	5
505400005	5
505410005	5
505420006	6
505430006	6
505440006	6
505450006	6
505460007	6
505470007	6
505480006	6
505490007	6
505500007	6
505510007	6
505520007	6
505530004	6
505540005	6
505550005	6
505560006	6
505570007	5
505580007	5
505590007	5
505600007	5
505610004	5
505620004	4
505630006	4
505640005	4
505650006	3
505660006	3
505670007	3
505680007	3
505690004	2
505700003	2
505710004	1
505720005	1
505730005	0
505740005	0
505750005	0
505760005	-1
505770007	-1
505780003	-2
505790005	-2
505800007	-3
505810004	-3
505820005	-4
505830006	-4
505840003	-5
505850005	-5
505860005	-6
505870007	-6
505880004	-7
505890005	-7
505900006	-8
505910007	-9
505920004	-9
505930010	-10
505940004	-10
505950007	-11
505960005	-11
505970007	-12
505980006	-12
505990004	-12
506000006	-13
506010004	-13
506020007	-14
506030005	-14
506040007	-15
506050005	-15
506060004	-16
506070006	-16
506080004	-16
506090007	-17
506100005	-17
506110003	-17
506120006	-18
506130004	-18
506140006	-18
506150004	-19
506160007	-19
506170005	-19
506180007	-19
506190005	-19
506200004	-20
506210007	-20
506220004	-20
506230006	-20
506240004	-20
506250006	-20
506260004	-20
506270006	-20
506280004	-20
506290007	-20
506300005	-20
506310007	-20
506320005	-20
506330004	-20
506340006	-20
506350004	-20
506360006	-20
506370004	-20
506380007	-20
506390006	-19
506400003	-19
506410006	-19
506420004	-19
506430007	-18
506440005	-18
506450007	-18
506460005	-18
506470007	-17
506480005	-17
506490008	-17
506500006	-16
506510004	-16
506520006	-15
506530004	-15
506540006	-15
506550004	-14
506560007	-14
506570005	-13
506580007	-13
506590006	-12
506600005	-12
506610004	-11
506620007	-11
506630005	-10
506640007	-10
506650005	-9
506660006	-9
506670007	-8
506680004	-8
506690005	-7
506700006	-7
506710007	-6
506720007	-6
506730004	-5
506740004	-5
506750005	-4
506760006	-4
506770007	-3
506780003	-3
506790004	-2
506800005	-2
506810007	-1
506820007	-1
506830004	0
506840003	0
506850007	0
506860007	1
506870007	1
506880008	2
506890004	2
506900004	2
506910004	3
506920004	3
506930005	3
506940005	4
506950005	4
506960005	4
506970005	4
506980006	5
506990006	5
507000006	5
507010007	5
507020006	5
507030007	5
507040007	5
507050007	6
507060003	6
507070004	6
507080004	6
507090004	6
507100005	6
507110004	6
507120004	6
507130005	6
507140005	6
507150007	5
507160007	5
507170007	5
507180003	5
507190003	5
507200004	5
507210004	4
507220004	4
507230005	4
507240005	3
507250005	3
507260005	3
507270006	3
507280006	2
507290007	2
507300003	1
507310008	1
507320004	1
507330004	0
507340004	0
507350003	-1
507360004	-1
507370005	-2
507380006	-2
507390007	-3
507400004	-3
507410005	-3
507420007	-4
507430008	-4
507440004	-5
507450005	-6
507460005	-6
507470006	-6
507480007	-7
507490004	-8
507500005	-8
507510006	-9
507520007	-9
507530004	-10
507540007	-10
507550005	-11
507560007	-11
507570006	-12
507580007	-12
507590005	-12
507600007	-13
507610005	-13
507620003	-14
507630006	-14
507640004	-15
507650006	-15
507660004	-16
507670007	-16
507680005	-16
507690007	-17
507700005	-17
507710004	-17
507720006	-18
507730004	-18
507740006	-18
507750004	-18
507760007	-19
507770005	-19
507780007	-19
507790005	-19
507800007	-19
507810006	-19
507820004	-20
507830007	-20
507840004	-20
507850007	-20
507860005	-20
507870007	-20
507880005	-20
507890007	-20
507900004	-20
507910006	-20
507920008	-20
507930006	-20
507940004	-20
507950007	-20
507960005	-20
507970007	-19
507980006	-19
507990004	-19
508000006	-19
508010003	-19
508020006	-18
508030007	-18
508040005	-18
508050007	-18
508060006	-17
508070004	-17
508080005	-17
508090007	-16
508100005	-16
508110004	-15
508120007	-15
508130004	-15
508140007	-14
508150005	-14
508160007	-13
508170005	-13
508180003	-12
508190005	-12
508200007	-11
508210005	-11
508220007	-10
508230006	-10
508240005	-9
508250006	-9
508260007	-8
508270003	-8
508280005	-7
508290005	-7
508300007	-6
508310003	-6
508320005	-5
508330006	-5
508340006	-4
508350007	-4
508360007	-3
508370003	-3
508380004	-3
508390005	-2
508400006	-2
508410007	-1
508420003	-1
508430004	0
508440007	0
508450007	1
508460007	1
508470007	1
508480003	2
508490004	2
508500004	2
508510005	3
508520005	3
508530005	3
508540006	3
508550006	4
508560006	4
508570007	4
508580007	4
508590007	5
508600007	5
508610007	5
508620008	5
508630007	5
508640004	5
508650004	5
508660004	5
508670005	5
508680005	5
508690005	5
508700005	5
508710005	5
508720005	5
508730005	5
508740005	5
508750006	5
508760006	5
508770006	5
508780007	4
508790007	4
508800007	4
508810004	4
508820004	3
508830004	3
508840004	3
508850005	3
508860005	2
508870005	2
508880005	2
508890006	1
508900006	1
508910006	1
508920006	0
508930005	0
508940005	-1
508950006	-1
508960007	-2
508970003	-2
508980004	-3
508990005	-3
509000006	-3
509010007	-4
509020004	-4
509030006	-5
509040006	-5
509050003	-6
509060004	-6
509070005	-7
509080005	-7
509090006	-8
509100007	-8
509110008	-9
509120004	-9
509130005	-10
509140008	-10
509150006	-11
509160004	-11
509170007	-12
509180005	-12
509190007	-13
509200005	-13
509210007	-14
509220005	-14
509230007	-14
509240006	-15
509250004	-15
509260006	-16
509270004	-16
509280006	-16
509290005	-17
509300006	-17
509310004	-17
509320006	-18
509330005	-18
509340007	-18
509350005	-18
509360007	-18
509370005	-19
509380007	-19
509390005	-19
509400003	-19
509410006	-19
509420004	-19
509430006	-19
509440004	-20
509450007	-20
509460004	-20
509470007	-20
509480005	-20
509490003	-20
509500006	-20
509510004	-20
509520006	-20
509530004	-20
509540007	-19
509550005	-19
509560006	-19
509570004	-19
509580006	-19
509590004	-19
509600006	-18
509610005	-18
509620008	-18
509630006	-18
509640004	-17
509650006	-17
509660003	-17
509670006	-16
509680004	-16
509690007	-16
509700005	-15
509710007	-15
509720004	-15
509730006	-14
509740005	-14
509750007	-13
509760005	-13
509770007	-12
509780005	-12
509790004	-11
509800006	-11
509810005	-10
509820006	-10
509830005	-9
509840006	-9
509850006	-9
509860007	-8
509870004	-7
509880004	-7
509890005	-6
509900006	-6
509910007	-6
509920004	-5
509930005	-5
509940006	-4
509950007	-4
509960008	-3
509970005	-3
509980006	-2
509990006	-2
510000007	-1
510010007	-1
510020004	0
510030004	0
510040007	0
510050007	1
510060007	1
510070007	1
510080003	2
510090004	2
510100003	2
510110004	3
510120004	3
510130004	3
510140005	3
510150005	4
510160005	4
510170005	4
510180005	4
510190006	4
510200006	5
510210007	5
510220006	5
510230007	5
510240007	5
510250007	5
510260003	5
510270004	5
510280005	5
510290005	5
510300005	5
510310005	5
510320006	5
510330006	5
510340006	5
510350006	5
510360006	4
510370007	4
510380006	4
510390006	4
510400008	3
510410003	3
510420004	3
510430004	3
510440004	2
510450004	2
510460005	2
510470006	1
510480006	1
510490007	1
510500006	0
510510005	0
510520005	0
510530004	-1
510540005	-1
510550006	-2
510560007	-2
510570004	-3
510580004	-3
510590005	-4
510600006	-4
510610007	-4
510620004	-5
510630004	-5
510640005	-6
510650006	-6
510660007	-7
510670003	-7
510680005	-8
510690005	-8
510700007	-9
510710008	-9
510720005	-10
510730007	-10
510740005	-11
510750003	-11
510760006	-12
510770004	-12
510780006	-13
510790004	-13
510800006	-13
510810004	-14
510820006	-14
510830004	-15
510840006	-15
510850003	-15
510860006	-16
510870004	-16
510880006	-16
510890005	-17
510900007	-17
510910005	-17
510920007	-18
510930005	-18
510940007	-18
510950005	-18
510960006	-18
510970004	-19
510980006	-19
510990005	-19
511000006	-19
511010005	-19
511020007	-19
511030005	-19
511040007	-19
511050005	-19
511060007	-19
511070005	-19
511080008	-19
511090006	-19
511100008	-19
511110006	-19
511120007	-19
511130005	-19
511140004	-19
511150006	-19
511160004	-19
511170006	-18
511180004	-18
511190006	-18
511200003	-18
511210005	-18
511220004	-17
511230006	-17
511240004	-17
511250007	-16
511260005	-16
511270007	-16
511280005	-15
511290007	-15
511300004	-15
511310007	-14
511320005	-14
511330004	-13
511340006	-13
511350004	-13
511360006	-12
511370004	-12
511380007	-11
511390006	-11
511400005	-10
511410007	-10
511420005	-9
511430006	-9
511440006	-8
511450007	-8
511460004	-7
511470005	-7
511480007	-6
511490004	-6
511500004	-6
511510005	-5
511520006	-5
511530007	-4
511540004	-4
511550005	-3
511560006	-3
511570007	-2
511580003	-2
511590005	-1
511600006	-1
511610007	-1
511620007	0
511630006	0
511640006	0
511650006	1
511660006	1
511670007	2
511680007	2
511690007	2
511700007	2
511710003	3
511720008	3
511730004	3
511740004	3
511750004	4
511760004	4
511770005	4
511780005	4
511790005	4
511800005	4
511810006	4
511820006	5
511830007	5
511840007	5
511850007	5
511860007	5
511870007	5
511880007	5
511890003	5
511900007	5
511910004	5
511920004	4
511930004	4
511940005	4
511950005	4
511960005	4
511970006	4
511980006	3
511990006	3
512000006	3
512010006	3
512020007	2
512030007	2
512040007	2
512050007	1
512060003	1
512070003	1
512080004	0
512090003	0
512100007	0
512110007	-1
512120007	-1
512130004	-2
512140006	-2
512150006	-2
512160007	-3
512170003	-3
512180005	-4
512190006	-4
512200007	-5
512210003	-5
512220005	-6
512230005	-6
512240007	-7
512250003	-7
512260004	-8
512270006	-8
512280007	-9
512290003	-9
512300005	-9
512310006	-10
512320003	-10
512330006	-11
512340004	-11
512350006	-12
512360007	-12
512370005	-13
512380008	-13
512390006	-13
512400004	-14
512410006	-14
512420005	-15
512430007	-15
512440005	-15
512450004	-16
512460006	-16
512470004	-16
512480007	-17
512490006	-17
512500004	-17
512510006	-17
512520004	-18
512530006	-18
512540004	-18
512550006	-18
512560004	-18
512570006	-18
512580004	-19
512590006	-19
512600005	-19
512610007	-19
512620005	-19
512630007	-19
512640005	-19
512650004	-19
512660007	-19
512670005	-19
512680007	-19
512690005	-19
512700006	-19
512710004	-19
512720006	-19
512730004	-19
512740007	-18
512750005	-18
512760007	-18
512770005	-18
512780006	-18
512790005	-17
512800007	-17
512810006	-17
512820004	-17
512830007	-16
512840005	-16
512850007	-16
512860005	-15
512870007	-15
512880005	-15
512890004	-14
512900005	-14
512910003	-13
512920005	-13
512930007	-13
512940005	-12
512950007	-12
512960006	-11
512970004	-11
512980006	-10
512990003	-10
513000006	-10
513010004	-9
513020005	-9
513030006	-8
513040006	-8
513050007	-7
513060003	-7
513070005	-6
513080005	-6
513090006	-5
513100007	-5
513110003	-4
513120004	-4
513130006	-3
513140006	-3
513150007	-3
513160007	-2
513170004	-2
513180005	-1
513190006	-1
513200007	-1
513210004	0
513220003	0
513230007	0
513240004	1
513250004	1
513260004	2
513270004	2
513280004	2
513290005	2
513300005	3
513310005	3
513320005	3
513330005	3
513340005	3
513350006	4
513360006	4
513370006	4
513380006	4
513390007	4
513400007	4
513410003	4
513420004	4
513430004	4
513440004	4
513450004	4
513460004	4
513470005	4
513480005	4
513490005	4
513500005	4
513510005	4
513520006	4
513530006	4
513540006	4
513550007	3
513560003	3
513570004	3
513580004	3
513590004	3
513600004	2
513610005	2
513620005	2
513630006	1
513640006	1
513650007	1
513660007	0
513670006	0
513680006	0
513690005	-1
513700006	-1
513710006	-2
513720007	-2
513730004	-2
513740005	-3
513750006	-3
513760007	-4
513770004	-4
513780006	-5
513790006	-5
513800007	-6
513810007	-6
513820007	-6
513830004	-7
513840005	-7
513850005	-8
513860006	-8
513870008	-9
513880005	-9
513890005	-10
513900007	-10
513910006	-11
513920004	-11
513930006	-12
513940004	-12
513950006	-12
513960004	-13
513970006	-13
513980004	-14
513990006	-14
514000003	-14
514010006	-15
514020004	-15
514030006	-15
514040004	-16
514050007	-16
514060005	-16
514070004	-16
514080006	-17
514090004	-17
514100007	-17
514110005	-17
514120004	-18
514130006	-18
514140004	-18
514150006	-18
514160004	-18
514170007	-18
514180005	-18
514190007	-19
514200005	-19
514210003	-19
514220006	-19
514230004	-19
514240007	-19
514250004	-19
514260007	-19
514270004	-19
514280006	-19
514290005	-19
514300004	-18
514310006	-18
514320004	-18
514330006	-18
514340004	-18
514350006	-18
514360004	-17
514370006	-17
514380004	-17
514390006	-17
514400005	-16
514410007	-16
514420004	-16
514430006	-16
514440005	-15
514450008	-15
514460006	-15
514470004	-14
514480006	-14
514490005	-13
514500007	-13
514510005	-13
514520007	-12
514530005	-12
514540007	-11
514550005	-11
514560008	-10
514570006	-10
514580004	-10
514590007	-9
514600004	-9
514610005	-8
514620006	-8
514630007	-7
514640005	-7
514650004	-6
514660005	-6
514670007	-5
514680007	-5
514690005	-4
514700006	-4
514710007	-4
514720004	-3
514730005	-3
514740006	-2
514750007	-2
514760004	-2
514770005	-1
514780006	-1
514790003	0
514800007	0
514810006	0
514820006	1
514830006	1
514840007	1
514850007	2
514860008	2
514870003	2
514880003	2
514890004	3
514900004	3
514910004	3
514920004	3
514930004	3
514940004	3
514950004	4
514960004	4
514970004	4
514980004	4
514990005	4
515000005	4
515010005	4
515020005	4
515030006	4
515040006	4
515050006	4
515060006	4
515070007	4
515080006	4
515090006	4
515100007	4
515110004	3
515120004	3
515130004	3
515140003	3
515150004	3
515160004	3
515170004	2
515180005	2
515190005	2
515200005	1
515210006	1
515220006	1
515230007	0
515240007	0
515250006	0
515260006	-1
515270008	-1
515280004	-1
515290006	-2
515300007	-2
515310004	-3
515320005	-3
515330006	-3
515340007	-4
515350004	-4
515360005	-5
515370006	-5
515380007	-6
515390008	-6
515400004	-6
515410006	-7
515420007	-7
515430007	-8
515440004	-8
515450005	-9
515460005	-9
515470007	-10
515480005	-10
515490004	-11
515500006	-11
515510007	-11
515520005	-12
515530007	-12
515540005	-13
515550004	-13
515560006	-13
515570004	-14
515580006	-14
515590003	-14
515600005	-15
515610007	-15
515620005	-15
515630003	-16
515640006	-16
515650005	-16
515660007	-17
515670005	-17
515680003	-17
515690006	-17
515700004	-17
515710006	-18
515720004	-18
515730006	-18
515740005	-18
515750007	-18
515760005	-18
515770007	-18
515780005	-18
515790007	-18
515800005	-18
515810007	-18
515820005	-18
515830007	-18
515840005	-18
515850007	-18
515860006	-18
515870004	-18
515880007	-18
515890005	-18
515900007	-18
515910005	-18
515920007	-18
515930006	-17
515940004	-17
515950006	-17
515960004	-17
515970006	-16
515980004	-16
515990007	-16
516000005	-16
516010005	-15
516020007	-15
516030005	-15
516040007	-14
516050005	-14
516060004	-14
516070007	-13
516080005	-13
516090007	-12
516100005	-12
516110007	-12
516120006	-11
516130004	-11
516140006	-10
516150004	-10
516160005	-9
516170007	-9
516180004	-9
516190005	-8
516200006	-8
516210007	-7
516220007	-7
516230004	-6
516240005	-6
516250006	-5
516260006	-5
516270007	-4
516280007	-4
516290005	-4
516300006	-3
516310006	-3
516320007	-2
516330004	-2
516340005	-2
516350006	-1
516360007	-1
516370004	-1
516380005	0
516390005	0
516400004	0
516410004	1
516420004	1
516430005	1
516440005	2
516450005	2
516460005	2
516470005	2
516480006	3
516490006	3
516500006	3
516510007	3
516520007	3
516530006	3
516540007	3
516550007	3
516560003	4
516570007	4
516580004	4
516590004	4
516600005	4
516610005	4
516620006	4
516630006	4
516640006	4
516650007	4
516660007	3
516670007	3
516680007	3
516690007	3
516700007	3
516710007	3
516720007	3
516730008	2
516740007	2
516750004	2
516760005	2
516770006	1
516780007	1
516790007	1
516800004	0
516810007	0
516820007	0
516830007	0
516840006	-1
516850007	-1
516860004	-2
516870004	-2
516880005	-2
516890006	-3
516900007	-3
516910004	-4
516920005	-4
516930006	-4
516940007	-5
516950004	-5
516960005	-6
516970006	-6
516980007	-7
516990003	-7
517000004	-8
517010005	-8
517020007	-8
517030007	-9
517040004	-9
517050005	-10
517060008	-10
517070007	-11
517080005	-11
517090007	-11
517100005	-12
517110004	-12
517120007	-13
517130006	-13
517140004	-13
517150007	-14
517160005	-14
517170004	-14
517180006	-15
517190004	-15
517200006	-15
517210005	-16
517220006	-16
517230004	-16
517240006	-16
517250006	-17
517260004	-17
517270006	-17
517280005	-17
517290007	-17
517300005	-18
517310003	-18
517320005	-18
517330004	-18
517340006	-18
517350004	-18
517360006	-18
517370004	-18
517380006	-18
517390004	-18
517400006	-18
517410004	-18
517420006	-18
517430004	-18
517440006	-18
517450004	-18
517460006	-18
517470004	-18
517480006	-18
517490004	-17
517500007	-17
517510005	-17
517520003	-17
517530006	-17
517540004	-16
517550006	-16
517560004	-16
517570006	-16
517580005	-15
517590007	-15
517600005	-15
517610007	-14
517620005	-14
517630003	-14
517640006	-13
517650004	-13
517660007	-12
517670005	-12
517680007	-12
517690005	-11
517700007	-11
517710006	-10
517720004	-10
517730006	-10
517740004	-9
517750005	-9
517760005	-8
517770007	-8
517780004	-7
517790005	-7
517800006	-6
517810007	-6
517820008	-6
517830004	-5
517840005	-5
517850007	-4
517860003	-4
517870005	-4
517880005	-3
517890007	-3
517900007	-2
517910004	-2
517920005	-2
517930007	-1
517940007	-1
517950004	-1
517960005	0
517970005	0
517980004	0
517990004	1
518000005	1
518010005	1
518020005	1
518030005	2
518040005	2
518050006	2
518060006	2
518070007	3
518080004	3
518090004	3
518100004	3
518110004	3
518120005	3
518130005	3
518140005	3
518150005	3
518160006	3
518170006	3
518180006	3
518190007	3
518200007	3
518210007	3
518220007	3
518230007	3
518240003	3
518250003	3
518260004	3
518270004	3
518280005	3
518290005	2
518300005	2
518310006	2
518320006	2
518330007	2
518340008	1
518350004	1
518360004	1
518370004	0
518380004	0
518390003	0
518400016	-1
518410004	-1
518420005	-1
518430006	-2
518440007	-2
518450008	-2
518460004	-3
518470005	-3
518480005	-4
518490006	-4
518500007	-4
518510005	-5
518520005	-5
518530007	-6
518540004	-6
518550005	-6
518560007	-7
518570004	-7
518580005	-8
518590007	-8
518600004	-9
518610006	-9
518620007	-9
518630005	-10
518640006	-10
518650006	-11
518660004	-11
518670006	-12
518680004	-12
518690007	-12
518700005	-13
518710004	-13
518720006	-13
518730005	-14
518740007	-14
518750005	-14
518760004	-15
518770007	-15
518780005	-15
518790004	-16
518800006	-16
518810005	-16
518820007	-16
518830005	-16
518840004	-17
518850006	-17
518860004	-17
518870006	-17
518880004	-17
518890007	-17
518900005	-18
518910007	-18
518920005	-18
518930004	-18
518940006	-18
518950004	-18
518960006	-18
518970004	-18
518980006	-18
518990005	-18
519000007	-18
519010005	-18
519020003	-18
519030005	-18
519040004	-17
519050006	-17
519060004	-17
519070006	-17
519080005	-17
519090007	-17
519100005	-16
519110004	-16
519120006	-16
519130004	-16
519140007	-15
519150005	-15
519160004	-15
519170007	-15
519180004	-14
519190007	-14
519200006	-13
519210004	-13
519220007	-13
519230005	-12
519240004	-12
519250006	-12
519260005	-11
519270003	-11
519280006	-10
519290005	-10
519300007	-10
519310005	-9
519320007	-9
519330004	-8
519340006	-8
519350007	-7
519360003	-7
519370005	-7
519380006	-6
519390007	-6
519400004	-5
519410005	-5
519420006	-5
519430007	-4
519440004	-4
519450005	-3
519460005	-3
519470006	-3
519480003	-2
519490004	-2
519500006	-2
519510007	-1
519520004	-1
519530004	0
519540007	0
519550007	0
519560006	0
519570006	1
519580006	1
519590007	1
519600004	1
519610005	2
519620005	2
519630006	2
519640006	2
519650006	2
519660006	3
519670007	3
519680007	3
519690007	3
519700003	3
519710003	3
519720007	3
519730004	3
519740004	3
519750004	3
519760005	3
519770005	3
519780005	3
519790005	3
519800006	3
519810006	3
519820006	3
519830007	3
519840003	3
519850004	2
519860005	2
519870006	2
519880006	2
519890006	2
519900007	1
519910004	1
519920004	1
519930005	0
519940004	0
519950007	0
519960007	0
519970007	-1
519980008	-1
519990004	-1
520000005	-2
520010006	-2
520020007	-3
520030004	-3
520040006	-3
520050007	-4
520060008	-4
520070005	-4
520080006	-5
520090007	-5
520100004	-6
520110005	-6
520120006	-6
520130007	-7
520140003	-7
520150004	-8
520160005	-8
520170007	-9
520180003	-9
520190005	-9
520200006	-10
520210004	-10
520220007	-11
520230006	-11
520240003	-11
520250007	-12
520260005	-12
520270007	-12
520280005	-13
520290007	-13
520300005	-13
520310003	-14
520320006	-14
520330004	-14
520340006	-15
520350005	-15
520360007	-15
520370007	-16
520380005	-16
520390004	-16
520400007	-16
520410005	-16
520420004	-17
520430006	-17
520440005	-17
520450007	-17
520460006	-17
520470004	-17
520480006	-17
520490004	-17
520500006	-17
520510004	-17
520520007	-18
520530005	-18
520540003	-18
520550006	-18
520560004	-18
520570007	-18
520580005	-17
520590003	-17
520600005	-17
520610004	-17
520620007	-17
520630005	-17
520640007	-17
520650005	-16
520660007	-16
520670006	-16
520680004	-16
520690007	-16
520700006	-15
520710004	-15
520720006	-15
520730004	-15
520740007	-14
520750005	-14
520760003	-14
520770007	-13
520780005	-13
520790007	-13
520800005	-12
520810004	-12
520820006	-12
520830005	-11
520840007	-11
520850005	-10
520860003	-10
520870006	-10
520880004	-9
520890005	-9
520900006	-8
520910007	-8
520920004	-7
520930005	-7
520940006	-7
520950007	-6
520960004	-6
520970005	-5
520980007	-5
520990007	-5
521000003	-4
521010004	-4
521020005	-3
521030007	-3
521040003	-3
521050005	-2
521060006	-2
521070006	-2
521080004	-1
521090005	-1
521100007	-1
521110004	0
521120007	0
521130007	0
521140006	0
521150006	1
521160007	1
521170007	1
521180007	1
521190004	2
521200004	2
521210005	2
521220005	2
521230005	2
521240006	2
521250007	2
521260007	3
521270003	3
521280004	3
521290003	3
521300004	3
521310004	3
521320005	3
521330005	3
521340006	3
521350007	3
521360007	3
521370003	3
521380003	3
521390004	3
521400005	2
521410005	2
521420006	2
521430006	2
521440006	2
521450007	1
521460004	1
521470004	1
521480006	1
521490006	0
521500006	0
521510007	0
521520007	0
521530007	-1
521540003	-1
521550004	-1
521560005	-2
521570006	-2
521580006	-2
521590007	-3
521600004	-3
521610005	-3
521620006	-4
521630004	-4
521640006	-5
521650007	-5
521660007	-5
521670005	-6
521680006	-6
521690004	-7
521700005	-7
521710007	-7
521720003	-8
521730005	-8
521740006	-9
521750004	-9
521760005	-9
521770007	-10
521780005	-10
521790004	-11
521800006	-11
521810004	-11
521820006	-12
521830004	-12
521840006	-12
521850005	-13
521860007	-13
521870007	-13
521880005	-14
521890007	-14
521900005	-14
521910007	-15
521920005	-15
521930007	-15
521940005	-15
521950004	-16
521960006	-16
521970004	-16
521980007	-16
521990005	-16
522000004	-16
522010007	-17
522020005	-17
522030008	-17
522040006	-17
522050004	-17
522060007	-17
522070005	-17
522080003	-17
522090006	-17
522100004	-17
522110006	-17
522120004	-17
522130007	-17
522140005	-17
522150003	-17
522160006	-17
522170005	-17
522180006	-17
522190005	-17
522200007	-17
522210005	-16
522220007	-16
522230006	-16
522240003	-16
522250005	-16
522260003	-15
522270006	-15
522280005	-15
522290005	-15
522300007	-14
522310006	-14
522320005	-14
522330007	-13
522340005	-13
522350004	-13
522360007	-12
522370005	-12
522380007	-12
522390007	-11
522400005	-11
522410007	-11
522420006	-10
522430004	-10
522440007	-9
522450004	-9
522460004	-9
522470005	-8
522480006	-8
522490004	-7
522500005	-7
522510007	-7
522520004	-6
522530006	-6
522540007	-5
522550004	-5
522560005	-5
522570007	-4
522580004	-4
522590005	-3
522600006	-3
522610008	-3
522620005	-2
522630005	-2
522640006	-2
522650007	-1
522660007	-1
522670005	-1
522680006	0
522690006	0
522700006	0
522710006	0
522720005	0
522730006	1
522740005	1
522750006	1
522760006	1
522770007	2
522780007	2
522790007	2
522800007	2
522810008	2
522820003	2
522830004	2
522840004	2
522850005	2
522860006	2
522870006	2
522880007	2
522890008	2
522900003	2
522910004	2
522920005	2
522930005	2
522940005	2
522950007	2
522960007	2
522970007	2
522980007	2
522990004	2
523000005	2
523010005	1
523020005	1
523030006	1
523040006	1
523050007	0
523060007	0
523070007	0
523080007	0
523090007	-1
523100007	-1
523110003	-1
523120005	-2
523130006	-2
523140007	-2
523150005	-3
523160006	-3
523170006	-3
523180003	-4
523190005	-4
523200005	-4
523210007	-5
523220004	-5
523230005	-6
523240006	-6
523250007	-6
523260004	-7
523270005	-7
523280007	-8
523290008	-8
523300005	-8
523310007	-9
523320004	-9
523330005	-9
523340006	-10
523350005	-10
523360004	-11
523370007	-11
523380004	-11
523390006	-12
523400005	-12
523410004	-12
523420006	-13
523430004	-13
523440006	-13
523450005	-14
523460007	-14
523470006	-14
523480004	-15
523490006	-15
523500004	-15
523510007	-15
523520005	-15
523530007	-16
523540005	-16
523550004	-16
523560007	-16
523570005	-16
523580007	-16
523590005	-16
523600003	-17
523610006	-17
523620004	-17
523630006	-17
523640004	-17
523650006	-17
523660004	-17
523670006	-17
523680004	-17
523690006	-17
523700005	-17
523710004	-17
523720007	-17
523730005	-17
523740003	-17
523750006	-16
523760004	-16
523770006	-16
523780004	-16
523790007	-16
523800005	-16
523810004	-15
523820006	-15
523830005	-15
523840007	-15
523850006	-15
523860004	-14
523870006	-14
523880004	-14
523890007	-13
523900005	-13
523910005	-13
523920007	-12
523930006	-12
523940004	-12
523950007	-11
523960005	-11
523970007	-11
523980005	-10
523990004	-10
524000006	-9
524010003	-9
524020005	-9
524030007	-8
524040004	-8
524050005	-8
524060007	-7
524070004	-7
524080005	-6
524090006	-6
524100007	-6
524110004	-5
524120005	-5
524130006	-4
524140006	-4
524150007	-4
524160004	-3
524170005	-3
524180007	-3
524190004	-2
524200005	-2
524210007	-2
524220004	-1
524230005	-1
524240007	-1
524250007	-1
524260005	0
524270004	0
524280003	0
524290003	0
524300007	1
524310003	1
524320003	1
524330004	1
524340004	1
524350004	2
524360005	2
524370005	2
524380007	2
524390007	2
524400004	2
524410004	2
524420005	2
524430005	2
524440005	2
524450006	2
524460007	2
524470007	2
524480004	2
524490005	2
524500005	2
524510006	2
524520006	2
524530006	2
524540007	2
524550007	2
524560007	1
524570004	1
524580004	1
524590005	1
524600005	0
524610005	0
524620004	0
524630004	0
524640004	0
524650005	-1
524660006	-1
524670003	-1
524680005	-2
524690006	-2
524700007	-2
524710004	-3
524720005	-3
524730006	-3
524740007	-4
524750004	-4
524760005	-4
524770007	-5
524780005	-5
524790006	-6
524800007	-6
524810004	-6
524820006	-7
524830007	-7
524840004	-7
524850006	-8
524860006	-8
524870004	-9
524880006	-9
524890007	-9
524900004	-10
524910006	-10
524920004	-10
524930007	-11
524940005	-11
524950008	-11
524960006	-12
524970005	-12
524980004	-12
524990007	-13
525000005	-13
525010007	-13
525020005	-14
525030003	-14
525040006	-14
525050004	-14
525060007	-15
525070006	-15
525080007	-15
525090006	-15
525100004	-15
525110007	-16
525120006	-16
525130004	-16
525140007	-16
525150005	-16
525160004	-16
525170006	-16
525180004	-16
525190007	-17
525200006	-17
525210003	-17
525220006	-17
525230005	-17
525240004	-17
525250006	-17
525260004	-17
525270006	-17
525280004	-17
525290007	-16
525300005	-16
525310007	-16
525320005	-16
525330007	-16
525340005	-16
525350004	-16
525360007	-15
525370006	-15
525380004	-15
525390006	-15
525400005	-15
525410004	-14
525420006	-14
525430004	-14
525440007	-13
525450004	-13
525460007	-13
525470005	-13
525480004	-12
525490007	-12
525500005	-12
525510004	-11
525520006	-11
525530005	-11
525540004	-10
525550007	-10
525560006	-9
525570007	-9
525580004	-9
525590006	-8
525600007	-8
525610004	-8
525620005	-7
525630006	-7
525640007	-6
525650004	-6
525660005	-6
525670007	-5
525680008	-5
525690005	-5
525700007	-4
525710004	-4
525720005	-4
525730007	-3
525740004	-3
525750005	-3
525760006	-2
525770004	-2
525780006	-2
525790007	-1
525800005	-1
525810006	-1
525820007	-1
525830005	0
525840004	0
525850004	0
525860004	0
525870004	1
525880005	1
525890006	1
525900007	1
525910007	1
525920007	1
525930004	1
525940004	2
525950006	2
525960006	2
525970007	2
525980007	2
525990003	2
526000003	2
526010004	2
526020004	2
526030004	2
526040005	2
526050006	2
526060006	2
526070004	2
526080003	2
526090004	2
526100005	1
526110005	1
526120006	1
526130007	1
526140007	1
526150007	0
526160007	0
526170007	0
526180006	0
526190007	0
526200006	-1
526210007	-1
526220004	-1
526230005	-1
526240006	-2
526250004	-2
526260005	-2
526270007	-3
526280004	-3
526290005	-3
526300007	-4
526310004	-4
526320006	-4
526330004	-5
526340005	-5
526350006	-6
526360007	-6
526370004	-6
526380005	-7
526390006	-7
526400007	-7
526410005	-8
526420007	-8
526430003	-9
526440005	-9
526450005	-9
526460007	-10
526470005	-10
526480003	-10
526490007	-11
526500005	-11
526510004	-11
526520006	-12
526530004	-12
526540007	-12
526550005	-13
526560004	-13
526570006	-13
526580004	-13
526590007	-14
526600005	-14
526610004	-14
526620006	-14
526630004	-15
526640006	-15
526650005	-15
526660007	-15
526670005	-15
526680004	-16
526690006	-16
526700004	-16
526710006	-16
526720004	-16
526730006	-16
526740005	-16
526750004	-16
526760006	-16
526770005	-16
526780007	-16
526790005	-16
526800003	-16
526810006	-16
526820004	-16
526830007	-16
526840004	-16
526850007	-16
526860005	-16
526870007	-16
526880005	-16
526890007	-16
526900006	-16
526910005	-15
526920007	-15
526930005	-15
526940003	-15
526950006	-15
526960004	-14
526970007	-14
526980004	-14
526990007	-14
527000006	-13
527010004	-13
527020006	-13
527030005	-12
527040003	-12
527050006	-12
527060004	-12
527070006	-11
527080004	-11
527090007	-10
527100005	-10
527110007	-10
527120006	-9
527130007	-9
527140004	-9
527150005	-8
527160006	-8
527170008	-8
527180004	-7
527190005	-7
527200006	-6
527210004	-6
527220006	-6
527230007	-5
527240004	-5
527250005	-5
527260006	-4
527270007	-4
527280004	-4
527290006	-3
527300007	-3
527310004	-3
527320005	-2
527330006	-2
527340007	-2
527350004	-2
527360005	-1
527370006	-1
527380003	-1
527390005	0
527400004	0
527410004	0
527420007	0
527430007	0
527440008	0
527450004	1
527460004	1
527470004	1
527480004	1
527490005	1
527500005	1
527510007	1
527520007	1
527530007	2
527540004	2
527550004	2
527560005	2
527570005	2
527580006	2
527590007	2
527600007	2
527610007	2
527620003	2
527630005	1
527640005	1
527650005	1
527660005	1
527670006	1
527680006	1
527690007	1
527700004	0
527710004	0
527720004	0
527730007	0
527740006	0
527750006	-1
527760007	-1
527770004	-1
527780004	-1
527790006	-2
527800007	-2
527810003	-2
527820005	-3
527830006	-3
527840007	-3
527850004	-4
527860005	-4
527870005	-4
527880007	-5
527890004	-5
527900006	-5
527910007	-6
527920008	-6
527930005	-6
527940006	-7
527950007	-7
527960007	-7
527970007	-8
527980004	-8
527990005	-9
528000007	-9
528010004	-9
528020005	-10
528030003	-10
528040006	-10
528050004	-11
528060006	-11
528070005	-11
528080007	-12
528090005	-12
528100007	-12
528110005	-12
528120008	-13
528130006	-13
528140004	-13
528150007	-14
528160005	-14
528170007	-14
528180005	-14
528190004	-14
528200007	-15
528210005	-15
528220007	-15
528230005	-15
528240003	-15
528250005	-15
528260008	-16
528270005	-16
528280006	-16
528290004	-16
528300006	-16
528310007	-16
528320005	-16
528330007	-16
528340004	-16
528350006	-16
528360004	-16
528370007	-16
528380005	-16
528390003	-16
528400006	-16
528410004	-16
528420006	-16
528430005	-16
528440007	-16
528450006	-15
528460008	-15
528470006	-15
528480004	-15
528490007	-15
528500005	-15
528510004	-14
528520006	-14
528530003	-14
528540007	-14
528550005	-13
528560006	-13
528570004	-13
528580006	-12
528590005	-12
528600007	-12
528610005	-12
528620004	-11
528630006	-11
528640004	-11
528650007	-10
528660005	-10
528670003	-10
528680006	-9
528690007	-9
528700004	-9
528710006	-8
528720003	-8
528730005	-7
528740005	-7
528750006	-7
528760007	-6
528770004	-6
528780005	-6
528790006	-5
528800007	-5
528810004	-5
528820005	-4
528830006	-4
528840004	-4
528850006	-3
528860007	-3
528870004	-3
528880005	-3
528890006	-2
528900007	-2
528910004	-2
528920005	-1
528930006	-1
528940007	-1
528950004	-1
528960005	0
528970005	0
528980005	0
528990006	0
529000005	0
529010005	0
529020005	1
529030005	1
529040005	1
529050005	1
529060005	1
529070006	1
529080006	1
529090006	1
529100007	1
529110007	1
529120007	1
529130004	1
529140004	1
529150005	1
529160006	1
529170006	1
529180006	1
529190006	1
529200006	1
529210007	1
529220006	1
529230007	1
529240007	0
529250007	0
529260007	0
529270007	0
529280007	0
529290006	0
529300006	-1
529310008	-1
529320004	-1
529330005	-1
529340006	-2
529350007	-2
529360007	-2
529370005	-3
529380006	-3
529390007	-3
529400003	-3
529410005	-4
529420006	-4
529430007	-4
529440004	-5
529450005	-5
529460006	-6
529470007	-6
529480008	-6
529490005	-6
529500006	-7
529510006	-7
529520007	-8
529530004	-8
529540005	-8
529550006	-9
529560007	-9
529570004	-9
529580005	-10
529590007	-10
529600005	-10
529610007	-11
529620005	-11
529630004	-11
529640006	-12
529650005	-12
529660007	-12
529670005	-12
529680004	-13
529690006	-13
529700005	-13
529710003	-13
529720006	-14
529730004	-14
529740006	-14
529750004	-14
529760007	-15
529770005	-15
529780003	-15
529790006	-15
529800003	-15
529810006	-15
529820004	-15
529830007	-15
529840005	-16
529850007	-16
529860005	-16
529870007	-16
529880005	-16
529890006	-16
529900004	-16
529910006	-16
529920004	-16
529930006	-16
529940005	-16
529950007	-16
529960005	-16
529970007	-16
529980006	-15
529990004	-15
530000007	-15
530010007	-15
530020005	-15
530030007	-15
530040006	-15
530050005	-14
530060007	-14
530070005	-14
530080007	-14
530090009	-13
530100007	-13
530110009	-13
530120008	-13
530130010	-12
530140008	-12
530150011	-12
530160009	-12
530170009	-11
530180009	-11
530190009	-11
530200011	-10
530210008	-10
530220008	-10
530230009	-9
530240009	-9
530250008	-9
530260007	-8
530270011	-8
530280008	-8
530290010	-7
530300011	-7
530310008	-7
530320009	-6
530330010	-6
530340007	-6
530350009	-5
530360010	-5
530370010	-5
530380011	-4
530390004	-4
530400005	-4
530410010	-3
530420011	-3
530430003	-3
530440004	-3
530450005	-2
530460006	-2
530470010	-2
530480004	-1
530490005	-1
530500005	-1
530510007	-1
530520012	-1
530530005	0
530540005	0
530550004	0
530560004	0
530570004	0
530580004	0
530590004	0
530600007	1
530610004	1
530620004	1
530630004	1
530640005	1
530650005	1
530660006	1
530670006	1
530680006	1
530690006	1
530700007	1
530710007	1
530720007	1
530730007	1
530740007	1
530750003	1
530760004	1
530770004	1
530780005	0
530790005	0
530800005	0
530810005	0
530820005	0
530830005	0
530840005	-1
530850007	-1
530860007	-1
530870004	-1
530880005	-2
530890006	-2
530900007	-2
530910003	-2
530920004	-3
530930005	-3
530940006	-3
530950007	-3
530960004	-4
530970004	-4
530980005	-4
530990007	-5
531000007	-5
531010004	-5
531020005	-6
531030007	-6
531040004	-6
531050005	-7
531060006	-7
531070003	-7
531080004	-8
531090005	-8
531100006	-8
531110003	-9
531120004	-9
531130005	-9
531140007	-10
531150005	-10
531160003	-10
531170006	-11
531180003	-11
531190006	-11
531200004	-12
531210007	-12
531220005	-12
531230007	-12
531240005	-13
531250003	-13
531260005	-13
531270003	-13
531280006	-14
531290003	-14
531300006	-14
531310008	-14
531320006	-14
531330006	-15
531340004	-15
531350006	-15
531360003	-15
531370006	-15
531380004	-15
531390007	-15
531400004	-15
531410007	-15
531420004	-15
531430006	-15
531440003	-15
531450007	-15
531460005	-15
531470007	-15
531480005	-15
531490007	-15
531500005	-15
531510004	-15
531520006	-15
531530004	-15
531540006	-15
531550005	-15
531560003	-15
531570006	-15
531580004	-15
531590007	-14
531600005	-14
531610004	-14
531620007	-14
531630005	-14
531640004	-13
531650006	-13
531660005	-13
531670004	-13
531680007	-12
531690005	-12
531700008	-12
531710006	-12
531720004	-11
531730007	-11
531740005	-11
531750003	-10
531760006	-10
531770005	-10
531780004	-9
531790005	-9
531800006	-9
531810004	-8
531820005	-8
531830006	-8
531840003	-7
531850005	-7
531860006	-7
531870004	-6
531880005	-6
531890007	-6
531900003	-6
531910005	-5
531920006	-5
531930004	-4
531940005	-4
531950006	-4
531960007	-4
531970004	-3
531980005	-3
531990006	-3
532000003	-3
532010005	-2
532020006	-2
532030006	-2
532040004	-1
532050005	-1
532060007	-1
532070003	-1
532080005	-1
532090006	0
532100006	0
532110007	0
532120007	0
532130007	0
532140007	0
532150007	0
532160007	0
532170007	0
532180007	1
532190004	1
532200004	1
532210004	1
532220004	1
532230005	1
532240005	1
532250006	1
532260006	1
532270007	1
532280007	1
532290007	1
532300003	1
532310004	0
532320004	0
532330007	0
532340007	0
532350007	0
532360006	0
532370005	0
532380004	-1
532390005	-1
532400006	-1
532410007	-1
532420004	-1
532430006	-2
532440006	-2
532450007	-2
532460004	-2
532470005	-3
532480006	-3
532490007	-3
532500004	-4
532510005	-4
532520006	-4
532530007	-4
532540004	-5
532550005	-5
532560006	-5
532570007	-6
532580003	-6
532590005	-6
532600006	-7
532610007	-7
532620003	-7
532630004	-8
532640005	-8
532650006	-8
532660003	-9
532670005	-9
532680007	-9
532690004	-10
532700007	-10
532710005	-10
532720007	-10
532730006	-11
532740004	-11
532750006	-11
532760004	-12
532770007	-12
532780005	-12
532790007	-12
532800005	-13
532810004	-13
532820006	-13
532830005	-13
532840004	-14
532850006	-14
532860004	-14
532870007	-14
532880005	-14
532890007	-14
532900006	-15
532910004	-15
532920007	-15
532930005	-15
532940007	-15
532950005	-15
532960007	-15
532970005	-15
532980003	-15
532990005	-15
533000003	-15
533010006	-15
533020008	-15
533030006	-15
533040004	-15
533050007	-15
533060005	-15
533070007	-15
533080005	-15
533090003	-15
533100006	-15
533110004	-15
533120007	-15
533130005	-14
533140007	-14
533150006	-14
533160004	-14
533170006	-14
533180004	-13
533190006	-13
533200004	-13
533210006	-13
533220004	-12
533230007	-12
533240005	-12
533250007	-12
533260005	-12
533270004	-11
533280006	-11
533290004	-11
533300007	-10
533310005	-10
533320007	-10
533330005	-9
533340007	-9
533350004	-9
533360005	-9
533370006	-8
533380007	-8
533390005	-7
533400006	-7
533410007	-7
533420008	-6
533430004	-6
533440006	-6
533450007	-6
533460004	-5
533470005	-5
533480006	-5
533490007	-4
533500004	-4
533510005	-4
533520006	-3
533530007	-3
533540004	-3
533550005	-3
533560006	-2
533570008	-2
533580005	-2
533590005	-2
533600007	-1
533610005	-1
533620005	-1
533630006	-1
533640007	-1
533650004	-1
533660005	0
533670004	0
533680004	0
533690004	0
533700007	0
533710007	0
533720007	0
533730006	0
533740006	0
533750005	0
533760004	0
533770007	0
533780007	0
533790006	0
533800005	0
533810005	0
533820005	0
533830004	0
533840003	0
533850007	0
533860007	0
533870007	0
533880006	0
533890005	0
533900005	0
533910005	0
533920005	-1
533930005	-1
533940006	-1
533950006	-1
533960007	-1
533970004	-2
533980005	-2
533990006	-2
534000007	-2
534010007	-3
534020004	-3
534030005	-3
534040007	-3
534050003	-4
534060005	-4
534070005	-4
534080007	-4
534090003	-5
534100004	-5
534110006	-5
534120007	-6
534130007	-6
534140004	-6
534150006	-7
534160006	-7
534170007	-7
534180004	-8
534190005	-8
534200005	-8
534210007	-9
534220004	-9
534230005	-9
534240006	-9
534250007	-10
534260005	-10
534270004	-10
534280007	-11
534290005	-11
534300006	-11
534310005	-12
534320007	-12
534330005	-12
534340003	-12
534350005	-12
534360004	-13
534370006	-13
534380005	-13
534390004	-13
534400006	-13
534410005	-14
534420007	-14
534430004	-14
534440006	-14
534450004	-14
534460006	-14
534470004	-15
534480006	-15
534490005	-15
534500007	-15
534510006	-15
534520004	-15
534530006	-15
534540004	-15
534550007	-15
534560004	-15
534570007	-15
534580005	-15
534590007	-15
534600005	-15
534610004	-15
534620006	-15
534630005	-15
534640007	-15
534650005	-15
534660003	-14
534670005	-14
534680007	-14
534690005	-14
534700004	-14
534710006	-14
534720004	-13
534730007	-13
534740005	-13
534750007	-13
534760005	-13
534770004	-12
534780006	-12
534790004	-12
534800006	-12
534810006	-11
534820004	-11
534830007	-11
534840005	-10
534850007	-10
534860005	-10
534870004	-10
534880007	-9
534890007	-9
534900004	-9
534910006	-8
534920007	-8
534930004	-8
534940005	-7
534950005	-7
534960006	-7
534970007	-6
534980004	-6
534990005	-6
535000006	-6
535010007	-5
535020004	-5
535030005	-5
535040006	-4
535050007	-4
535060004	-4
535070005	-4
535080007	-3
535090003	-3
535100004	-3
535110005	-3
535120006	-2
535130007	-2
535140004	-2
535150005	-2
535160007	-1
535170008	-1
535180004	-1
535190005	-1
535200006	-1
535210007	-1
535220003	0
535230008	0
535240007	0
535250007	0
535260007	0
535270006	0
535280006	0
535290005	0
535300005	0
535310004	0
535320004	0
535330004	0
535340003	0
535350007	0
535360007	0
535370007	0
535380006	0
535390006	0
535400006	0
535410006	0
535420005	0
535430005	0
535440005	0
535450005	-1
535460007	-1
535470003	-1
535480004	-1
535490005	-1
535500007	-1
535510004	-2
535520005	-2
535530006	-2
535540007	-2
535550003	-3
535560005	-3
535570006	-3
535580007	-3
535590007	-4
535600005	-4
535610004	-4
535620005	-4
535630006	-5
535640004	-5
535650005	-5
535660007	-6
535670007	-6
535680004	-6
535690006	-6
535700007	-7
535710004	-7
535720005	-7
535730006	-8
535740007	-8
535750004	-8
535760005	-9
535770006	-9
535780006	-9
535790007	-9
535800004	-10
535810007	-10
535820005	-10
535830004	-11
535840006	-11
535850005	-11
535860007	-11
535870005	-12
535880004	-12
535890006	-12
535900005	-12
535910007	-12
535920006	-13
535930008	-13
535940006	-13
535950004	-13
535960007	-13
535970005	-14
535980003	-14
535990007	-14
536000005	-14
536010004	-14
536020006	-14
536030004	-14
536040006	-14
536050005	-15
536060007	-15
536070005	-15
536080007	-15
536090005	-15
536100007	-15
536110005	-15
536120003	-15
536130007	-15
536140005	-15
536150006	-15
536160005	-15
536170004	-15
536180007	-15
536190006	-14
536200007	-14
536210006	-14
536220004	-14
536230006	-14
536240004	-14
536250006	-14
536260004	-13
536270006	-13
536280004	-13
536290006	-13
536300005	-13
536310003	-12
536320005	-12
536330003	-12
536340006	-12
536350005	-11
536360004	-11
536370007	-11
536380005	-11
536390007	-10
536400005	-10
536410007	-10
536420005	-9
536430007	-9
536440004	-9
536450005	-9
536460006	-8
536470003	-8
536480005	-8
536490006	-7
536500007	-7
536510004	-7
536520005	-6
536530006	-6
536540007	-6
536550004	-6
536560005	-5
536570006	-5
536580007	-5
536590008	-4
536600004	-4
536610006	-4
536620006	-4
536630003	-3
536640004	-3
536650005	-3
536660006	-3
536670007	-3
536680008	-2
536690004	-2
536700005	-2
536710006	-2
536720006	-1
536730007	-1
536740003	-1
536750004	-1
536760005	-1
536770006	-1
536780006	-1
536790007	0
536800007	0
536810006	0
536820007	0
536830006	0
536840006	0
536850005	0
536860005	0
536870005	0
536880004	0
536890007	0
536900007	0
536910007	0
536920006	0
536930006	0
536940005	0
536950004	0
536960008	0
536970007	0
536980004	-1
536990005	-1
537000006	-1
537010007	-1
537020007	-1
537030004	-1
537040005	-1
537050006	-2
537060007	-2
537070004	-2
537080005	-2
537090006	-3
537100007	-3
537110003	-3
537120004	-3
537130005	-3
537140006	-4
537150007	-4
537160004	-4
537170005	-5
537180005	-5
537190006	-5
537200006	-5
537210007	-6
537220004	-6
537230005	-6
537240006	-6
537250004	-7
537260005	-7
537270006	-7
537280007	-8
537290004	-8
537300006	-8
537310007	-9
537320004	-9
537330005	-9
537340006	-9
537350007	-10
537360005	-10
537370004	-10
537380006	-11
537390005	-11
537400008	-11
537410005	-11
537420004	-12
537430006	-12
537440004	-12
537450006	-12
537460004	-12
537470007	-13
537480006	-13
537490004	-13
537500006	-13
537510004	-13
537520007	-13
537530005	-14
537540007	-14
537550005	-14
537560003	-14
537570006	-14
537580004	-14
537590006	-14
537600005	-14
537610007	-14
537620005	-14
537630006	-14
537640004	-14
537650006	-14
537660004	-14
537670007	-14
537680005	-14
537690007	-14
537700005	-14
537710008	-14
537720006	-14
537730004	-14
537740006	-14
537750003	-14
537760005	-14
537770003	-14
537780006	-14
537790004	-13
537800006	-13
537810004	-13
537820006	-13
537830005	-13
537840003	-12
537850006	-12
537860005	-12
537870007	-12
537880005	-12
537890004	-11
537900006	-11
537910005	-11
537920003	-11
537930006	-10
537940007	-10
537950006	-10
537960004	-10
537970007	-9
537980007	-9
537990004	-9
538000006	-9
538010004	-8
538020005	-8
538030007	-8
538040004	-7
538050005	-7
538060006	-7
538070003	-6
538080004	-6
538090005	-6
538100007	-6
538110004	-5
538120005	-5
538130005	-5
538140007	-4
538150004	-4
538160005	-4
538170005	-4
538180007	-3
538190004	-3
538200005	-3
538210005	-3
538220007	-3
538230004	-2
538240005	-2
538250007	-2
538260003	-2
538270005	-2
538280007	-1
538290003	-1
538300004	-1
538310005	-1
538320006	-1
538330007	-1
538340004	-1
538350005	-1
538360006	-1
538370007	0
538380006	0
538390006	0
538400005	0
538410006	0
538420005	0
538430004	0
538440004	0
538450003	0
538460007	0
538470007	0
538480006	0
538490006	0
538500006	0
538510005	-1
538520006	-1
538530007	-1
538540004	-1
538550005	-1
538560006	-1
538570006	-1
538580007	-2
538590004	-2
538600005	-2
538610006	-2
538620007	-2
538630005	-3
538640006	-3
538650006	-3
538660007	-3
538670004	-3
538680005	-4
538690006	-4
538700006	-4
538710006	-4
538720008	-5
538730005	-5
538740006	-5
538750007	-6
538760008	-6
538770004	-6
538780005	-6
538790006	-7
538800007	-7
538810004	-7
538820005	-8
538830006	-8
538840008	-8
538850005	-8
538860007	-9
538870007	-9
538880004	-9
538890005	-9
538900006	-10
538910004	-10
538920006	-10
538930005	-11
538940007	-11
538950005	-11
538960007	-11
538970005	-12
538980004	-12
538990006	-12
539000004	-12
539010007	-12
539020005	-12
539030004	-13
539040006	-13
539050004	-13
539060006	-13
539070005	-13
539080003	-13
539090007	-14
539100006	-14
539110004	-14
539120006	-14
539130005	-14
539140007	-14
539150005	-14
539160004	-14
539170006	-14
539180004	-14
539190007	-14
539200005	-14
539210007	-14
539220005	-14
539230003	-14
539240006	-14
539250004	-14
539260006	-14
539270004	-14
539280007	-14
539290005	-14
539300007	-14
539310006	-14
539320005	-13
539330004	-13
539340006	-13
539350004	-13
539360006	-13
539370005	-13
539380007	-12
539390005	-12
539400008	-12
539410005	-12
539420003	-12
539430006	-11
539440004	-11
539450006	-11
539460005	-11
539470007	-10
539480005	-10
539490007	-10
539500005	-10
539510007	-9
539520005	-9
539530007	-9
539540004	-9
539550007	-8
539560003	-8
539570005	-8
539580007	-7
539590005	-7
539600006	-7
539610008	-7
539620004	-6
539630005	-6
539640007	-6
539650004	-6
539660005	-5
539670007	-5
539680003	-5
539690005	-4
539700005	-4
539710006	-4
539720007	-4
539730005	-3
539740006	-3
539750007	-3
539760007	-3
539770004	-3
539780005	-3
539790006	-2
539800007	-2
539810004	-2
539820005	-2
539830007	-2
539840004	-1
539850006	-1
539860007	-1
539870005	-1
539880005	-1
539890006	-1
539900007	-1
539910004	-1
539920006	-1
539930007	-1
539940003	-1
539950005	-1
539960005	-1
539970006	-1
539980003	-1
539990005	-1
540000005	-1
540010006	-1
540020007	-1
540030004	-1
540040005	-1
540050006	-1
540060007	-1
540070003	-1
540080004	-1
540090005	-1
540100006	-1
540110007	-2
540120003	-2
540130004	-2
540140006	-2
540150007	-2
540160004	-3
540170005	-3
540180005	-3
540190007	-3
540200004	-3
540210005	-4
540220007	-4
540230004	-4
540240005	-4
540250006	-4
540260007	-5
540270004	-5
540280005	-5
540290006	-6
540300007	-6
540310004	-6
540320005	-6
540330007	-7
540340003	-7
540350004	-7
540360005	-7
540370006	-8
540380003	-8
540390005	-8
540400007	-9
540410004	-9
540420006	-9
540430007	-9
540440005	-10
540450007	-10
540460006	-10
540470004	-10
540480007	-11
540490005	-11
540500004	-11
540510007	-11
540520005	-11
540530003	-12
540540006	-12
540550005	-12
540560007	-12
540570006	-12
540580005	-13
540590007	-13
540600006	-13
540610004	-13
540620007	-13
540630005	-13
540640004	-13
540650007	-13
540660006	-14
540670004	-14
540680006	-14
540690005	-14
540700007	-14
540710005	-14
540720003	-14
540730006	-14
540740004	-14
540750006	-14
540760005	-14
540770004	-14
540780007	-14
540790005	-14
540800004	-14
540810007	-14
540820005	-14
540830004	-14
540840006	-13
540850005	-13
540860007	-13
540870007	-13
540880005	-13
540890004	-13
540900007	-13
540910006	-12
540920007	-12
540930006	-12
540940005	-12
540950004	-12
540960007	-12
540970005	-11
540980007	-11
540990005	-11
541000003	-11
541010006	-10
541020004	-10
541030007	-10
541040005	-10
541050005	-9
541060006	-9
541070004	-9
541080005	-9
541090007	-8
541100004	-8
541110006	-8
541120003	-7
541130004	-7
541140005	-7
541150006	-7
541160007	-6
541170004	-6
541180005	-6
541190007	-6
541200004	-5
541210005	-5
541220007	-5
541230004	-5
541240005	-4
541250006	-4
541260006	-4
541270007	-4
541280004	-3
541290006	-3
541300007	-3
541310003	-3
541320005	-3
541330007	-3
541340004	-2
541350005	-2
541360007	-2
541370004	-2
541380004	-2
541390005	-2
541400007	-1
541410003	-1
541420004	-1
541430005	-1
541440006	-1
541450007	-1
541460003	-1
541470004	-1
541480005	-1
541490006	-1
541500008	-1
541510005	-1
541520006	-1
541530007	-1
541540004	-1
541550005	-1
541560006	-1
541570004	-1
541580005	-1
541590006	-1
541600003	-1
541610005	-1
541620006	-1
541630007	-1
541640004	-2
541650005	-2
541660006	-2
541670007	-2
541680005	-2
541690007	-2
541700003	-3
541710004	-3
541720005	-3
541730006	-3
541740007	-3
541750004	-4
541760005	-4
541770007	-4
541780007	-4
541790005	-5
541800007	-5
541810004	-5
541820005	-5
541830007	-6
541840004	-6
541850005	-6
541860006	-6
541870003	-7
541880005	-7
541890005	-7
541900006	-7
541910007	-8
541920004	-8
541930005	-8
541940006	-8
541950007	-9
541960003	-9
541970005	-9
541980007	-9
541990005	-10
542000007	-10
542010006	-10
542020004	-10
542030003	-11
542040006	-11
542050005	-11
542060004	-11
542070007	-11
542080006	-12
542090004	-12
542100007	-12
542110004	-12
542120006	-12
542130005	-12
542140004	-13
542150007	-13
542160005	-13
542170004	-13
542180006	-13
542190004	-13
542200007	-13
542210006	-13
542220004	-13
542230007	-13
542240005	-14
542250004	-14
542260006	-14
542270004	-14
542280007	-14
542290005	-14
542300004	-14
542310007	-14
542320005	-14
542330004	-14
542340006	-14
542350005	-14
542360003	-13
542370006	-13
542380005	-13
542390004	-13
542400006	-13
542410004	-13
542420007	-13
542430005	-13
542440003	-12
542450007	-12
542460005	-12
542470007	-12
542480005	-12
542490004	-12
542500007	-11
542510005	-11
542520004	-11
542530007	-11
542540005	-11
542550007	-10
542560005	-10
542570004	-10
542580007	-10
542590005	-9
542600007	-9
542610004	-9
542620005	-9
542630007	-8
542640003	-8
542650005	-8
542660006	-8
542670004	-7
542680005	-7
542690005	-7
542700006	-6
542710004	-6
542720005	-6
542730007	-6
542740008	-6
542750006	-5
542760006	-5
542770003	-5
542780004	-5
542790005	-4
542800006	-4
542810008	-4
542820005	-4
542830005	-3
542840007	-3
542850003	-3
542860004	-3
542870005	-3
542880007	-3
542890004	-2
542900005	-2
542910006	-2
542920007	-2
542930004	-2
542940005	-2
542950007	-2
542960004	-2
542970005	-1
542980006	-1
542990007	-1
543000005	-1
543010007	-1
543020004	-1
543030005	-1
543040006	-1
543050007	-1
543060005	-1
543070006	-1
543080007	-1
543090004	-1
543100005	-1
543110007	-1
543120003	-1
543130006	-1
543140007	-1
543150004	-1
543160005	-2
543170006	-2
543180008	-2
543190005	-2
543200007	-2
543210007	-2
543220004	-2
543230006	-3
543240006	-3
543250007	-3
543260004	-3
543270006	-3