279370007	-14
279380005	-15
279390007	-15
279400006	-16
279410004	-17
279420007	-17
279430005	-18
279440007	-18
279450005	-19
279460004	-20
279470006	-20
279480004	-21
279490006	-21
279500004	-22
279510006	-22
279520003	-22
279530007	-23
279540005	-23
279550007	-24
279560005	-24
279570003	-24
279580006	-24
279590004	-25
279600007	-25
279610004	-25
279620007	-25
279630005	-25
279640008	-26
279650005	-26
279660007	-26
279670005	-26
279680003	-26
279690006	-26
279700007	-26
279710005	-26
279720007	-26
279730005	-26
279740007	-26
279750005	-26
279760007	-25
279770005	-25
279780007	-25
279790005	-25
279800007	-25
279810005	-24
279820003	-24
279830005	-24
279840004	-23
279850006	-23
279860005	-23
279870007	-22
279880004	-22
279890006	-21
279900004	-21
279910007	-20
279920005	-20
279930007	-19
279940005	-19
279950007	-18
279960004	-18
279970007	-17
279980005	-16
279990003	-16
280000005	-15
280010004	-15
280020006	-14
280030004	-13
280040007	-13
280050005	-12
280060007	-11
280070006	-10
280080003	-10
280090005	-9
280100007	-8
280110004	-8
280120005	-7
280130005	-6
280140007	-5
280150007	-5
280160004	-4
280170005	-3
280180006	-3
280190007	-2
280200003	-1
280210004	0
280220004	0
280230004	1
280240004	1
280250004	2
280260005	3
280270005	3
280280006	4
280290006	4
280300006	5
280310006	5
280320006	6
280330006	6
280340007	7
280350003	7
280360004	8
280370005	8
280380005	8
280390006	9
280400006	9
280410007	9
280420008	10
280430005	10
280440007	10
280450004	10
280460006	11
280470004	11
280480006	11
280490003	11
280500005	11
280510007	11
280520004	11
280530006	11
280540007	11
280550003	11
280560005	11
280570007	11
280580004	11
280590006	11
280600007	11
280610005	11
280620007	10
280630004	10
280640005	10
280650007	10
280660005	9
280670005	9
280680006	9
280690007	8
280700006	8
280710006	8
280720007	7
280730007	7
280740007	6
280750007	6
280760004	5
280770004	5
280780004	4
280790005	3
280800005	3
280810006	2
280820006	2
280830007	1
280840007	0
280850006	0
280860005	-1
280870006	-1
280880007	-2
280890004	-3
280900004	-4
280910005	-4
280920005	-5
280930006	-6
280940007	-6
280950007	-7
280960004	-8
280970006	-9
280980007	-9
280990004	-10
281000007	-11
281010005	-11
281020007	-12
281030005	-13
281040003	-13
281050006	-14
281060004	-15
281070006	-15
281080005	-16
281090007	-17
281100005	-17
281110007	-18
281120005	-18
281130004	-19
281140006	-19
281150004	-20
281160006	-20
281170005	-21
281180007	-21
281190007	-22
281200005	-22
281210004	-22
281220006	-23
281230005	-23
281240007	-24
281250005	-24
281260007	-24
281270005	-24
281280007	-25
281290005	-25
281300007	-25
281310006	-25
281320004	-25
281330006	-25
281340004	-25
281350006	-25
281360005	-25
281370007	-25
281380005	-25
281390007	-25
281400005	-25
281410004	-25
281420006	-25
281430008	-25
281440005	-25
281450004	-25
281460006	-25
281470005	-24
281480006	-24
281490004	-24
281500006	-24
281510005	-23
281520007	-23
281530005	-23
281540007	-22
281550005	-22
281560003	-21
281570006	-21
281580004	-20
281590006	-20
281600005	-19
281610006	-19
281620004	-18
281630007	-18
281640005	-17
281650003	-17
281660006	-16
281670004	-15
281680007	-15
281690005	-14
281700003	-13
281710005	-13
281720004	-12
281730007	-11
281740005	-11
281750007	-10
281760005	-9
281770006	-9
281780004	-8
281790005	-7
281800005	-6
281810006	-6
281820007	-5
281830004	-4
281840005	-4
281850007	-3
281860003	-2
281870005	-2
281880006	-1
281890007	0
281900006	0
281910006	1
281920007	2
281930004	2
281940005	3
281950005	3
281960006	4
281970006	4
281980006	5
281990006	5
282000006	6
282010006	6
282020004	7
282030004	7
282040005	8
282050005	8
282060006	8
282070007	9
282080003	9
282090004	9
282100005	9
282110005	10
282120007	10
282130004	10
282140006	10
282150007	10
282160005	11
282170007	11
282180004	11
282190005	11
282200006	11
282210007	11
282220005	11
282230008	11
282240005	11
282250007	11
282260004	11
282270006	10
282280003	10
282290005	10
282300006	10
282310004	10
282320006	9
282330006	9
282340006	9
282350007	8
282360004	8
282370004	8
282380004	7
282390005	7
282400005	6
282410006	6
282420007	6
282430007	5
282440004	5
282450004	4
282460005	3
282470006	3
282480005	2
282490006	2
282500006	1
282510007	0
282520007	0
282530007	-1
282540003	-2
282550004	-2
282560005	-3
282570007	-4
282580004	-4
282590005	-5
282600006	-6
282610007	-6
282620004	-7
282630005	-8
282640006	-8
282650007	-9
282660004	-10
282670006	-10
282680004	-11
282690007	-12
282700005	-12
282710004	-13
282720006	-14
282730005	-15
282740006	-15
282750005	-16
282760006	-16
282770004	-17
282780006	-17
282790005	-18
282800007	-18
282810005	-19
282820007	-20
282830004	-20
282840011	-21
282850004	-21
282860007	-21
282870006	-22
282880004	-22
282890006	-22
282900004	-23
282910007	-23
282920005	-23
282930004	-24
282940006	-24
282950004	-24
282960006	-24
282970004	-24
282980006	-25
282990005	-25
283000007	-25
283010005	-25
283020007	-25
283030005	-25
283040003	-25
283050006	-25
283060003	-25
283070006	-25
283080007	-25
283090005	-25
283100003	-25
283110005	-25
283120004	-24
283130006	-24
283140003	-24
283150007	-24
283160005	-23
283170007	-23
283180005	-23
283190007	-22
283200005	-22
283210007	-22
283220005	-21
283230008	-21
283240005	-21
283250005	-20
283260007	-20
283270005	-19
283280004	-19
283290006	-18
283300005	-17
283310003	-17
283320006	-16
283330005	-16
283340007	-15
283350005	-15
283360003	-14
283370005	-13
283380007	-13
283390005	-12
283400004	-11
283410006	-11
283420004	-10
283430007	-9
283440004	-9
283450005	-8
283460006	-7
283470007	-6
283480004	-6
283490005	-5
283500007	-4
283510004	-4
283520005	-3
283530007	-2
283540007	-2
283550005	-1
283560007	0
283570007	0
283580007	1
283590008	1
283600007	2
283610004	3
283620004	3
283630005	4
283640006	4
283650006	5
283660006	5
283670007	6
283680006	6
283690006	6
283700007	7
283710008	7
283720004	8
283730004	8
283740005	8
283750005	9
283760005	9
283770005	9
283780007	9
283790007	9
283800004	10
283810006	10
283820007	10
283830004	10
283840007	10
283850005	10
283860006	10
283870004	10
283880005	10
283890007	10
283900004	10
283910006	10
283920007	10
283930005	10
283940007	10
283950003	10
283960005	9
283970005	9
283980005	9
283990006	9
284000006	9
284010007	8
284020007	8
284030007	8
284040003	7
284050007	7
284060003	6
284070004	6
284080004	5
284090004	5
284100005	4
284110005	4
284120005	3
284130005	3
284140005	2
284150005	2
284160006	1
284170006	0
284180005	0
284190005	-1
284200006	-1
284210007	-2
284220003	-3
284230004	-3
284240005	-4
284250007	-5
284260003	-5
284270004	-6
284280006	-7
284290006	-7
284300007	-8
284310004	-9
284320005	-9
284330007	-10
284340005	-11
284350004	-12
284360006	-12
284370005	-13
284380007	-13
284390006	-14
284400003	-15
284410006	-15
284420004	-16
284430007	-16
284440005	-17
284450007	-18
284460005	-18
284470007	-19
284480005	-19
284490003	-20
284500006	-20
284510004	-20
284520006	-21
284530004	-21
284540007	-22
284550005	-22
284560007	-22
284570006	-23
284580007	-23
284590006	-23
284600004	-23
284610006	-24
284620004	-24
284630006	-24
284640004	-24
284650007	-24
284660004	-24
284670006	-24
284680003	-25
284690005	-25
284700004	-25
284710007	-25
284720004	-25
284730006	-25
284740004	-25
284750007	-24
284760005	-24
284770004	-24
284780006	-24
284790008	-24
284800006	-24
284810004	-23
284820007	-23
284830004	-23
284840006	-23
284850005	-22
284860007	-22
284870006	-21
284880004	-21
284890006	-21
284900005	-20
284910007	-20
284920005	-19
284930004	-19
284940006	-18
284950005	-18
284960007	-17
284970005	-17
284980003	-16
284990005	-16
285000004	-15
285010007	-14
285020005	-14
285030007	-13
285040005	-12
285050004	-12
285060007	-11
285070004	-11
285080007	-10
285090005	-9
285100007	-9
285110007	-8
285120004	-7
285130005	-6
285140007	-6
285150004	-5
285160005	-4
285170006	-4
285180007	-3
285190007	-3
285200004	-2
285210005	-1
285220006	-1
285230007	0
285240007	1
285250007	1
285260003	2
285270004	2
285280005	3
285290006	3
285300006	4
285310006	4
285320006	5
285330006	5
285340007	6
285350007	6
285360004	7
285370004	7
285380005	7
285390005	8
285400005	8
285410006	8
285420007	9
285430007	9
285440007	9
285450004	9
285460004	9
285470004	9
285480005	10
285490006	10
285500004	10
285510005	10
285520007	10
285530004	10
285540006	10
285550004	10
285560005	10
285570007	10
285580004	10
285590005	10
285600007	9
285610007	9
285620004	9
285630004	9
285640004	9
285650005	8
285660005	8
285670005	8
285680005	7
285690005	7
285700005	7
285710006	6
285720006	6
285730007	6
285740007	5
285750007	5
285760007	4
285770003	4
285780004	3
285790003	3
285800004	2
285810005	1
285820005	1
285830005	0
285840005	0
285850005	-1
285860007	-2
285870007	-2
285880004	-3
285890005	-4
285900007	-4
285910007	-5
285920004	-6
285930005	-6
285940006	-7
285950007	-8
285960003	-8
285970005	-9
285980005	-10
285990007	-10
286000005	-11
286010007	-12
286020005	-12
286030004	-13
286040007	-13
286050005	-14
286060007	-15
286070004	-15
286080007	-16
286090005	-16
286100007	-17
286110004	-17
286120007	-18
286130005	-18
286140004	-19
286150007	-19
286160005	-20
286170006	-20
286180005	-21
286190008	-21
286200005	-21
286210004	-22
286220006	-22
286230004	-22
286240007	-23
286250005	-23
286260004	-23
286270006	-23
286280005	-24
286290007	-24
286300005	-24
286310007	-24
286320005	-24
286330004	-24
286340006	-24
286350005	-24
286360007	-24
286370005	-24
286380007	-24
286390006	-24
286400004	-24
286410007	-24
286420006	-24
286430007	-24
286440006	-24
286450005	-23
286460003	-23
286470006	-23
286480004	-23
286490007	-22
286500005	-22
286510007	-22
286520005	-21
286530007	-21
286540005	-21
286550007	-20
286560005	-20
286570004	-19
286580007	-19
286590005	-18
286600007	-18
286610006	-17
286620008	-17
286630005	-16
286640004	-16
286650006	-15
286660004	-15
286670006	-14
286680004	-13
286690006	-13
286700004	-12
286710007	-11
286720005	-11
286730007	-10
286740005	-9
286750006	-9
286760007	-8
286770004	-7
286780005	-7
286790006	-6
286800004	-5
286810006	-5
286820007	-4
286830007	-3
286840003	-3
286850004	-2
286860005	-2
286870005	-1
286880007	0
286890007	0
286900006	1
286910006	1
286920006	2
286930007	2
286940007	3
286950007	3
286960007	4
286970007	4
286980007	5
286990004	5
287000004	6
287010004	6
287020004	6
287030005	7
287040005	7
287050006	8
287060006	8
287070006	8
287080007	8
287090003	9
287100004	9
287110005	9
287120005	9
287130005	9
287140006	9
287150007	9
287160007	9
287170004	9
287180004	9
287190005	9
287200004	9
287210005	9
287220005	9
287230005	9
287240006	9
287250006	9
287260006	9
287270007	9
287280007	9
287290007	8
287300007	8
287310007	8
287320003	8
287330003	7
287340007	7
287350004	6
287360004	6
287370004	6
287380005	5
287390005	5
287400006	4
287410006	4
287420006	3
287430006	3
287440006	2
287450007	2
287460007	1
287470007	1
287480003	0
287490003	0
287500003	-1
287510004	-2
287520004	-2
287530005	-3
287540006	-4
287550007	-4
287560004	-5
287570005	-6
287580006	-6
287590007	-7
287600008	-8
287610005	-8
287620005	-9
287630007	-9
287640004	-10
287650007	-11
287660004	-11
287670007	-12
287680005	-13
287690003	-13
287700006	-14
287710004	-15
287720006	-15
287730004	-16
287740007	-16
287750005	-17
287760007	-17
287770005	-18
287780007	-18
287790006	-19
287800003	-19
287810006	-20
287820004	-20
287830006	-20
287840005	-21
287850007	-21
287860004	-21
287870007	-22
287880004	-22
287890007	-22
287900005	-23
287910004	-23
287920007	-23
287930004	-23
287940006	-23
287950003	-23
287960006	-24
287970004	-24
287980006	-24
287990004	-24
288000007	-24
288010005	-24
288020003	-24
288030005	-24
288040003	-24
288050006	-24
288060004	-24
288070007	-24
288080005	-23
288090004	-23
288100005	-23
288110004	-23
288120006	-22
288130005	-22
288140007	-22
288150006	-22
288160004	-21
288170007	-21
288180005	-21
288190003	-20
288200005	-20
288210003	-19
288220005	-19
288230004	-18
288240006	-18
288250004	-18
288260006	-17
288270005	-16
288280007	-16
288290005	-15
288300007	-15
288310006	-14
288320003	-14
288330006	-13
288340004	-12
288350007	-12
288360005	-11
288370004	-11
288380006	-10
288390005	-9
288400006	-9
288410007	-8
288420003	-7
288430004	-7
288440005	-6
288450007	-5
288460003	-5
288470004	-4
288480005	-3
288490007	-3
288500007	-2
288510004	-2
288520005	-1
288530006	0
288540006	0
288550006	1
288560006	1
288570007	2
288580007	2
288590007	3
288600008	3
288610004	4
288620005	4
288630005	5
288640005	5
288650007	6
288660007	6
288670007	6
288680004	7
288690005	7
288700005	7
288710005	8
288720006	8
288730006	8
288740007	8
288750003	8
288760004	9
288770005	9
288780006	9
288790007	9
288800007	9
288810004	9
288820003	9
288830004	9
288840004	9
288850005	9
288860005	9
288870005	9
288880006	9
288890006	9
288900006	9
288910007	9
288920007	8
288930007	8
288940003	8
288950004	8
288960005	7
288970005	7
288980004	7
288990005	6
289000006	6
289010006	6
289020007	5
289030007	5
289040003	4
289050003	4
289060004	3
289070005	3
289080005	2
289090005	2
289100005	1
289110005	1
289120005	0
289130004	0
289140004	-1
289150005	-2
289160007	-2
289170005	-3
289180006	-3
289190007	-4
289200003	-5
289210004	-5
289220005	-6
289230006	-7
289240007	-7
289250007	-8
289260004	-9
289270005	-9
289280007	-10
289290004	-10
289300007	-11
289310005	-12
289320003	-12
289330006	-13
289340004	-13
289350007	-14
289360005	-15
289370007	-15
289380006	-16
289390004	-16
289400004	-17
289410006	-17
289420004	-18
289430007	-18
289440005	-19
289450004	-19
289460007	-19
289470005	-20
289480007	-20
289490005	-21
289500004	-21
289510006	-21
289520004	-22
289530006	-22
289540004	-22
289550006	-22
289560005	-23
289570007	-23
289580005	-23
289590007	-23
289600006	-23
289610003	-23
289620006	-23
289630004	-23
289640006	-23
289650005	-23
289660006	-23
289670004	-23
289680006	-23
289690005	-23
289700007	-23
289710005	-23
289720003	-23
289730006	-23
289740003	-23
289750006	-22
289760004	-22
289770006	-22
289780004	-22
289790007	-21
289800005	-21
289810007	-21
289820005	-20
289830007	-20
289840005	-20
289850004	-19
289860007	-19
289870005	-18
289880007	-18
289890005	-17
289900003	-17
289910007	-16
289920005	-16
289930003	-15
289940006	-15
289950004	-14
289960006	-14
289970004	-13
289980007	-12
289990004	-12
290000007	-11
290010005	-11
290020008	-10
290030006	-9
290040004	-9
290050005	-8
290060007	-7
290070007	-7
290080004	-6
290090005	-6
290100006	-5
290110007	-4
290120003	-4
290130005	-3
290140006	-2
290150006	-2
290160007	-1
290170007	-1
290180003	0
290190008	0
290200007	1
290210004	2
290220004	2
290230005	3
290240005	3
290250005	3
290260006	4
290270005	4
290280006	5
290290006	5
290300006	6
290310007	6
290320006	6
290330007	7
290340007	7
290350007	7
290360004	7
290370004	8
290380005	8
290390005	8
290400006	8
290410007	8
290420007	8
290430005	9
290440006	9
290450006	9
290460007	9
290470003	9
290480004	9
290490004	9
290500004	9
290510005	9
290520005	9
290530006	9
290540007	8
290550007	8
290560004	8
290570005	8
290580005	8
290590006	7
290600006	7
290610006	7
290620007	6
290630007	6
290640007	6
290650003	5
290660004	5
290670005	5
290680005	4
290690006	4
290700007	3
290710008	3
290720004	2
290730004	2
290740005	1
290750005	0
290760005	0
290770005	-1
290780006	-1
290790007	-2
290800007	-2
290810005	-3
290820006	-4
290830007	-4
290840004	-5
290850006	-5
290860007	-6
290870007	-7
290880004	-7
290890006	-8
290900004	-9
290910004	-9
290920005	-10
290930003	-10
290940006	-11
290950005	-12
290960007	-12
290970004	-13
290980006	-13
290990004	-14
291000007	-15
291010005	-15
291020004	-16
291030006	-16
291040004	-17
291050007	-17
291060005	-18
291070004	-18
291080006	-18
291090005	-19
291100007	-19
291110006	-20
291120004	-20
291130006	-20
291140005	-21
291150007	-21
291160005	-21
291170007	-22
291180005	-22
291190007	-22
291200005	-22
291210007	-22
291220004	-23
291230007	-23
291240005	-23
291250004	-23
291260006	-23
291270004	-23
291280007	-23
291290005	-23
291300007	-23
291310005	-23
291320007	-23
291330005	-23
291340004	-23
291350005	-23
291360003	-23
291370006	-22
291380004	-22
291390006	-22
291400004	-22
291410006	-22
291420004	-21
291430007	-21
291440004	-21
291450007	-20
291460005	-20
291470007	-20
291480006	-19
291490005	-19
291500006	-18
291510005	-18
291520007	-17
291530005	-17
291540004	-16
291550006	-16
291560005	-15
291570007	-15
291580005	-14
291590004	-14
291600007	-13
291610005	-13
291620007	-12
291630006	-12
291640004	-11
291650006	-10
291660005	-10
291670007	-9
291680004	-8
291690005	-8
291700007	-7
291710004	-7
291720006	-6
291730006	-5
291740007	-5
291750003	-4
291760004	-3
291770005	-3
291780006	-2
291790007	-2
291800004	-1
291810005	-1
291820006	0
291830006	0
291840005	1
291850005	2
291860005	2
291870005	3
291880006	3
291890006	3
291900006	4
291910006	4
291920003	5
291930004	5
291940004	5
291950005	6
291960005	6
291970006	6
291980007	7
291990007	7
292000007	7
292010003	7
292020004	8
292030005	8
292040005	8
292050005	8
292060006	8
292070006	8
292080006	8
292090007	8
292100006	8
292110007	8
292120004	8
292130004	8
292140004	8
292150005	8
292160006	8
292170007	8
292180007	8
292190008	8
292200007	8
292210004	7
292220005	7
292230005	7
292240006	6
292250006	6
292260006	6
292270006	6
292280007	5
292290007	5
292300007	4
292310003	4
292320004	3
292330004	3
292340004	3
292350004	2
292360005	2
292370004	1
292380004	1
292390005	0
292400004	0
292410004	-1
292420005	-2
292430006	-2
292440007	-3
292450003	-3
292460004	-4
292470005	-5
292480006	-5
292490007	-6
292500007	-6
292510005	-7
292520007	-8
292530003	-8
292540005	-9
292550005	-10
292560004	-10
292570006	-11
292580003	-11
292590006	-12
292600004	-12
292610007	-13
292620005	-14
292630004	-14
292640006	-15
292650003	-15
292660006	-16
292670004	-16
292680007	-17
292690005	-17
292700003	-18
292710006	-18
292720004	-18
292730007	-19
292740005	-19
292750004	-20
292760006	-20
292770004	-20
292780007	-21
292790006	-21
292800004	-21
292810006	-21
292820004	-22
292830006	-22
292840005	-22
292850007	-22
292860004	-22
292870007	-22
292880005	-22
292890007	-23
292900005	-23
292910007	-23
292920004	-23
292930006	-23
292940007	-23
292950005	-23
292960003	-23
292970006	-23
292980003	-22
292990006	-22
293000004	-22
293010006	-22
293020004	-22
293030007	-22
293040005	-21
293050003	-21
293060006	-21
293070004	-20
293080006	-20
293090004	-20
293100007	-19
293110005	-19
293120004	-19
293130006	-18
293140004	-18
293150007	-17
293160004	-17
293170006	-16
293180004	-16
293190007	-15
293200005	-15
293210007	-14
293220005	-14
293230007	-13
293240005	-13
293250004	-12
293260006	-11
293270004	-11
293280007	-10
293290005	-10
293300007	-9
293310004	-8
293320005	-8
293330006	-7
293340007	-7
293350004	-6
293360005	-5
293370007	-5
293380007	-4
293390004	-4
293400006	-3
293410006	-2
293420006	-2
293430007	-1
293440003	-1
293450004	0
293460004	0
293470007	1
293480007	1
293490004	2
293500004	2
293510005	3
293520004	3
293530005	4
293540005	4
293550005	4
293560005	5
293570005	5
293580006	5
293590006	6
293600006	6
293610007	6
293620007	7
293630007	7
293640007	7
293650003	7
293660004	7
293670004	8
293680004	8
293690005	8
293700005	8
293710005	8
293720006	8
293730006	8
293740007	8
293750007	8
293760007	8
293770003	8
293780004	8
293790004	8
293800005	8
293810006	8
293820007	7
293830003	7
293840004	7
293850004	7
293860005	6
293870005	6
293880005	6
293890005	6
293900005	5
293910005	5
293920006	4
293930006	4
293940006	4
293950006	3
293960006	3
293970007	2
293980007	2
293990004	1
294000003	1
294010007	0
294020006	0
294030005	-1
294040006	-1
294050007	-2
294060003	-3
294070004	-3
294080005	-4
294090006	-4
294100007	-5
294110004	-5
294120005	-6
294130007	-7
294140007	-7
294150005	-8
294160006	-8
294170006	-9
294180007	-10
294190005	-10
294200004	-11
294210005	-11
294220008	-12
294230006	-12
294240004	-13
294250007	-14
294260004	-14
294270006	-15
294280004	-15
294290003	-16
294300005	-16
294310003	-17
294320006	-17
294330005	-18
294340007	-18
294350006	-18
294360004	-19
294370007	-19
294380005	-19
294390007	-20
294400005	-20
294410007	-20
294420005	-21
294430007	-21
294440004	-21
294450006	-21
294460005	-22
294470006	-22
294480005	-22
294490006	-22
294500004	-22
294510006	-22
294520004	-22
294530007	-22
294540005	-22
294550007	-22
294560005	-22
294570007	-22
294580005	-22
294590007	-22
294600005	-22
294610007	-22
294620006	-22
294630008	-22
294640006	-22
294650004	-21
294660006	-21
294670003	-21
294680006	-21
294690004	-20
294700007	-20
294710005	-20
294720007	-19
294730005	-19
294740007	-19
294750005	-18
294760007	-18
294770006	-17
294780007	-17
294790006	-16
294800008	-16
294810006	-15
294820007	-15
294830006	-14
294840007	-14
294850006	-13
294860008	-13
294870006	-12
294880008	-12
294890005	-11
294900003	-11
294910006	-10
294920005	-9
294930006	-9
294940004	-8
294950005	-8
294960006	-7
294970006	-6
294980006	-6
294990007	-5
295000004	-5
295010005	-4
295020006	-3
295030006	-3
295040006	-2
295050007	-2
295060004	-1
295070005	-1
295080005	0
295090004	0
295100003	1
295110008	1
295120004	2
295130004	2
295140005	3
295150005	3
295160005	3
295170005	4
295180005	4
295190004	5
295200004	5
295210003	5
295220007	6
295230008	6
295240007	6
295250007	6
295260007	7
295270007	7
295280007	7
295290004	7
295300004	7
295310004	7
295320004	7
295330005	8
295340005	8
295350005	8
295360005	8
295370006	8
295380006	8
295390006	8
295400006	8
295410007	8
295420004	7
295430004	7
295440004	7
295450004	7
295460005	7
295470005	6
295480005	6
295490005	6
295500005	6
295510006	5
295520006	5
295530006	5
295540006	4
295550007	4
295560007	3
295570008	3
295580008	3
295590004	2
295600004	2
295610005	1
295620005	1
295630005	0
295640004	0
295650004	-1
295660005	-1
295670006	-2
295680006	-2
295690007	-3
295700007	-3
295710004	-4
295720006	-5
295730006	-5
295740007	-6
295750004	-6
295760004	-7
295770005	-8
295780006	-8
295790007	-9
295800004	-9
295810005	-10
295820007	-10
295830005	-11
295840008	-12
295850005	-12
295860003	-13
295870006	-13
295880004	-14
295890006	-14
295900007	-15
295910005	-15
295920007	-16
295930005	-16
295940004	-17
295950006	-17
295960004	-18
295970006	-18
295980005	-18
295990007	-19
296000005	-19
296010007	-19
296020004	-20
296030006	-20
296040007	-20
296050005	-21
296060003	-21
296070005	-21
296080007	-21
296090005	-21
296100007	-21
296110006	-22
296120008	-22
296130005	-22
296140007	-22
296150004	-22
296160006	-22
296170004	-22
296180006	-22
296190004	-22
296200007	-22
296210005	-22
296220006	-22
296230004	-22
296240006	-22
296250004	-21
296260006	-21
296270003	-21
296280005	-21
296290003	-21
296300005	-20
296310007	-20
296320004	-20
296330006	-19
296340004	-19
296350006	-19
296360004	-18
296370006	-18
296380004	-18
296390006	-17
296400004	-17
296410007	-16
296420005	-16
296430004	-15
296440006	-15
296450003	-14
296460005	-14
296470003	-13
296480005	-13
296490007	-12
296500004	-12
296510007	-11
296520005	-10
296530004	-10
296540007	-9
296550007	-9
296560003	-8
296570005	-8
296580006	-7
296590007	-6
296600007	-6
296610007	-5
296620004	-5
296630004	-4
296640005	-4
296650006	-3
296660006	-3
296670007	-2
296680004	-1
296690005	-1
296700005	0
296710004	0
296720004	1
296730004	1
296740004	2
296750004	2
296760004	2
296770005	3
296780005	3
296790005	4
296800005	4
296810005	4
296820006	5
296830006	5
296840006	5
296850007	6
296860007	6
296870007	6
296880003	6
296890007	6
296900007	7
296910007	7
296920007	7
296930004	7
296940003	7
296950005	7
296960005	7
296970005	7
296980005	7
296990006	7
297000006	7
297010006	7
297020006	7
297030006	7
297040006	7
297050007	7
297060007	7
297070004	6
297080007	6
297090007	6
297100007	6
297110007	6
297120003	5
297130004	5
297140004	5
297150005	4
297160005	4
297170005	4
297180006	3
297190006	3
297200006	2
297210007	2
297220007	2
297230003	1
297240004	0
297250007	0
297260007	0
297270007	-1
297280008	-1
297290004	-2
297300005	-3
297310006	-3
297320006	-4
297330007	-4
297340003	-5
297350004	-5
297360005	-6
297370006	-6
297380007	-7
297390007	-8
297400004	-8
297410005	-9
297420006	-9
297430007	-10
297440005	-11
297450007	-11
297460005	-12
297470007	-12
297480006	-13
297490004	-13
297500006	-14
297510004	-14
297520006	-15
297530004	-15
297540006	-16
297550004	-16
297560006	-17
297570004	-17
297580007	-17
297590005	-18
297600007	-18
297610004	-18
297620007	-19
297630005	-19
297640007	-19
297650004	-20
297660006	-20
297670005	-20
297680007	-21
297690005	-21
297700003	-21
297710006	-21
297720004	-21
297730006	-21
297740008	-21
297750006	-22
297760003	-22
297770005	-22
297780003	-22
297790006	-22
297800008	-22
297810005	-22
297820008	-22
297830005	-22
297840007	-21
297850005	-21
297860007	-21
297870005	-21
297880006	-21
297890004	-21
297900007	-20
297910003	-20
297920006	-20
297930008	-20
297940006	-19
297950004	-19
297960006	-19
297970007	-18
297980005	-18
297990003	-18
298000005	-17
298010003	-17
298020006	-16
298030003	-16
298040005	-15
298050004	-15
298060007	-14
298070004	-14
298080006	-13
298090004	-13
298100006	-12
298110004	-12
298120006	-11
298130004	-11
298140006	-10
298150004	-10
298160006	-9
298170007	-9
298180003	-8
298190005	-7
298200005	-7
298210006	-6
298220007	-6
298230004	-5
298240004	-5
298250005	-4
298260006	-3
298270006	-3
298280007	-2
298290004	-2
298300006	-1
298310003	-1
298320005	0
298330004	0
298340003	1
298350004	1
298360003	2
298370004	2
298380004	2
298390004	3
298400005	3
298410005	3
298420005	4
298430006	4
298440006	5
298450006	5
298460006	5
298470007	5
298480007	6
298490007	6
298500007	6
298510004	6
298520004	6
298530004	6
298540004	7
298550005	7
298560005	7
298570005	7
298580005	7
298590005	7
298600005	7
298610005	7
298620005	7
298630005	7
298640005	7
298650005	7
298660006	7
298670006	6
298680006	6
298690006	6
298700006	6
298710006	6
298720006	5
298730007	5
298740003	5
298750007	5
298760004	4
298770004	4
298780005	3
298790005	3
298800004	3
298810005	2
298820005	2
298830005	1
298840006	1
298850006	1
298860006	0
298870005	0
298880005	-1
298890005	-1
298900006	-2
298910007	-3
298920007	-3
298930004	-4
298940004	-4
298950005	-5
298960006	-5
298970007	-6
298980004	-6
298990005	-7
299000007	-7
299010003	-8
299020005	-9
299030006	-9
299040006	-10
299050004	-10
299060006	-11
299070004	-11
299080007	-12
299090005	-12
299100003	-13
299110006	-13
299120004	-14
299130005	-14
299140007	-15
299150005	-15
299160007	-16
299170005	-16
299180007	-17
299190005	-17
299200007	-17
299210006	-18
299220003	-18
299230006	-18
299240004	-19
299250006	-19
299260004	-19
299270006	-20
299280004	-20
299290007	-20
299300005	-20
299310007	-21
299320005	-21
299330007	-21
299340005	-21
299350007	-21
299360005	-21
299370007	-21
299380006	-21
299390003	-21
299400005	-21
299410004	-21
299420006	-21
299430004	-21
299440006	-21
299450004	-21
299460007	-21
299470004	-21
299480006	-21
299490004	-21
299500006	-20
299510004	-20
299520006	-20
299530004	-20
299540006	-19
299550004	-19
299560006	-19
299570004	-18
299580006	-18
299590004	-18
299600007	-17
299610005	-17
299620007	-17
299630005	-16
299640008	-16
299650006	-15
299660004	-15
299670006	-14
299680004	-14
299690006	-13
299700004	-13
299710007	-12
299720004	-12
299730007	-11
299740005	-11
299750006	-10
299760004	-10
299770007	-9
299780004	-9
299790005	-8
299800006	-7
299810006	-7
299820003	-6
299830004	-6
299840005	-5
299850005	-5
299860006	-4
299870007	-4
299880005	-3
299890005	-3
299900006	-2
299910007	-2
299920007	-1
299930007	-1
299940003	0
299950007	0
299960006	1
299970007	1
299980007	2
299990003	2
300000004	3
300010005	3
300020005	3
300030005	4
300040006	4
300050007	4
300060003	5
300070004	5
300080004	5
300090005	5
300100005	6
300110005	6
300120005	6
300130005	6
300140005	6
300150005	6
300160005	6
300170005	6
300180005	6
300190005	7
300200005	7
300210005	7
300220005	7
300230006	7
300240007	7
300250006	6
300260007	6
300270007	6
300280007	6
300290007	6
300300007	6
300310003	6
300320004	5
300330004	5
300340004	5
300350005	5
300360005	4
300370005	4
300380005	4
300390005	3
300400005	3
300410005	3
300420005	2
300430005	2
300440005	1
300450006	1
300460006	0
300470006	0
300480005	-1
300490007	-1
300500004	-2
300510004	-2
300520005	-3
300530006	-3
300540007	-4
300550007	-4
300560004	-5
300570005	-5
300580006	-6
300590006	-6
300600003	-7
300610004	-7
300620005	-8
300630006	-9
300640007	-9
300650005	-10
300660007	-10
300670005	-11
300680007	-11
300690004	-12
300700006	-12
300710004	-13
300720007	-13
300730005	-14
300740007	-14
300750005	-15
300760007	-15
300770005	-16
300780007	-16
300790005	-16
300800008	-17
300810005	-17
300820003	-18
300830006	-18
300840003	-18
300850006	-19
300860004	-19
300870006	-19
300880004	-19
300890007	-20
300900004	-20
300910006	-20
300920004	-20
300930006	-20
300940004	-21
300950007	-21
300960004	-21
300970006	-21
300980007	-21
300990005	-21
301000007	-21
301010005	-21
301020007	-21
301030005	-21
301040007	-21
301050005	-21
301060007	-21
301070005	-21
301080007	-21
301090005	-20
301100007	-20
301110005	-20
301120007	-20
301130005	-20
301140007	-19
301150005	-19
301160007	-19
301170006	-18
301180007	-18
301190005	-18
301200003	-17
301210005	-17
301220007	-17
301230005	-16
301240007	-16
301250006	-15
301260004	-15
301270006	-15
301280005	-14
301290007	-14
301300005	-13
301310004	-13
301320006	-12
301330004	-12
301340007	-11
301350005	-11
301360004	-10
301370007	-9
301380007	-9
301390004	-8
301400005	-8
301410006	-7
301420003	-7
301430004	-6
301440005	-6
301450006	-5
301460007	-5
301470004	-4
301480005	-4
301490003	-3
301500004	-3
301510005	-2
301520006	-2
301530007	-1
301540007	-1
301550004	0
301560004	0
301570004	1
301580004	1
301590005	2
301600006	2
301610006	2
301620007	3
301630007	3
301640007	3
301650007	4
301660007	4
301670003	4
301680004	5
301690004	5
301700004	5
301710005	5
301720005	5
301730005	6
301740006	6
301750006	6
301760006	6
301770006	6
301780007	6
301790007	6
301800007	6
301810007	6
301820003	6
301830003	6
301840004	6
301850004	6
301860004	6
301870004	6
301880004	6
301890005	6
301900005	6
301910006	5
301920005	5
301930006	5
301940005	5
301950006	4
301960006	4
301970006	4
301980007	3
301990007	3
302000007	3
302010004	3
302020004	2
302030004	2
302040004	1
302050004	1
302060005	0
302070005	0
302080005	0
302090006	-1
302100006	-1
302110007	-2
302120003	-2
302130004	-3
302140005	-3
302150007	-4
302160006	-4
302170007	-5
302180004	-6
302190005	-6
302200006	-7
302210007	-7
302220008	-8
302230005	-8
302240005	-9
302250006	-9
302260004	-10
302270007	-10
302280005	-11
302290007	-11
302300005	-12
302310003	-12
302320006	-13
302330008	-13
302340005	-14
302350007	-14
302360005	-15
302370008	-15
302380005	-16
302390008	-16
302400005	-16
302410004	-17
302420006	-17
302430005	-17
302440007	-18
302450006	-18
302460004	-18
302470007	-19
302480005	-19
302490004	-19
302500006	-19
302510005	-20
302520007	-20
302530005	-20
302540007	-20
302550005	-20
302560003	-20
302570005	-20
302580004	-21
302590006	-21
302600004	-21
302610007	-21
302620004	-21
302630007	-21
302640005	-21
302650007	-21
302660005	-21
302670004	-20
302680006	-20
302690004	-20
302700006	-20
302710005	-20
302720007	-20
302730005	-19
302740003	-19
302750005	-19
302760003	-19
302770006	-18
302780003	-18
302790005	-18
302800004	-17
302810006	-17
302820004	-17
302830006	-16
302840004	-16
302850007	-15
302860004	-15
302870007	-15
302880005	-14
302890007	-14
302900006	-13
302910004	-13
302920007	-12
302930005	-12
302940003	-11
302950006	-11
302960004	-10
302970007	-10
302980005	-9
302990006	-9
303000007	-8
303010004	-7
303020005	-7
303030005	-6
303040006	-6
303050007	-5
303060004	-5
303070005	-4
303080006	-4
303090007	-3
303100003	-3
303110004	-2
303120005	-2
303130005	-1
303140006	-1
303150003	0
303160007	0
303170007	0
303180007	1
303190003	1
303200004	2
303210005	2
303220005	2
303230006	3
303240005	3
303250006	3
303260006	4
303270007	4
303280006	4
303290006	4
303300006	5
303310006	5
303320006	5
303330007	5
303340007	5
303350007	6
303360007	6
303370007	6
303380003	6
303390004	6
303400004	6
303410004	6
303420004	6
303430004	6
303440005	6
303450005	6
303460005	6
303470005	6
303480006	6
303490006	6
303500007	5
303510007	5
303520003	5
303530007	5
303540004	4
303550004	4
303560005	4
303570005	4
303580006	3
303590005	3
303600006	3
303610007	2
303620007	2
303630007	2
303640004	1
303650004	1
303660005	0
303670005	0
303680005	-1
303690007	-1
303700003	-1
303710005	-2
303720006	-3
303730006	-3
303740003	-3
303750004	-4
303760005	-4
303770006	-5
303780007	-6
303790004	-6
303800005	-7
303810007	-7
303820004	-8
303830005	-8
303840006	-9
303850007	-9
303860004	-10
303870007	-10
303880005	-11
303890007	-11
303900005	-12
303910008	-12
303920006	-13
303930004	-13
303940007	-14
303950005	-14
303960007	-15
303970005	-15
303980007	-15
303990005	-16
304000007	-16
304010005	-16
304020007	-17
304030005	-17
304040007	-18
304050005	-18
304060003	-18
304070006	-18
304080005	-19
304090003	-19
304100005	-19
304110004	-19
304120006	-19
304130004	-20
304140006	-20
304150004	-20
304160007	-20
304170005	-20
304180007	-20
304190005	-20
304200003	-20
304210006	-20
304220003	-20
304230005	-20
304240003	-20
304250006	-20
304260004	-20
304270006	-20
304280005	-20
304290004	-20
304300007	-20
304310005	-19
304320007	-19
304330005	-19
304340007	-19
304350005	-19
304360004	-18
304370007	-18
304380004	-18
304390006	-17
304400005	-17
304410007	-17
304420005	-16
304430004	-16
304440007	-16
304450005	-15
304460003	-15
304470007	-14
304480005	-14
304490003	-13
304500006	-13
304510004	-12
304520006	-12
304530004	-12
304540006	-11
304550005	-11
304560007	-10
304570005	-10
304580003	-9
304590005	-9
304600005	-8
304610007	-7
304620008	-7
304630005	-6
304640005	-6
304650007	-5
304660007	-5
304670005	-4
304680006	-4
304690007	-3
304700007	-3
304710004	-2
304720005	-2
304730006	-1
304740006	-1
304750007	-1
304760005	0
304770004	0
304780004	1
304790004	1
304800004	1
304810005	2
304820005	2
304830007	3
304840007	3
304850007	3
304860007	3
304870004	4
304880004	4
304890004	4
304900004	4
304910004	5
304920004	5
304930005	5
304940005	5
304950005	5
304960005	5
304970006	5
304980007	6
304990007	6
305000007	6
305010003	6
305020008	6
305030004	6
305040004	6
305050004	6
305060005	6
305070005	5
305080005	5
305090006	5
305100005	5
305110006	5
305120006	5
305130007	4
305140003	4
305150004	4
305160004	4
305170005	3
305180005	3
305190006	3
305200007	2
305210007	2
305220007	2
305230003	1
305240007	1
305250004	0
305260004	0
305270007	0
305280007	-1
305290004	-1
305300005	-2
305310007	-2
305320008	-3
305330004	-3
305340005	-4
305350006	-4
305360007	-5
305370004	-5
305380006	-6
305390007	-6
305400004	-7
305410004	-7
305420005	-8
305430006	-8
305440007	-9
305450004	-9
305460005	-10
305470007	-10
305480005	-11
305490007	-11
305500005	-12
305510004	-12
305520006	-13
305530004	-13
305540006	-14
305550003	-14
305560006	-14
305570005	-15
305580007	-15
305590005	-16
305600004	-16
305610006	-16
305620004	-17
305630006	-17
305640005	-17
305650007	-18
305660005	-18
305670004	-18
305680006	-18
305690005	-19
305700007	-19
305710005	-19
305720003	-19
305730006	-19
305740004	-20
305750006	-20
305760004	-20
305770007	-20
305780005	-20
305790008	-20
305800005	-20
305810004	-20
305820006	-20
305830004	-20
305840006	-20
305850005	-20
305860004	-20
305870007	-20
305880005	-20
305890003	-19
305900006	-19
305910004	-19
305920007	-19
305930005	-19
305940004	-18
305950007	-18
305960005	-18
305970008	-18
305980005	-17
305990008	-17
306000006	-17
306010004	-16
306020006	-16
306030003	-16
306040006	-15
306050004	-15
306060007	-14
306070005	-14
306080007	-14
306090007	-13
306100005	-13
306110004	-12
306120007	-12
306130005	-11
306140007	-11
306150006	-10
306160003	-10
306170006	-9
306180008	-9
306190005	-8
306200006	-8
306210003	-7
306220004	-7
306230005	-6
306240006	-6
306250004	-5
306260005	-5
306270005	-4
306280006	-4
306290007	-3
306300004	-3
306310005	-2
306320006	-2
306330007	-1
306340003	-1
306350004	-1
306360005	0
306370004	0
306380004	1
306390004	1
306400005	1
306410005	2
306420006	2
306430006	2
306440006	3
306450006	3
306460007	3
306470007	3
306480007	4
306490003	4
306500007	4
306510004	4
306520005	5
306530005	5
306540005	5
306550006	5
306560006	5
306570006	5
306580006	5
306590007	5
306600007	5
306610007	5
306620007	5
306630003	5
306640003	5
306650004	5
306660004	5
306670005	5
306680005	5
306690006	5
306700007	5
306710007	4
306720003	4
306730008	4
306740004	4
306750004	3
306760005	3
306770005	3
306780006	3
306790006	2
306800006	2
306810006	2
306820006	1
306830007	1
306840007	0
306850006	0
306860006	0
306870007	-1
306880007	-1
306890004	-2
306900005	-2
306910006	-3
306920006	-3
306930004	-4
306940005	-4
306950007	-5
306960004	-5
306970005	-6
306980005	-6
306990007	-7
307000004	-7
307010006	-8
307020007	-8
307030004	-9
307040005	-9
307050007	-10
307060005	-10
307070007	-11
307080005	-11
307090007	-12
307100005	-12
307110003	-12
307120006	-13
307130004	-13
307140007	-14
307150005	-14
307160008	-15
307170005	-15
307180007	-15
307190006	-16
307200004	-16
307210006	-16
307220004	-17
307230006	-17
307240005	-17
307250003	-18
307260005	-18
307270004	-18
307280006	-18
307290003	-18
307300006	-19
307310004	-19
307320007	-19
307330005	-19
307340007	-19
307350005	-19
307360004	-19
307370006	-20
307380004	-20
307390007	-20
307400004	-20
307410006	-20
307420005	-20
307430008	-20
307440005	-20
307450004	-20
307460006	-19
307470003	-19
307480006	-19
307490004	-19
307500006	-19
307510003	-19
307520006	-18
307530004	-18
307540007	-18
307550004	-18
307560007	-18
307570005	-17
307580007	-17
307590005	-17
307600004	-16
307610007	-16
307620005	-16
307630004	-15
307640006	-15
307650005	-14
307660003	-14
307670006	-13
307680004	-13
307690006	-13
307700004	-12
307710006	-12
307720004	-11
307730007	-11
307740006	-10
307750004	-10
307760007	-9
307770003	-9
307780005	-8
307790007	-8
307800004	-7
307810005	-7
307820006	-6
307830007	-6
307840004	-5
307850005	-5
307860007	-4
307870003	-4
307880005	-3
307890006	-3
307900007	-3
307910004	-2
307920006	-2
307930007	-1
307940007	-1
307950004	0
307960004	0
307970004	0
307980004	1
307990004	1
308000005	1
308010005	2
308020005	2
308030005	2
308040006	3
308050006	3
308060006	3
308070006	3
308080007	4
308090003	4
308100004	4
308110004	4
308120005	4
308130005	5
308140005	5
308150006	5
308160007	5
308170007	5
308180007	5
308190007	5
308200008	5
308210004	5
308220004	5
308230004	5
308240005	5
308250006	5
308260006	5
308270007	5
308280007	4
308290007	4
308300008	4
308310007	4
308320003	4
308330005	3
308340005	3
308350005	3
308360005	3
308370006	2
308380006	2
308390007	2
308400004	1
308410004	1
308420004	1
308430005	0
308440005	0
308450005	-1
308460006	-1
308470007	-1
308480007	-2
308490004	-2
308500005	-3
308510007	-3
308520004	-4
308530005	-4
308540007	-5
308550007	-5
308560004	-6
308570005	-6
308580007	-7
308590003	-7
308600004	-8
308610005	-8
308620006	-9
308630004	-9
308640005	-9
308650007	-10
308660005	-10
308670004	-11
308680006	-11
308690005	-12
308700004	-12
308710007	-13
308720005	-13
308730007	-14
308740005	-14
308750004	-14
308760006	-15
308770005	-15
308780007	-15
308790005	-16
308800007	-16
308810006	-16
308820005	-17
308830004	-17
308840006	-17
308850005	-18
308860007	-18
308870005	-18
308880007	-18
308890005	-18
308900003	-19
308910006	-19
308920004	-19
308930006	-19
308940005	-19
308950007	-19
308960005	-19
308970007	-19
308980005	-19
308990007	-19
309000005	-19
309010007	-19
309020005	-19
309030007	-19
309040005	-19
309050004	-19
309060006	-19
309070004	-19
309080007	-19
309090004	-19
309100007	-18
309110005	-18
309120004	-18
309130006	-18
309140005	-17
309150007	-17
309160005	-17
309170007	-17
309180005	-16
309190004	-16
309200006	-16
309210005	-15
309220007	-15
309230005	-15
309240007	-14
309250006	-14
309260004	-13
309270005	-13
309280004	-12
309290006	-12
309300004	-12
309310007	-11
309320004	-11
309330007	-10
309340005	-10
309350004	-9
309360005	-9
309370007	-8
309380004	-8
309390006	-7
309400006	-7
309410003	-6
309420004	-6
309430007	-5
309440008	-5
309450004	-4
309460005	-4
309470006	-3
309480006	-3
309490007	-3
309500004	-2
309510006	-2
309520007	-1
309530008	-1
309540004	0
309550003	0
309560007	0
309570007	1
309580007	1
309590003	1
309600008	2
309610004	2
309620003	2
309630005	3
309640006	3
309650006	3
309660006	3
309670006	3
309680006	4
309690007	4
309700007	4
309710007	4
309720007	4
309730007	4
309740007	4
309750008	5
309760007	5
309770008	5
309780003	5
309790004	5
309800004	5
309810004	5
309820004	5
309830005	5
309840005	5
309850005	4
309860005	4
309870005	4
309880006	4
309890006	4
309900007	3
309910007	3
309920007	3
309930007	3
309940007	3
309950004	2
309960005	2
309970005	2
309980006	1
309990007	1
310000003	1
310010004	0
310020004	0
310030004	0
310040003	-1
310050004	-1
310060006	-2
310070006	-2
310080003	-3
310090004	-3
310100005	-3
310110006	-4
310120007	-4
310130004	-5
310140004	-5
310150005	-6
310160007	-6
310170003	-7
310180004	-7
310190005	-8
310200006	-8
310210007	-9
310220004	-9
310230005	-10
310240003	-10
310250006	-10
310260005	-11
310270006	-11
310280005	-12
310290004	-12
310300007	-13
310310005	-13
310320007	-13
310330006	-14
310340004	-14
310350006	-15
310360004	-15
310370006	-15
310380004	-16
310390006	-16
310400005	-16
310410004	-17
310420005	-17
310430004	-17
310440006	-17
310450005	-18
310460004	-18
310470006	-18
310480004	-18
310490006	-18
310500004	-18
310510006	-19
310520003	-19
310530006	-19
310540007	-19
310550006	-19
310560003	-19
310570006	-19
310580005	-19
310590003	-19
310600006	-19
310610007	-19
310620005	-19
310630006	-19
310640004	-19
310650007	-19
310660005	-19
310670007	-18
310680005	-18
310690007	-18
310700005	-18
310710004	-18
310720007	-17
310730004	-17
310740007	-17
310750005	-17
310760004	-16
310770007	-16
310780005	-16
310790004	-15
310800006	-15
310810004	-15
310820006	-14
310830004	-14
310840003	-13
310850006	-13
310860004	-13
310870007	-12
310880005	-12
310890007	-11
310900004	-11
310910007	-10
310920005	-10
310930004	-9
310940005	-9
310950006	-9
310960005	-8
310970005	-8
310980007	-7
310990004	-7
311000005	-6
311010007	-6
311020004	-5
311030006	-5
311040007	-4
311050007	-4
311060008	-3
311070004	-3
311080005	-3
311090007	-2
311100007	-2
311110005	-1
311120006	-1
311130006	0
311140006	0
311150006	0
311160005	1
311170006	1
311180006	1
311190007	2
311200007	2
311210007	2
311220007	2
311230004	3
311240004	3
311250005	3
311260006	3
311270003	3
311280005	4
311290005	4
311300006	4
311310006	4
311320006	4
311330007	4
311340007	4
311350007	4
311360007	4
311370008	4
311380004	4
311390004	4
311400004	4
311410004	4
311420004	4
311430005	4
311440006	4
311450003	4
311460004	4
311470004	3
311480005	3
311490005	3
311500005	3
311510005	3
311520006	2
311530005	2
311540006	2
311550007	2
311560007	1
311570007	1
311580007	1
311590003	0
311600007	0
311610006	0
311620007	-1
311630004	-1
311640005	-2
311650005	-2
311660006	-3
311670007	-3
311680003	-3
311690004	-4
311700005	-4
311710007	-5
311720007	-5
311730004	-6
311740005	-6
311750006	-7
311760007	-7
311770004	-7
311780006	-8
311790007	-8
311800003	-9
311810005	-9
311820005	-10
311830004	-10
311840006	-11
311850005	-11
311860004	-12
311870006	-12
311880004	-12
311890007	-13
311900006	-13
311910004	-14
311920006	-14
311930005	-14
311940006	-15
311950004	-15
311960006	-15
311970005	-16
311980007	-16
311990006	-16
312000004	-17
312010007	-17
312020005	-17
312030007	-17
312040006	-18
312050005	-18
312060006	-18
312070004	-18
312080007	-18
312090005	-18
312100007	-18
312110005	-18
312120004	-19
312130007	-19
312140005	-19
312150008	-19
312160006	-19
312170003	-19
312180006	-19
312190004	-19
312200006	-19
312210005	-19
312220007	-19
312230005	-18
312240004	-18
312250006	-18
312260005	-18
312270007	-18
312280005	-18
312290004	-17
312300006	-17
312310005	-17
312320007	-17
312330005	-16
312340007	-16
312350004	-16
312360007	-15
312370005	-15
312380007	-15
312390006	-14
312400004	-14
312410006	-14
312420005	-13
312430004	-13
312440006	-12
312450004	-12
312460006	-12
312470004	-11
312480006	-11
312490004	-10
312500006	-10
312510004	-9
312520006	-9
312530007	-9
312540004	-8
312550006	-8
312560007	-7
312570007	-7
312580004	-6
312590005	-6
312600007	-5
312610004	-5
312620005	-4
312630007	-4
312640007	-4
312650003	-3
312660004	-3
312670006	-2
312680006	-2
312690003	-1
312700004	-1
312710005	-1
312720007	0
312730007	0
312740006	0
312750006	1
312760005	1
312770006	1
312780006	2
312790003	2
312800003	2
312810004	2
312820005	3
312830005	3
312840006	3
312850006	3
312860006	3
312870007	3
312880007	4
312890003	4
312900007	4
312910004	4
312920004	4
312930004	4
312940004	4
312950005	4
312960006	4
312970007	4
312980006	4
312990006	4
313000007	4
313010007	4
313020003	4
313030003	4
313040004	3
313050004	3
313060004	3
313070004	3
313080004	3
313090005	2
313100005	2
313110005	2
313120006	2
313130006	1
313140006	1
313150006	1
313160007	0
313170006	0
313180006	0
313190005	-1
313200006	-1
313210006	-1
313220007	-2
313230004	-2
313240005	-3
313250006	-3
313260007	-3
313270005	-4
313280006	-4
313290008	-5
313300004	-5
313310005	-6
313320006	-6
313330004	-7
313340005	-7
313350006	-7
313360008	-8
313370004	-8
313380006	-9
313390003	-9
313400005	-10
313410007	-10
313420005	-11
313430004	-11
313440006	-11
313450003	-12
313460006	-12
313470004	-13
313480007	-13
313490005	-13
313500008	-14
313510006	-14
313520005	-15
313530004	-15
313540007	-15
313550005	-15
313560007	-16
313570005	-16
313580003	-16
313590006	-17
313600003	-17
313610005	-17
313620007	-17
313630005	-17
313640003	-18
313650005	-18
313660007	-18
313670005	-18
313680007	-18
313690005	-18
313700004	-18
313710007	-18
313720005	-18
313730007	-18
313740005	-18
313750007	-18
313760005	-18
313770007	-18
313780005	-18
313790004	-18
313800006	-18
313810004	-18
313820006	-18
313830005	-18
313840007	-18
313850005	-18
313860003	-17
313870006	-17
313880007	-17
313890005	-17
313900004	-16
313910006	-16
313920004	-16
313930006	-16
313940004	-15
313950006	-15
313960005	-15
313970007	-14
313980005	-14
313990008	-13
314000006	-13
314010004	-13
314020007	-12
314030005	-12
314040007	-12
314050005	-11
314060007	-11
314070006	-10
314080004	-10
314090007	-9
314100007	-9
314110004	-9
314120005	-8
314130006	-8
314140007	-7
314150004	-7
314160005	-6
314170006	-6
314180003	-5
314190005	-5
314200007	-4
314210003	-4
314220004	-4
314230006	-3
314240006	-3
314250006	-2
314260003	-2
314270004	-2
314280005	-1
314290006	-1
314300007	0
314310006	0
314320006	0
314330006	0
314340005	1
314350005	1
314360006	1
314370006	2
314380006	2
314390007	2
314400007	2
314410003	3
314420004	3
314430004	3
314440004	3
314450004	3
314460004	3
314470004	3
314480004	3
314490004	3
314500005	4
314510006	4
314520006	4
314530006	4
314540005	4
314550006	4
314560006	4
314570006	4
314580006	4
314590007	3
314600003	3
314610004	3
314620004	3
314630005	3
314640005	3
314650006	3
314660007	2
314670007	2
314680007	2
314690004	2
314700004	1
314710005	1
314720005	1
314730006	0
314740005	0
314750005	0
314760004	0
314770004	-1
314780004	-1
314790005	-2
314800006	-2
314810006	-2
314820007	-3
314830004	-3
314840005	-4
314850006	-4
314860006	-4
314870004	-5
314880006	-5
314890006	-6
314900007	-6
314910004	-7
314920005	-7
314930006	-8
314940007	-8
314950004	-8
314960006	-9
314970006	-9
314980004	-10
314990006	-10
315000004	-11
315010007	-11
315020005	-11
315030003	-12
315040006	-12
315050005	-13
315060007	-13
315070005	-13
315080007	-14
315090005	-14
315100007	-14
315110005	-15
315120007	-15
315130005	-15
315140007	-16
315150004	-16
315160006	-16
315170004	-16
315180006	-17
315190008	-17
315200005	-17
315210007	-17
315220004	-17
315230006	-18
315240007	-18
315250005	-18
315260006	-18
315270004	-18
315280005	-18
315290007	-18
315300005	-18
315310004	-18
315320006	-18
315330004	-18
315340006	-18
315350004	-18
315360006	-18
315370004	-18
315380007	-18
315390005	-18
315400007	-18
315410005	-18
315420003	-17
315430006	-17
315440004	-17
315450006	-17
315460004	-17
315470006	-16
315480004	-16
315490006	-16
315500004	-15
315510006	-15
315520004	-15
315530006	-15
315540004	-14
315550006	-14
315560004	-14
315570007	-13
315580005	-13
315590008	-12
315600005	-12
315610003	-12
315620007	-11
315630005	-11
315640007	-10
315650005	-10
315660007	-10
315670005	-9
315680006	-9
315690007	-8
315700003	-8
315710005	-7
315720005	-7
315730007	-6
315740007	-6
315750004	-6
315760005	-5
315770006	-5
315780007	-4
315790004	-4
315800005	-4
315810006	-3
315820007	-3
315830004	-2
315840004	-2
315850005	-2
315860005	-1
315870007	-1
315880007	-1
315890003	0
315900007	0
315910007	0
315920007	1
315930007	1
315940007	1
315950007	1
315960007	2
315970003	2
315980003	2
315990004	2
316000004	3
316010005	3
316020004	3
316030005	3
316040005	3
316050005	3
316060005	3
316070006	3
316080006	3
316090006	3
316100006	3
316110007	3
316120007	3
316130007	3
316140007	3
316150003	3
316160003	3
316170004	3
316180004	3
316190005	3
316200005	3
316210005	3
316220005	2
316230005	2
316240005	2
316250006	2
316260006	2
316270006	1
316280007	1
316290007	1
316300008	0
316310007	0
316320006	0
316330005	-1
316340006	-1
316350007	-1
316360003	-2
316370004	-2
316380005	-2
316390006	-3
316400007	-3
316410004	-4
316420005	-4
316430005	-4
316440006	-5
316450004	-5
316460005	-6
316470006	-6
316480007	-6
316490004	-7
316500005	-7
316510006	-8
316520003	-8
316530005	-9
316540006	-9
316550007	-9
316560004	-10
316570006	-10
316580004	-11
316590007	-11
316600005	-12
316610003	-12
316620005	-12
316630004	-13
316640006	-13
316650005	-13
316660006	-14
316670004	-14
316680006	-14
316690004	-15
316700006	-15
316710005	-15
316720004	-16
316730006	-16
316740004	-16
316750007	-16
316760004	-16
316770007	-17
316780005	-17
316790007	-17
316800005	-17
316810008	-17
316820006	-17
316830004	-18
316840006	-18
316850005	-18
316860007	-18
316870005	-18
316880007	-18
316890005	-18
316900007	-18
316910005	-18
316920004	-18
316930006	-18
316940004	-18
316950006	-18
316960003	-18
316970007	-17
316980007	-17
316990005	-17
317000007	-17
317010005	-17
317020006	-17
317030009	-16
317040007	-16
317050008	-16
317060009	-16
317070007	-15
317080009	-15
317090007	-15
317100009	-15
317110009	-14
317120007	-14
317130009	-13
317140010	-13
317150011	-13
317160007	-12
317170008	-12
317180008	-12
317190010	-11
317200011	-11
317210011	-10
317220011	-10
317230008	-10
317240011	-9
317250008	-9
317260008	-8
317270009	-8
317280009	-8
317290011	-7
317300007	-7
317310008	-6
317320008	-6
317330009	-5
317340010	-5
317350011	-5
317360011	-4
317370004	-4
317380009	-3
317390010	-3
317400011	-3
317410004	-2
317420005	-2
317430005	-2
317440011	-1
317450011	-1
317460004	0
317470004	0
317480007	0
317490007	0
317500007	1
317510007	1
317520008	1
317530004	1
317540005	2
317550005	2
317560006	2
317570005	2
317580006	2
317590006	3
317600006	3
317610007	3
317620007	3
317630007	3
317640007	3
317650004	3
317660004	3
317670005	3
317680005	3
317690005	3
317700006	3
317710006	3
317720006	3
317730006	3
317740007	3
317750007	3
317760007	3
317770008	3
317780004	2
317790004	2
317800004	2
317810005	2
317820005	2
317830006	1
317840007	1
317850008	1
317860004	0
317870004	0
317880007	0
317890007	0
317900007	-1
317910007	-1
317920003	-1
317930005	-2
317940006	-2
317950007	-2
317960007	-3
317970004	-3
317980005	-4
317990007	-4
318000003	-4
318010004	-5
318020005	-5
318030006	-6
318040006	-6
318050003	-6
318060005	-7
318070006	-7
318080007	-8
318090004	-8
318100004	-9
318110006	-9
318120007	-9
318130004	-10
318140006	-10
318150004	-11
318160006	-11
318170004	-11
318180007	-12
318190004	-12
318200007	-12
318210005	-13
318220007	-13
318230004	-13
318240006	-14
318250004	-14
318260006	-14
318270004	-15
318280007	-15
318290004	-15
318300006	-15
318310004	-16
318320006	-16
318330004	-16
318340006	-16
318350004	-17
318360007	-17
318370004	-17
318380006	-17
318390004	-17
318400007	-17
318410004	-17
318420007	-17
318430005	-17
318440004	-17
318450007	-18
318460005	-18
318470007	-18
318480005	-18
318490003	-18
318500006	-18
318510005	-17
318520007	-17
318530005	-17
318540004	-17
318550007	-17
318560005	-17
318570008	-17
318580006	-17
318590003	-16
318600006	-16
318610004	-16
318620007	-16
318630005	-15
318640003	-15
318650006	-15
318660005	-15
318670007	-14
318680005	-14
318690007	-14
318700006	-13
318710004	-13
318720007	-13
318730005	-12
318740007	-12
318750005	-12
318760004	-11
318770007	-11
318780005	-10
318790007	-10
318800005	-10
318810004	-9
318820004	-9
318830005	-8
318840007	-8
318850004	-8
318860006	-7
318870007	-7
318880003	-6
318890004	-6
318900005	-6
318910007	-5
318920003	-5
318930004	-4
318940005	-4
318950007	-4
318960003	-3
318970005	-3
318980005	-2
318990007	-2
319000003	-2
319010004	-1
319020005	-1
319030006	-1
319040007	0
319050006	0
319060006	0
319070006	0
319080006	1
319090007	1
319100007	1
319110007	1
319120004	2
319130005	2
319140005	2
319150005	2
319160006	2
319170007	2
319180007	2
319190007	3
319200004	3
319210004	3
319220004	3
319230004	3
319240004	3
319250004	3
319260004	3
319270005	3
319280005	3
319290005	3
319300005	3
319310005	3
319320006	3
319330007	2
319340006	2
319350006	2
319360007	2
319370007	2
319380007	2
319390003	1
319400003	1
319410003	1
319420004	1
319430004	0
319440004	0
319450004	0
319460004	-1
319470005	-1
319480005	-1
319490006	-2
319500008	-2
319510004	-2
319520005	-3
319530005	-3
319540006	-3
319550007	-4
319560007	-4
319570004	-4
319580005	-5
319590005	-5
319600005	-6
319610006	-6
319620007	-6
319630003	-7
319640004	-7
319650005	-8
319660006	-8
319670008	-9
319680004	-9
319690005	-9
319700006	-10
319710005	-10
319720007	-10
319730005	-11
319740007	-11
319750005	-12
319760007	-12
319770005	-12
319780004	-13
319790007	-13
319800005	-13
319810003	-14
319820006	-14
319830004	-14
319840006	-15
319850004	-15
319860007	-15
319870004	-15
319880007	-16
319890005	-16
319900007	-16
319910005	-16
319920007	-16
319930005	-16
319940003	-17
319950006	-17
319960004	-17
319970006	-17
319980004	-17
319990006	-17
320000004	-17
320010007	-17
320020005	-17
320030003	-17
320040006	-17
320050003	-17
320060005	-17
320070004	-17
320080006	-17
320090004	-17
320100006	-17
320110004	-17
320120006	-17
320130005	-17
320140006	-16
320150004	-16
320160006	-16
320170004	-16
320180006	-16
320190004	-15
320200006	-15
320210005	-15
320220006	-15
320230005	-14
320240006	-14
320250005	-14
320260007	-13
320270005	-13
320280007	-13
320290006	-12
320300003	-12
320310006	-12
320320003	-11
320330006	-11
320340007	-11
320350005	-10
320360007	-10
320370005	-9
320380007	-9
320390004	-9
320400004	-8
320410005	-8
320420006	-7
320430006	-7
320440007	-7
320450004	-6
320460005	-6
320470007	-5
320480007	-5
320490004	-5
320500005	-4
320510007	-4
320520004	-4
320530005	-3
320540006	-3
320550007	-3
320560004	-2
320570005	-2
320580005	-1
320590006	-1
320600006	-1
320610007	-1
320620007	0
320630007	0
320640006	0
320650006	0
320660005	1
320670006	1
320680006	1
320690006	1
320700007	2
320710007	2
320720004	2
320730008	2
320740003	2
320750004	2
320760007	2
320770007	2
320780007	2
320790007	2
320800007	2
320810003	2
320820004	2
320830004	2
320840004	2
320850005	2
320860004	2
320870004	2
320880003	2
320890004	2
320900004	2
320910005	2
320920005	2
320930005	2
320940006	1
320950006	1
320960006	1
320970006	1
320980006	0
320990006	0
321000005	0
321010005	0
321020005	-1
321030005	-1
321040006	-1
321050007	-2
321060004	-2
321070005	-2
321080005	-3
321090006	-3
321100007	-3
321110004	-4
321120005	-4
321130006	-4
321140003	-5
321150004	-5
321160005	-6
321170006	-6
321180006	-6
321190003	-7
321200004	-7
321210005	-7
321220006	-8
321230003	-8
321240004	-9
321250005	-9
321260006	-9
321270007	-10
321280005	-10
321290008	-11
321300005	-11
321310004	-11
321320007	-12
321330006	-12
321340003	-12
321350006	-13
321360004	-13
321370006	-13
321380004	-14
321390007	-14
321400005	-14
321410007	-14
321420005	-15
321430004	-15
321440007	-15
321450004	-15
321460007	-16
321470005	-16
321480007	-16
321490005	-16
321500007	-16
321510005	-16
321520003	-16
321530006	-17
321540004	-17
321550006	-17
321560004	-17
321570006	-17
321580004	-17
321590007	-17
321600005	-17
321610004	-17
321620007	-17
321630005	-17
321640007	-17
321650005	-17
321660007	-17
321670005	-17
321680004	-16
321690006	-16
321700004	-16
321710006	-16
321720004	-16
321730007	-16
321740005	-15
321750007	-15
321760005	-15
321770007	-15
321780005	-15
321790004	-14
321800006	-14
321810004	-14
321820007	-13
321830005	-13
321840007	-13
321850005	-12
321860003	-12
321870005	-12
321880005	-11
321890007	-11
321900005	-11
321910004	-10
321920007	-10
321930005	-10
321940003	-9
321950004	-9
321960005	-8
321970006	-8
321980004	-8
321990006	-7
322000006	-7
322010008	-6
322020004	-6
322030005	-6
322040006	-5
322050007	-5
322060004	-5
322070005	-4
322080005	-4
322090007	-3
322100004	-3
322110005	-3
322120007	-2
322130008	-2
322140004	-2
322150005	-1
322160006	-1
322170007	-1
322180004	-1
322190006	0
322200005	0
322210005	0
322220004	0
322230004	1
322240007	1
322250007	1
322260003	1
322270004	1
322280004	1
322290003	2
322300003	2
322310007	2
322320006	2
322330007	2
322340007	2
322350007	2
322360007	2
322370007	2
322380003	2
322390004	2
322400003	2
322410004	2
322420004	2
322430004	2
322440004	2
322450004	2
322460005	2
322470005	2
322480005	2
322490006	1
322500006	1
322510006	1
322520006	1
322530007	1
322540007	0
322550006	0
322560005	0
322570005	0
322580005	-1
322590006	-1
322600006	-1
322610003	-2
322620004	-2
322630005	-2
322640006	-3
322650008	-3
322660004	-3
322670005	-4
322680006	-4
322690007	-4
322700003	-5
322710005	-5
322720005	-5
322730006	-6
322740006	-6
322750007	-7
322760004	-7
322770005	-7
322780006	-8
322790007	-8
322800004	-9
322810006	-9
322820006	-9
322830006	-10
322840005	-10
322850007	-10
322860005	-11
322870007	-11
322880006	-11
322890004	-12
322900007	-12
322910005	-12
322920007	-13
322930005	-13
322940007	-13
322950005	-14
322960004	-14
322970005	-14
322980007	-14
322990006	-15
323000004	-15
323010006	-15
323020004	-15
323030006	-15
323040005	-16
323050007	-16
323060005	-16
323070003	-16
323080005	-16
323090007	-16
323100005	-16
323110007	-16
323120005	-16
323130008	-16
323140006	-17
323150004	-17
323160006	-17
323170004	-17
323180006	-17
323190007	-17
323200005	-17
323210007	-17
323220005	-16
323230007	-16
323240005	-16
323250008	-16
323260005	-16
323270003	-16
323280006	-16
323290004	-15
323300006	-15
323310004	-15
323320006	-15
323330004	-15
323340006	-14
323350003	-14
323360005	-14
323370003	-14
323380006	-13
323390007	-13
323400005	-13
323410003	-12
323420006	-12
323430003	-12
323440006	-11
323450005	-11
323460007	-11
323470005	-10
323480003	-10
323490006	-10
323500008	-9
323510004	-9
323520006	-8
323530006	-8
323540007	-8
323550004	-7
323560005	-7
323570005	-7
323580006	-6
323590007	-6
323600007	-5
323610007	-5
323620004	-5
323630005	-4
323640007	-4
323650003	-4
323660004	-3
323670005	-3
323680005	-3
323690005	-2
323700006	-2
323710007	-2
323720004	-1
323730004	-1
323740004	-1
323750005	-1
323760006	0
323770005	0
323780005	0
323790005	0
323800004	0
323810003	1
323820003	1
323830004	1
323840004	1
323850004	1
323860005	1
323870005	2
323880005	2
323890006	2
323900006	2
323910007	2
323920007	2
323930004	2
323940004	2
323950005	2
323960005	2
323970005	2
323980005	2
323990005	2
324000006	2
324010007	2
324020007	2
324030003	1
324040003	1
324050007	1
324060004	1
324070004	1
324080004	0
324090004	0
324100003	0
324110007	0
324120006	0
324130006	-1
324140007	-1
324150004	-1
324160004	-1
324170005	-2
324180006	-2
324190007	-2
324200003	-3
324210004	-3
324220005	-3
324230007	-4
324240007	-4
324250007	-4
324260004	-5
324270006	-5
324280007	-5
324290003	-6
324300005	-6
324310006	-7
324320006	-7
324330007	-7
324340004	-8
324350005	-8
324360006	-8
324370003	-9
324380004	-9
324390005	-9
324400006	-10
324410003	-10
324420005	-11
324430004	-11
324440006	-11
324450004	-12
324460007	-12
324470005	-12
324480007	-12
324490005	-13
324500004	-13
324510006	-13
324520005	-14
324530007	-14
324540005	-14
324550003	-14
324560006	-15
324570003	-15
324580005	-15
324590003	-15
324600006	-15
324610003	-15
324620006	-16
324630004	-16
324640006	-16
324650005	-16
324660006	-16
324670004	-16
324680007	-16
324690005	-16
324700004	-16
324710006	-16
324720003	-16
324730006	-16
324740005	-16
324750004	-16
324760006	-16
324770004	-16
324780006	-16
324790005	-16
324800004	-16
324810005	-16
324820004	-16
324830006	-16
324840005	-15
324850007	-15
324860005	-15
324870007	-15
324880005	-15
324890008	-14
324900006	-14
324910008	-14
324920006	-14
324930004	-13
324940007	-13
324950005	-13
324960007	-12
324970005	-12
324980007	-12
324990005	-12
325000004	-11
325010006	-11
325020005	-11
325030003	-10
325040005	-10
325050005	-9
325060004	-9
325070005	-9
325080007	-8
325090004	-8
325100005	-8
325110007	-7
325120007	-7
325130004	-7
325140005	-6
325150006	-6
325160007	-6
325170004	-5
325180005	-5
325190007	-4
325200007	-4
325210005	-4
325220006	-3
325230007	-3
325240004	-3
325250005	-3
325260005	-2
325270007	-2
325280007	-2
325290004	-1
325300005	-1
325310005	-1
325320006	-1
325330007	0
325340006	0
325350006	0
325360005	0
325370005	0
325380004	1
325390005	1
325400005	1
325410006	1
325420007	1
325430007	1
325440007	1
325450004	1
325460004	1
325470004	1
325480005	2
325490006	2
325500006	2
325510006	2
325520006	2
325530006	2
325540006	2
325550007	2
325560006	1
325570007	1
325580008	1
325590007	1
325600003	1
325610004	1
325620004	1
325630004	0
325640004	0
325650007	0
325660007	0
325670006	0
325680006	-1
325690006	-1
325700006	-1
325710003	-1
325720004	-2
325730004	-2
325740005	-2
325750006	-3
325760007	-3
325770003	-3
325780004	-4
325790005	-4
325800006	-4
325810007	-4
325820004	-5
325830004	-5
325840005	-6
325850006	-6
325860007	-6
325870004	-7
325880005	-7
325890006	-7
325900008	-8
325910005	-8
325920007	-8
325930004	-9
325940006	-9
325950007	-9
325960007	-10
325970005	-10
325980004	-10
325990006	-11
326000005	-11
326010007	-11
326020006	-12
326030004	-12
326040007	-12
326050006	-13
326060004	-13
326070006	-13
326080004	-13
326090007	-14
326100005	-14
326110004	-14
326120007	-14
326130005	-15
326140006	-15
326150005	-15
326160007	-15
326170005	-15
326180004	-15
326190006	-15
326200007	-16
326210005	-16
326220007	-16
326230005	-16
326240007	-16
326250005	-16
326260007	-16
326270005	-16
326280007	-16
326290004	-16
326300007	-16
326310006	-16
326320003	-16
326330006	-16
326340004	-16
326350007	-16
326360005	-16
326370007	-15
326380005	-15
326390007	-15
326400005	-15
326410007	-15
326420005	-15
326430007	-15
326440005	-14
326450007	-14
326460005	-14
326470004	-14
326480006	-13
326490004	-13
326500007	-13
326510005	-12
326520007	-12
326530007	-12
326540005	-12
326550004	-11
326560006	-11
326570004	-11
326580007	-10
326590006	-10
326600004	-10
326610007	-9
326620004	-9
326630005	-9
326640007	-8
326650004	-8
326660005	-8
326670007	-7
326680004	-7
326690005	-6
326700006	-6
326710006	-6
326720003	-6
326730004	-5
326740005	-5
326750006	-4
326760008	-4
326770003	-4
326780004	-3
326790006	-3
326800006	-3
326810007	-3
326820003	-2
326830005	-2
326840007	-2
326850004	-1
326860005	-1
326870005	-1
326880006	-1
326890003	-1
326900004	0
326910004	0
326920007	0
326930007	0
326940006	0
326950005	0
326960005	1
326970005	1
326980006	1
326990006	1
327000006	1
327010007	1
327020006	1
327030006	1
327040006	1
327050007	1
327060008	1
327070003	1
327080008	1
327090004	1
327100004	1
327110004	1
327120004	1
327130005	1
327140005	1
327150005	1
327160005	1
327170005	0
327180004	0
327190004	0
327200007	0
327210007	0
327220007	0
327230007	-1
327240007	-1
327250003	-1
327260004	-1
327270006	-2
327280006	-2
327290007	-2
327300005	-3
327310007	-3
327320004	-3
327330005	-3
327340006	-4
327350007	-4
327360007	-4
327370004	-5
327380005	-5
327390007	-5
327400007	-6
327410004	-6
327420005	-6
327430006	-7
327440006	-7
327450007	-7
327460004	-8
327470006	-8
327480007	-9
327490004	-9
327500005	-9
327510007	-10
327520005	-10
327530007	-10
327540005	-10
327550007	-11
327560005	-11
327570007	-11
327580005	-12
327590007	-12
327600004	-12
327610006	-13
327620007	-13
327630005	-13
327640003	-13
327650006	-14
327660003	-14
327670006	-14
327680004	-14
327690006	-14
327700005	-15
327710003	-15
327720005	-15
327730004	-15
327740006	-15
327750003	-15
327760005	-15
327770004	-15
327780006	-15
327790005	-16
327800007	-16
327810005	-16
327820007	-16
327830005	-16
327840008	-16
327850005	-16
327860007	-16
327870005	-16
327880004	-16
327890007	-16
327900005	-15
327910003	-15
327920006	-15
327930007	-15
327940004	-15
327950007	-15
327960005	-15
327970007	-15
327980005	-14
327990003	-14
328000005	-14
328010004	-14
328020006	-13
328030004	-13
328040006	-13
328050003	-13
328060006	-12
328070004	-12
328080007	-12
328090005	-12
328100004	-11
328110006	-11
328120004	-11
328130006	-10
328140004	-10
328150006	-10
328160004	-9
328170005	-9
328180006	-9
328190004	-8
328200005	-8
328210007	-8
328220004	-7
328230005	-7
328240006	-7
328250007	-6
328260004	-6
328270005	-6
328280007	-5
328290004	-5
328300005	-5
328310006	-4
328320003	-4
328330005	-4
328340006	-3
328350006	-3
328360007	-3
328370004	-3
328380005	-2
328390007	-2
328400007	-2
328410004	-2
328420005	-1
328430006	-1
328440007	-1
328450004	-1
328460005	0
328470005	0
328480004	0
328490004	0
328500004	0
328510004	0
328520004	0
328530004	0
328540004	1
328550005	1
328560006	1
328570007	1
328580006	1
328590007	1
328600007	1
328610007	1
328620006	1
328630007	1
328640006	1
328650006	1
328660006	1
328670006	1
328680006	1
328690007	1
328700007	0
328710006	0
328720006	0
328730005	0
328740005	0
328750005	0
328760005	0
328770006	-1
328780007	-1
328790007	-1
328800005	-1
328810005	-2
328820006	-2
328830006	-2
328840007	-2
328850004	-3
328860005	-3
328870005	-3
328880006	-3
328890004	-4
328900005	-4
328910005	-4
328920007	-5
328930003	-5
328940004	-5
328950006	-6
328960006	-6
328970003	-6
328980005	-7
328990006	-7
329000007	-7
329010004	-8
329020005	-8
329030006	-8
329040007	-9
329050004	-9
329060005	-9
329070007	-10
329080004	-10
329090007	-10
329100005	-11
329110008	-11
329120006	-11
329130004	-11
329140006	-12
329150004	-12
329160006	-12
329170007	-12
329180006	-13
329190007	-13
329200005	-13
329210007	-13
329220005	-14
329230004	-14
329240006	-14
329250005	-14
329260007	-14
329270005	-15
329280007	-15
329290005	-15
329300007	-15
329310005	-15
329320004	-15
329330007	-15
329340004	-15
329350006	-15
329360004	-15
329370007	-15
329380005	-15
329390007	-15
329400005	-15
329410007	-15
329420006	-15
329430005	-15
329440007	-15
329450005	-15
329460007	-15
329470005	-15
329480007	-15
329490005	-15
329500004	-15
329510007	-15
329520005	-14
329530007	-14
329540005	-14
329550007	-14
329560005	-14
329570004	-13
329580006	-13
329590005	-13
329600007	-13
329610005	-12
329620003	-12
329630006	-12
329640004	-12
329650007	-11
329660004	-11
329670007	-11
329680005	-10
329690007	-10
329700005	-10
329710003	-9
329720004	-9
329730006	-9
329740006	-9
329750004	-8
329760005	-8
329770007	-7
329780007	-7
329790004	-7
329800006	-6
329810006	-6
329820007	-6
329830004	-6
329840005	-5
329850005	-5
329860006	-5
329870007	-4
329880004	-4
329890005	-4
329900006	-3
329910007	-3
329920003	-3
329930005	-3
329940007	-2
329950007	-2
329960004	-2
329970005	-2
329980007	-1
329990004	-1
330000005	-1
330010005	-1
330020006	-1
330030003	0
330040004	0
330050008	0
330060007	0
330070006	0
330080005	0
330090005	0
330100005	0
330110004	0
330120004	0
330130004	0
330140007	1
330150004	1
330160004	1
330170004	1
330180005	1
330190006	1
330200006	1
330210007	1
330220007	0
330230007	0
330240007	0
330250006	0
330260006	0
330270006	0
330280005	0
330290005	0
330300005	0
330310005	-1
330320007	-1
330330003	-1
330340005	-1
330350005	-1
330360007	-2
330370004	-2
330380005	-2
330390006	-2
330400008	-3
330410003	-3
330420004	-3
330430005	-4
330440006	-4
330450006	-4
330460007	-4
330470004	-5
330480005	-5
330490006	-5
330500004	-6
330510005	-6
330520006	-6
330530006	-7
330540003	-7
330550005	-7
330560006	-8
330570007	-8
330580004	-8
330590006	-9
330600007	-9
330610007	-9
330620004	-9
330630005	-10
330640003	-10
330650006	-10
330660003	-11
330670005	-11
330680003	-11
330690005	-12
330700007	-12
330710006	-12
330720004	-12
330730007	-12
330740005	-13
330750007	-13
330760005	-13
330770004	-13
330780006	-14
330790005	-14
330800003	-14
330810005	-14
330820003	-14
330830006	-14
330840004	-15
330850006	-15
330860004	-15
330870006	-15
330880004	-15
330890006	-15
330900005	-15
330910004	-15
330920006	-15
330930005	-15
330940007	-15
330950005	-15
330960003	-15
330970005	-15
330980003	-15
330990005	-15
331000003	-15
331010005	-15
331020004	-15
331030006	-15
331040004	-15
331050007	-14
331060004	-14
331070007	-14
331080005	-14
331090007	-14
331100005	-14
331110004	-13
331120005	-13
331130004	-13
331140006	-13
331150005	-12
331160007	-12
331170005	-12
331180004	-12
331190006	-11
331200004	-11
331210006	-11
331220004	-11
331230007	-10
331240005	-10
331250006	-10
331260005	-9
331270006	-9
331280007	-9
331290004	-9
331300005	-8
331310007	-8
331320004	-8
331330005	-7
331340005	-7
331350007	-7
331360004	-6
331370005	-6
331380005	-6
331390006	-5
331400006	-5
331410007	-5
331420004	-4
331430005	-4
331440006	-4
331450007	-4
331460004	-3
331470005	-3
331480005	-3
331490007	-3
331500007	-2
331510004	-2
331520004	-2
331530006	-2
331540007	-1
331550004	-1
331560005	-1
331570007	-1
331580008	-1
331590004	-1
331600005	0
331610005	0
331620005	0
331630004	0
331640004	0
331650004	0
331660004	0
331670004	0
331680007	0
331690007	0
331700007	0
331710007	0
331720007	0
331730007	0
331740006	0
331750006	0
331760005	0
331770004	0
331780004	0
331790004	0
331800004	0
331810003	0
331820007	0
331830006	0
331840006	-1
331850004	-1
331860005	-1
331870007	-1
331880007	-1
331890008	-1
331900005	-2
331910006	-2
331920007	-2
331930008	-2
331940004	-3
331950005	-3
331960005	-3
331970006	-3
331980003	-4
331990004	-4
332000006	-4
332010007	-5
332020003	-5
332030004	-5
332040006	-5
332050007	-6
332060007	-6
332070007	-6
332080004	-7
332090005	-7
332100005	-7
332110007	-8
332120004	-8
332130005	-8
332140006	-9
332150004	-9
332160005	-9
332170005	-9
332180006	-10
332190005	-10
332200007	-10
332210006	-11
332220004	-11
332230007	-11
332240005	-11
332250007	-12
332260005	-12
332270003	-12
332280005	-12
332290004	-13
332300006	-13
332310004	-13
332320006	-13
332330004	-13
332340006	-13
332350005	-14
332360004	-14
332370006	-14
332380004	-14
332390006	-14
332400004	-14
332410007	-14
332420005	-15
332430007	-15
332440006	-15
332450003	-15
332460006	-15
332470004	-15
332480006	-15
332490004	-15
332500007	-15
332510005	-15
332520004	-15
332530006	-15
332540004	-15
332550006	-15
332560004	-15
332570006	-15
332580004	-14
332590007	-14
332600005	-14
332610004	-14
332620006	-14
332630004	-14
332640007	-13
332650005	-13
332660006	-13
332670004	-13
332680006	-13
332690005	-12
332700007	-12
332710005	-12
332720004	-12
332730007	-12
332740005	-11
332750004	-11
332760006	-11
332770005	-10
332780007	-10
332790006	-10
332800007	-10
332810007	-9
332820003	-9
332830005	-9
332840007	-8
332850004	-8
332860005	-8
332870007	-7
332880003	-7
332890004	-7
332900005	-7
332910006	-6
332920006	-6
332930007	-6
332940003	-5
332950004	-5
332960005	-5
332970006	-5
332980006	-4
332990007	-4
333000007	-4
333010004	-3
333020005	-3
333030006	-3
333040007	-3
333050004	-3
333060006	-2
333070003	-2
333080005	-2
333090005	-2
333100007	-1
333110007	-1
333120004	-1
333130005	-1
333140007	-1
333150007	-1
333160004	-1
333170005	0
333180005	0
333190005	0
333200004	0
333210003	0
333220007	0
333230006	0
333240005	0
333250005	0
333260005	0
333270005	0
333280003	0
333290007	0
333300006	0
333310006	0
333320005	0
333330006	0
333340005	0
333350005	0
333360004	0
333370008	-1
333380004	-1
333390006	-1
333400006	-1
333410007	-1
333420007	-1
333430005	-2
333440006	-2
333450007	-2
333460004	-2
333470005	-2
333480007	-3
333490004	-3
333500005	-3
333510007	-3
333520004	-4
333530004	-4
333540005	-4
333550006	-4
333560007	-5
333570004	-5
333580005	-5
333590006	-6
333600007	-6
333610004	-6
333620004	-6
333630005	-7
333640007	-7
333650007	-7
333660004	-8
333670005	-8
333680006	-8
333690004	-9
333700005	-9
333710007	-9
333720004	-9
333730005	-10
333740008	-10
333750005	-10
333760007	-10
333770005	-11
333780003	-11
333790006	-11
333800005	-12
333810007	-12
333820005	-12
333830004	-12
333840006	-12
333850004	-13
333860006	-13
333870004	-13
333880007	-13
333890005	-13
333900007	-13
333910005	-14
333920007	-14
333930005	-14
333940004	-14
333950007	-14
333960005	-14
333970003	-14
333980005	-14
333990003	-14
334000006	-14
334010004	-14
334020007	-15
334030006	-15
334040003	-15
334050006	-15
334060004	-15
334070007	-15
334080005	-15
334090007	-14
334100005	-14
334110008	-14
334120005	-14
334130004	-14
334140006	-14
334150004	-14
334160006	-14
334170005	-14
334180007	-13
334190005	-13
334200004	-13
334210006	-13
334220004	-13
334230006	-12
334240004	-12
334250007	-12
334260005	-12
334270007	-12
334280005	-11
334290007	-11
334300005	-11
334310004	-11
334320006	-10
334330004	-10
334340007	-10
334350005	-9
334360006	-9
334370007	-9
334380004	-9
334390005	-8
334400007	-8
334410004	-8
334420005	-7
334430006	-7
334440007	-7
334450004	-6
334460005	-6
334470005	-6
334480006	-6
334490003	-5
334500004	-5
334510005	-5
334520006	-5
334530007	-4
334540003	-4
334550005	-4
334560005	-4
334570007	-3
334580007	-3
334590004	-3
334600005	-3
334610006	-2
334620007	-2
334630003	-2
334640004	-2
334650005	-2
334660007	-1
334670003	-1
334680004	-1
334690005	-1
334700006	-1
334710007	-1
334720004	-1
334730005	-1
334740007	0
334750006	0
334760005	0
334770005	0
334780004	0
334790004	0
334800007	0
334810007	0
334820007	0
334830006	0
334840005	0
334850005	0
334860005	0
334870005	0
334880004	0
334890007	0
334900007	-1
334910008	-1
334920005	-1
334930005	-1
334940007	-1
334950008	-1
334960004	-1
334970006	-2
334980006	-2
334990007	-2
335000004	-2
335010005	-2
335020007	-3
335030007	-3
335040003	-3
335050005	-3
335060007	-4
335070007	-4
335080004	-4
335090005	-4
335100006	-5
335110007	-5
335120003	-5
335130004	-5
335140005	-6
335150007	-6
335160004	-6
335170005	-7
335180007	-7
335190004	-7
335200005	-7
335210006	-8
335220007	-8
335230004	-8
335240005	-9
335250007	-9
335260007	-9
335270004	-9
335280005	-10
335290003	-10
335300006	-10
335310004	-10
335320007	-11
335330005	-11
335340007	-11
335350005	-11
335360004	-12
335370007	-12
335380005	-12
335390008	-12
335400006	-12
335410004	-13
335420006	-13
335430005	-13
335440007	-13
335450005	-13
335460003	-13
335470007	-14
335480005	-14
335490004	-14
335500006	-14
335510004	-14
335520006	-14
335530004	-14
335540007	-14
335550006	-14
335560004	-14
335570006	-14
335580005	-14
335590007	-14
335600005	-14
335610004	-14
335620006	-14
335630004	-14
335640007	-14
335650005	-14
335660007	-14
335670005	-14
335680004	-14
335690007	-14
335700005	-13
335710004	-13
335720006	-13
335730004	-13
335740007	-13
335750006	-13
335760004	-13
335770006	-12
335780005	-12
335790007	-12
335800005	-12
335810007	-12
335820004	-11
335830007	-11
335840005	-11
335850004	-11
335860005	-10
335870007	-10
335880005	-10
335890004	-9
335900005	-9
335910007	-9
335920004	-9
335930005	-8
335940006	-8
335950003	-8
335960004	-8
335970007	-7
335980003	-7
335990004	-7
336000005	-6
336010006	-6
336020006	-6
336030006	-6
336040003	-5
336050004	-5
336060005	-5
336070006	-5
336080006	-4
336090007	-4
336100003	-4
336110005	-4
336120005	-3
336130006	-3
336140007	-3
336150004	-3
336160005	-3
336170006	-2
336180007	-2
336190005	-2
336200005	-2
336210006	-2
336220004	-1
336230005	-1
336240006	-1
336250007	-1
336260003	-1
336270005	-1
336280005	-1
336290007	-1
336300004	-1
336310005	-1
336320006	-1
336330007	-1
336340004	-1
336350005	-1
336360007	-1
336370004	-1
336380005	-1
336390006	-1
336400007	-1
336410004	-1
336420005	-1
336430006	-1
336440007	-1
336450007	-1
336460004	-1
336470005	-1
336480006	-1
336490007	-1
336500007	-2
336510003	-2
336520005	-2
336530006	-2
336540007	-2
336550007	-3
336560004	-3
336570005	-3
336580006	-3
336590006	-3
336600007	-4
336610004	-4
336620005	-4
336630006	-4
336640003	-5
336650004	-5
336660005	-5
336670007	-5
336680003	-6
336690005	-6
336700005	-6
336710006	-6
336720004	-7
336730005	-7
336740006	-7
336750007	-8
336760007	-8
336770004	-8
336780005	-8
336790006	-9
336800007	-9
336810004	-9
336820004	-9
336830005	-10
336840004	-10
336850007	-10
336860005	-10
336870008	-11
336880005	-11
336890004	-11
336900007	-11
336910005	-12
336920008	-12
336930006	-12
336940007	-12
336950005	-12
336960003	-12
336970007	-13
336980005	-13
336990007	-13
337000005	-13
337010003	-13
337020007	-13
337030005	-13
337040003	-14
337050006	-14
337060003	-14
337070006	-14
337080005	-14
337090003	-14
337100006	-14
337110003	-14
337120005	-14
337130004	-14
337140006	-14
337150004	-14
337160007	-14
337170005	-14
337180008	-14
337190006	-14
337200004	-14
337210007	-14
337220005	-14
337230007	-13
337240005	-13
337250003	-13
337260006	-13
337270005	-13
337280007	-13
337290005	-13
337300003	-12
337310006	-12
337320003	-12
337330007	-12
337340004	-12
337350007	-11
337360005	-11
337370007	-11
337380006	-11
337390005	-10
337400004	-10
337410006	-10
337420004	-10
337430007	-9
337440007	-9
337450004	-9
337460004	-9
337470005	-9
337480007	-8
337490004	-8
337500004	-8
337510005	-7
337520006	-7
337530007	-7
337540007	-7
337550004	-6
337560005	-6
337570005	-6
337580006	-6
337590007	-5
337600004	-5
337610004	-5
337620005	-5
337630007	-4
337640003	-4
337650004	-4
337660005	-4
337670007	-3
337680007	-3
337690004	-3
337700004	-3
337710005	-3
337720007	-2
337730007	-2
337740005	-2
337750006	-2
337760003	-2
337770004	-2
337780005	-2
337790006	-1
337800006	-1
337810006	-1
337820004	-1
337830005	-1
337840006	-1
337850007	-1
337860003	-1
337870005	-1
337880007	-1
337890004	-1
337900005	-1
337910006	-1
337920006	-1
337930007	-1
337940004	-1
337950005	-1
337960006	-1
337970007	-1
337980003	-1
337990004	-1
338000005	-1
338010007	-1
338020007	-2
338030004	-2
338040005	-2
338050006	-2
338060006	-2
338070007	-2
338080004	-3
338090005	-3
338100006	-3
338110007	-3
338120003	-3
338130004	-3
338140005	-4
338150006	-4
338160007	-4
338170003	-4
338180005	-5
338190007	-5
338200004	-5
338210005	-5
338220005	-6
338230005	-6
338240006	-6
338250006	-6
338260007	-7
338270004	-7
338280005	-7
338290006	-7
338300006	-8
338310007	-8
338320005	-8
338330006	-9
338340007	-9
338350003	-9
338360005	-9
338370006	-10
338380003	-10
338390005	-10
338400007	-10
338410005	-10
338420004	-11
338430006	-11
338440005	-11
338450007	-11
338460005	-12
338470007	-12
338480005	-12
338490003	-12
338500006	-12
338510004	-12
338520006	-13
338530004	-13
338540007	-13
338550005	-13
338560003	-13
338570006	-13
338580004	-13
338590006	-13
338600004	-13
338610007	-13
338620006	-13
338630004	-14
338640007	-14
338650005	-14
338660007	-14
338670005	-14
338680007	-14
338690005	-14
338700007	-14
338710005	-14
338720007	-14
338730005	-14
338740007	-13
338750005	-13
338760007	-13
338770005	-13
338780007	-13
338790005	-13
338800007	-13
338810005	-13
338820003	-13
338830006	-12
338840004	-12
338850006	-12
338860004	-12
338870006	-12
338880005	-12
338890007	-11
338900005	-11
338910004	-11
338920006	-11
338930004	-10
338940006	-10
338950004	-10
338960007	-10
338970005	-9
338980006	-9
338990007	-9
339000003	-9
339010004	-9
339020005	-8
339030006	-8
339040007	-8
339050004	-7
339060005	-7
339070006	-7
339080007	-7
339090007	-6
339100007	-6
339110005	-6
339120005	-6
339130007	-5
339140007	-5
339150008	-5
339160004	-5
339170005	-4
339180005	-4
339190006	-4
339200007	-4
339210007	-4
339220004	-3
339230005	-3
339240006	-3
339250007	-3
339260008	-3
339270004	-3
339280005	-2
339290006	-2
339300007	-2
339310007	-2
339320004	-2
339330005	-2
339340005	-2
339350006	-2
339360007	-1
339370007	-1
339380004	-1
339390004	-1
339400004	-1
339410005	-1
339420006	-1
339430007	-1
339440007	-1
339450004	-1
339460005	-1
339470006	-1
339480007	-1
339490004	-1
339500005	-1
339510005	-1
339520006	-1
339530007	-1
339540007	-2
339550004	-2
339560005	-2
339570007	-2
339580007	-2
339590003	-2
339600004	-2
339610005	-3
339620006	-3
339630007	-3
339640006	-3
339650004	-3
339660005	-3
339670006	-4
339680006	-4
339690007	-4
339700008	-4
339710003	-4
339720004	-5
339730005	-5
339740006	-5
339750006	-5
339760007	-6
339770007	-6
339780007	-6
339790004	-6
339800005	-7
339810006	-7
339820006	-7
339830006	-7
339840007	-8
339850004	-8
339860005	-8
339870005	-8
339880007	-9
339890008	-9
339900004	-9
339910004	-9
339920005	-10
339930006	-10
339940005	-10
339950006	-10
339960005	-11
339970007	-11
339980005	-11
339990007	-11
340000006	-11
340010004	-12
340020006	-12
340030004	-12
340040006	-12
340050004	-12
340060006	-12
340070005	-12
340080003	-13
340090006	-13
340100004	-13
340110006	-13
340120004	-13
340130006	-13
340140004	-13
340150007	-13
340160005	-13
340170004	-13
340180006	-13
340190004	-13
340200006	-13
340210007	-13
340220006	-13
340230004	-13
340240006	-13
340250004	-13
340260006	-13
340270004	-13
340280007	-13
340290005	-13
340300006	-13
340310004	-13
340320006	-13
340330004	-13
340340007	-13
340350005	-12
340360007	-12
340370006	-12
340380003	-12
340390006	-12
340400008	-12
340410006	-12
340420005	-11
340430007	-11
340440005	-11
340450007	-11
340460005	-10
340470008	-10
340480005	-10
340490004	-10
340500006	-10
340510005	-9
340520007	-9
340530007	-9
340540004	-9
340550005	-8
340560005	-8
340570006	-8
340580007	-8
340590003	-7
340600004	-7
340610005	-7
340620006	-7
340630006	-6
340640003	-6
340650004	-6
340660005	-6
340670005	-6
340680006	-5
340690006	-5
340700006	-5
340710004	-5
340720005	-4
340730006	-4
340740007	-4
340750003	-4
340760004	-4
340770005	-3
340780005	-3
340790007	-3
340800003	-3
340810005	-3
340820005	-3
340830006	-2
340840007	-2
340850004	-2
340860005	-2
340870006	-2
340880007	-2
340890003	-2
340900004	-2
340910005	-2
340920005	-2
340930006	-2
340940007	-1
340950004	-1
340960005	-1
340970006	-1
340980007	-1
340990007	-1
341000007	-1
341010003	-1
341020005	-1
341030006	-1
341040007	-1
341050007	-2
341060004	-2
341070005	-2
341080006	-2
341090007	-2
341100007	-2
341110008	-2
341120004	-2
341130005	-2
341140003	-3
341150004	-3
341160005	-3
341170006	-3
341180006	-3
341190006	-3
341200007	-4
341210004	-4
341220005	-4
341230006	-4
341240007	-4
341250003	-5
341260004	-5
341270005	-5
341280006	-5
341290006	-6
341300007	-6
341310003	-6
341320004	-6
341330005	-6
341340006	-7
341350006	-7
341360007	-7
341370003	-7
341380004	-8
341390005	-8
341400006	-8
341410007	-8
341420004	-9
341430005	-9
341440006	-9
341450006	-9
341460007	-10
341470005	-10
341480003	-10
341490006	-10
341500007	-10
341510006	-11
341520007	-11
341530006	-11
341540004	-11
341550006	-11
341560004	-12
341570007	-12
341580004	-12
341590007	-12
341600004	-12
341610007	-12
341620005	-12
341630007	-12
341640005	-12
341650007	-13
341660005	-13
341670007	-13
341680005	-13
341690008	-13
341700005	-13
341710007	-13
341720005	-13
341730007	-13
341740005	-13
341750004	-13
341760005	-13
341770007	-13
341780004	-13
341790006	-13
341800005	-13
341810004	-13
341820005	-13
341830008	-13
341840005	-13
341850007	-13
341860004	-13
341870007	-12
341880005	-12
341890007	-12
341900005	-12
341910007	-12
341920005	-12
341930003	-12
341940006	-12
341950004	-11
341960006	-11
341970004	-11
341980006	-11
341990003	-11
342000006	-10
342010004	-10
342020006	-10
342030005	-10
342040007	-9
342050007	-9
342060004	-9
342070005	-9
342080006	-9
342090007	-8
342100004	-8
342110005	-8
342120006	-8
342130003	-7
342140004	-7
342150005	-7
342160005	-7
342170005	-6
342180006	-6
342190006	-6
342200007	-6
342210007	-6
342220005	-5
342230006	-5
342240006	-5
342250007	-5
342260007	-4
342270003	-4
342280005	-4
342290005	-4
342300006	-4
342310006	-4
342320007	-3
342330007	-3
342340004	-3
342350005	-3
342360006	-3
342370006	-3
342380007	-3
342390004	-2
342400004	-2
342410004	-2
342420005	-2
342430006	-2
342440006	-2
342450006	-2
342460007	-2
342470003	-2
342480004	-2
342490005	-2
342500006	-2
342510007	-2
342520003	-2
342530005	-2
342540005	-2
342550007	-2
342560004	-2
342570005	-2
342580005	-2
342590006	-2
342600006	-2
342610004	-2
342620004	-2
342630005	-2
342640005	-2
342650006	-2
342660006	-3
342670007	-3
342680004	-3
342690005	-3
342700007	-3
342710007	-3
342720007	-3
342730004	-4
342740005	-4
342750006	-4
342760006	-4
342770007	-4
342780003	-5
342790004	-5
342800005	-5
342810006	-5
342820006	-5
342830007	-6
342840007	-6
342850007	-6
342860004	-6
342870005	-6
342880006	-7
342890007	-7
342900007	-7
342910003	-7
342920004	-8
342930005	-8
342940005	-8
342950006	-8
342960007	-9
342970007	-9
342980004	-9
342990005	-9
343000006	-9
343010007	-10
343020004	-10
343030007	-10
343040005	-10
343050003	-10
343060006	-11
343070004	-11
343080006	-11
343090004	-11
343100007	-11
343110005	-11
343120006	-12
343130004	-12
343140007	-12
343150004	-12
343160006	-12
343170004	-12
343180006	-12
343190004	-12
343200006	-12
343210003	-12
343220005	-13
343230007	-13
343240005	-13
343250007	-13
343260004	-13
343270007	-13
343280004	-13
343290007	-13
343300005	-13
343310007	-13
343320004	-13
343330007	-13
343340005	-13
343350004	-13
343360006	-13
343370004	-13
343380006	-12
343390004	-12
343400006	-12
343410004	-12
343420006	-12
343430004	-12
343440006	-12
343450004	-12
343460006	-12
343470005	-11
343480006	-11
343490004	-11
343500006	-11
343510004	-11
343520006	-11
343530005	-10
343540007	-10
343550005	-10
343560003	-10
343570005	-10
343580004	-9
343590005	-9
343600006	-9
343610007	-9
343620003	-9
343630005	-8
343640005	-8
343650006	-8
343660007	-8
343670004	-7
343680004	-7
343690005	-7
343700006	-7
343710005	-6
343720007	-6
343730007	-6
343740004	-6
343750005	-6
343760006	-5
343770006	-5
343780007	-5
343790003	-5
343800003	-5
343810005	-4
343820006	-4
343830007	-4
343840004	-4
343850005	-4
343860006	-4
343870007	-3
343880005	-3
343890005	-3
343900006	-3
343910006	-3
343920006	-3
343930007	-3
343940007	-3
343950004	-2
343960005	-2
343970007	-2
343980004	-2
343990005	-2
344000005	-2
344010006	-2
344020007	-2
344030004	-2
344040004	-2
344050005	-2
344060005	-2
344070006	-2
344080007	-2
344090004	-2
344100004	-2
344110005	-2
344120006	-2
344130006	-2
344140006	-2
344150007	-2
344160003	-2
344170004	-2
344180005	-3
344190006	-3
344200007	-3
344210004	-3
344220005	-3
344230006	-3
344240006	-3
344250007	-3
344260005	-4
344270005	-4
344280006	-4
344290006	-4
344300007	-4
344310005	-5
344320006	-5
344330006	-5
344340006	-5
344350007	-5
344360007	-6
344370003	-6
344380004	-6
344390005	-6
344400007	-6
344410004	-7
344420005	-7
344430006	-7
344440007	-7
344450004	-7
344460005	-8
344470006	-8
344480007	-8
344490004	-8
344500005	-9
344510007	-9
344520004	-9
344530005	-9
344540006	-9
344550007	-10
344560006	-10
344570004	-10
344580006	-10
344590004	-10
344600006	-10
344610005	-11
344620003	-11
344630006	-11
344640003	-11
344650005	-11
344660003	-11
344670006	-12
344680004	-12
344690006	-12
344700004	-12
344710006	-12
344720004	-12
344730006	-12
344740004	-12
344750006	-12
344760004	-12
344770007	-12
344780005	-12
344790007	-12
344800005	-12
344810003	-12
344820006	-12
344830005	-12
344840007	-12
344850005	-12
344860007	-12
344870005	-12
344880007	-12
344890005	-12
344900007	-12
344910006	-12
344920004	-12
344930006	-12
344940004	-12
344950006	-12
344960004	-12
344970006	-12
344980004	-12
344990007	-11
345000005	-11
345010004	-11
345020006	-11
345030004	-11
345040006	-11
345050004	-11
345060006	-10
345070004	-10
345080006	-10
345090004	-10
345100005	-10
345110007	-9
345120003	-9
345130005	-9
345140006	-9
345150007	-9
345160004	-8
345170005	-8
345180006	-8
345190007	-8
345200007	-8
345210003	-7
345220003	-7
345230004	-7
345240005	-7
345250007	-6
345260003	-6
345270004	-6
345280005	-6
345290006	-6
345300007	-5
345310007	-5
345320004	-5
345330004	-5
345340005	-5
345350007	-4
345360003	-4
345370004	-4
345380005	-4
345390006	-4
345400007	-4
345410007	-4
345420004	-3
345430005	-3
345440006	-3
345450007	-3
345460004	-3
345470004	-3
345480005	-3
345490006	-3
345500003	-3
345510004	-3
345520005	-3
345530006	-2
345540007	-2
345550003	-2
345560004	-2
345570005	-2
345580007	-2
345590003	-2
345600004	-2
345610005	-2
345620006	-2
345630007	-2
345640004	-2
345650004	-2
345660005	-2
345670006	-2
345680006	-2
345690004	-3
345700005	-3
345710005	-3
345720006	-3
345730007	-3
345740007	-3
345750004	-3
345760005	-3
345770006	-3
345780006	-4
345790008	-4
345800004	-4
345810005	-4
345820006	-4
345830007	-4
345840008	-5
345850004	-5
345860005	-5
345870006	-5
345880007	-5
345890008	-6
345900004	-6
345910005	-6
345920005	-6
345930006	-6
345940006	-6
345950007	-7
345960004	-7
345970005	-7
345980006	-7
345990007	-8
346000007	-8
346010004	-8
346020005	-8
346030006	-8
346040007	-9
346050004	-9
346060005	-9
346070006	-9
346080006	-9
346090007	-10
346100004	-10
346110007	-10
346120005	-10
346130004	-10
346140006	-10
346150005	-11
346160003	-11
346170005	-11
346180003	-11
346190005	-11
346200004	-11
346210006	-11
346220004	-12
346230006	-12
346240004	-12
346250006	-12
346260005	-12
346270007	-12
346280005	-12
346290004	-12
346300006	-12
346310004	-12
346320006	-12
346330004	-12
346340006	-12
346350005	-12
346360006	-12
346370004	-12
346380006	-12
346390004	-12
346400006	-12
346410007	-12
346420005	-12
346430003	-12
346440006	-12
346450004	-12
346460006	-12
346470004	-12
346480007	-12
346490005	-12
346500007	-12
346510005	-11
346520007	-11
346530005	-11
346540004	-11
346550006	-11
346560004	-11
346570007	-11
346580004	-10
346590006	-10
346600005	-10
346610007	-10
346620005	-10
346630007	-10
346640005	-9
346650006	-9
346660006	-9
346670007	-9
346680008	-9
346690005	-8
346700006	-8
346710006	-8
346720004	-8
346730005	-8
346740006	-7
346750007	-7
346760007	-7
346770004	-7
346780005	-7
346790005	-6
346800006	-6
346810007	-6
346820007	-6
346830004	-6
346840005	-6
346850007	-5
346860003	-5
346870004	-5
346880005	-5
346890004	-5
346900005	-4
346910006	-4
346920007	-4
346930003	-4
346940004	-4
346950005	-4
346960006	-4
346970007	-3
346980004	-3
346990005	-3
347000006	-3
347010007	-3
347020007	-3
347030007	-3
347040003	-3
347050004	-3
347060004	-3
347070006	-3
347080006	-3
347090006	-3
347100007	-3
347110007	-3
347120004	-3
347130004	-3
347140005	-3
347150005	-3
347160005	-3
347170006	-3
347180006	-3
347190007	-3
347200003	-3
347210005	-3
347220006	-3
347230007	-3
347240007	-3
347250004	-3
347260004	-3
347270004	-3
347280005	-3
347290005	-3
347300006	-4
347310007	-4
347320004	-4
347330005	-4
347340006	-4
347350007	-4
347360004	-4