15.3137 0.0400 0.6125 320.26 4.00 3864377 0.00 477.406 18679.218
15.3125 0.0400 0.6125 320.18 4.00 3864397 0.00 477.187 18679.230
15.3125 0.0400 0.6125 320.12 4.00 3864417 0.00 476.988 18679.242
15.3125 0.0400 0.6125 320.10 4.00 3864437 0.00 476.947 18679.254
15.3125 0.0400 0.6125 319.98 4.00 3864457 0.00 476.571 18679.267
15.3075 0.0400 0.6123 318.05 4.00 3865184 0.00 470.844 18679.712
15.3075 0.0400 0.6123 317.95 4.00 3865204 0.00 470.549 18679.724
15.3075 0.0400 0.6123 317.87 4.00 3865224 0.00 470.330 18679.736
15.3075 0.0400 0.6123 317.82 4.00 3865244 0.00 470.161 18679.749
15.3075 0.0400 0.6123 317.72 4.00 3865264 0.00 469.867 18679.761
15.3075 0.0400 0.6123 317.70 4.00 3865284 0.00 469.802 18679.773
15.3075 0.0400 0.6123 317.57 4.00 3865304 0.00 469.424 18679.785
15.3075 0.0400 0.6123 317.48 4.00 3865324 0.00 469.176 18679.798
15.3075 0.0400 0.6123 317.49 4.00 3865344 0.00 469.186 18679.810
15.3075 0.0400 0.6123 317.43 4.00 3865364 0.00 469.012 18679.822
15.3075 0.0400 0.6123 317.45 4.00 3865384 0.00 469.087 18679.834
15.3075 0.0400 0.6123 317.42 4.00 3865404 0.00 468.997 18679.847
15.3075 0.0400 0.6123 317.30 4.00 3865424 0.00 468.645 18679.859
15.3075 0.0400 0.6123 317.25 4.00 3865444 0.00 468.492 18679.871
15.3062 0.0400 0.6122 317.22 4.00 3865464 0.00 468.387 18679.883
15.3062 0.0400 0.6122 317.13 4.00 3865484 0.00 468.135 18679.896
15.3062 0.0400 0.6122 317.12 4.00 3865504 0.00 468.100 18679.908
15.3062 0.0400 0.6122 317.03 4.00 3865524 0.00 467.823 18679.920
15.3062 0.0400 0.6122 316.96 4.00 3865544 0.00 467.621 18679.932
15.3062 0.0400 0.6122 316.87 4.00 3865564 0.00 467.349 18679.945
15.3062 0.0400 0.6122 316.88 4.00 3865584 0.00 467.384 18679.957
15.3062 0.0400 0.6122 316.83 4.00 3865604 0.00 467.241 18679.969
15.3062 0.0400 0.6122 316.81 4.00 3865624 0.00 467.186 18679.981
15.3062 0.0400 0.6122 316.73 4.00 3865644 0.00 466.955 18679.994
15.3062 0.0400 0.6122 316.73 4.00 3865664 0.00 466.950 18680.006
15.3062 0.0400 0.6122 316.59 4.00 3865684 0.00 466.536 18680.018
15.3062 0.0400 0.6122 316.58 4.00 3865704 0.00 466.506 18680.030
15.3062 0.0400 0.6122 316.46 4.00 3865724 0.00 466.157 18680.043
15.3062 0.0400 0.6122 316.47 4.00 3865744 0.00 466.177 18680.055
15.3062 0.0400 0.6122 316.38 4.00 3865764 0.00 465.911 18680.067
15.3062 0.0400 0.6122 316.32 4.00 3865784 0.00 465.749 18680.079
15.3062 0.0400 0.6122 316.25 4.00 3865804 0.00 465.523 18680.091
15.3050 0.0400 0.6122 316.23 4.00 3865824 0.00 465.484 18680.104
15.3050 0.0400 0.6122 316.16 4.00 3865844 0.00 465.258 18680.116
15.3050 0.0400 0.6122 316.11 4.00 3865864 0.00 465.126 18680.128
15.3050 0.0400 0.6122 316.03 4.00 3865884 0.00 464.881 18680.140
15.3050 0.0400 0.6122 315.97 4.00 3865904 0.00 464.715 18680.153
15.3050 0.0400 0.6122 315.91 4.00 3865924 0.00 464.543 18680.165
15.3050 0.0400 0.6122 315.87 4.00 3865944 0.00 464.431 18680.177
15.3050 0.0400 0.6122 315.81 4.00 3865964 0.00 464.235 18680.189
15.3050 0.0400 0.6122 315.73 4.00 3865984 0.00 464.020 18680.202
15.3050 0.0400 0.6122 315.66 4.00 3866004 0.00 463.806 18680.214
15.3050 0.0400 0.6122 315.64 4.00 3866024 0.00 463.742 18680.226
15.3050 0.0400 0.6122 315.58 4.00 3866044 0.00 463.567 18680.238
15.3050 0.0400 0.6122 315.62 4.00 3866064 0.00 463.674 18680.251
15.3050 0.0400 0.6122 315.50 4.00 3866084 0.00 463.342 18680.263
15.3050 0.0400 0.6122 315.48 4.00 3866104 0.00 463.284 18680.275
15.3050 0.0400 0.6122 315.39 4.00 3866124 0.00 463.011 18680.287
15.3050 0.0400 0.6122 315.36 4.00 3866144 0.00 462.914 18680.300
15.3050 0.0400 0.6122 315.29 4.00 3866164 0.00 462.709 18680.312
15.3038 0.0400 0.6121 315.20 4.00 3866184 0.00 462.437 18680.324
15.3038 0.0400 0.6121 315.16 4.00 3866204 0.00 462.335 18680.336
15.3038 0.0400 0.6121 315.13 4.00 3866224 0.00 462.243 18680.349
15.3038 0.0400 0.6121 315.07 4.00 3866244 0.00 462.073 18680.361
15.3038 0.0400 0.6121 315.05 4.00 3866264 0.00 462.000 18680.373
15.3038 0.0400 0.6121 314.99 4.00 3866284 0.00 461.835 18680.385
15.3038 0.0400 0.6121 315.00 4.00 3866304 0.00 461.864 18680.398
15.3038 0.0400 0.6121 314.88 4.00 3866324 0.00 461.525 18680.410
15.3038 0.0400 0.6121 314.85 4.00 3866344 0.00 461.414 18680.422
15.3038 0.0400 0.6121 314.79 4.00 3866364 0.00 461.240 18680.434
15.3038 0.0400 0.6121 314.68 4.00 3866384 0.00 460.930 18680.447
15.3038 0.0400 0.6121 314.61 4.00 3866404 0.00 460.712 18680.459
15.3038 0.0400 0.6121 314.62 4.00 3866424 0.00 460.761 18680.471
15.3038 0.0400 0.6121 314.48 4.00 3866444 0.00 460.345 18680.483
15.3038 0.0400 0.6121 314.44 4.00 3866464 0.00 460.230 18680.496
15.3038 0.0400 0.6121 314.42 4.00 3866484 0.00 460.172 18680.508
15.3038 0.0400 0.6121 314.32 4.00 3866504 0.00 459.863 18680.520
15.3038 0.0400 0.6121 314.32 4.00 3866524 0.00 459.883 18680.532
15.3038 0.0400 0.6121 314.29 4.00 3866544 0.00 459.796 18680.545
15.3038 0.0400 0.6121 314.16 4.00 3866564 0.00 459.411 18680.557
15.3038 0.0400 0.6121 314.17 4.00 3866584 0.00 459.435 18680.569
15.3038 0.0400 0.6121 314.04 4.00 3866604 0.00 459.045 18680.581
15.3038 0.0400 0.6121 314.06 4.00 3866624 0.00 459.108 18680.593
15.3038 0.0400 0.6121 313.91 4.00 3866644 0.00 458.671 18680.606
15.3038 0.0400 0.6121 313.91 4.00 3866664 0.00 458.671 18680.618
15.0925 1.5125 22.8274 314.49 4.00 3866684 0.00 460.370 18681.075
15.0925 1.5125 22.8274 314.80 4.00 3866704 0.00 461.288 18681.531
15.0925 1.5125 22.8274 314.82 4.00 3866724 0.00 461.331 18681.988
15.0925 1.5125 22.8274 314.94 4.00 3866744 0.00 461.675 18682.444
14.5862 4.3925 64.0701 315.12 4.00 3866764 0.00 462.219 18683.726
14.5862 4.3925 64.0701 315.18 4.00 3866784 0.00 462.379 18685.007
14.5862 4.3925 64.0701 315.47 4.00 3866804 0.00 463.255 18686.288
14.5862 4.3925 64.0701 315.79 4.00 3866824 0.00 464.191 18687.570
14.0062 8.0975 113.4156 316.07 4.00 3866844 0.00 464.994 18689.838
14.0062 8.0975 113.4156 316.57 4.00 3866864 0.00 466.477 18692.106
14.0062 8.0975 113.4156 316.06 4.00 3866884 0.00 464.979 18694.375
14.0175 7.7075 108.0399 316.56 4.00 3866904 0.00 466.457 18696.535
14.0175 7.7075 108.0399 317.00 4.00 3866924 0.00 467.749 18698.696
14.0175 7.7075 108.0399 317.57 4.00 3866944 0.00 469.439 18700.857
14.0175 7.7075 108.0399 318.17 4.00 3866964 0.00 471.203 18703.018
13.9762 7.7875 108.8400 318.71 4.00 3866984 0.00 472.817 18705.195
13.9762 7.7875 108.8400 319.29 4.00 3867004 0.00 474.519 18707.371
13.9762 7.7875 108.8400 319.85 4.00 3867024 0.00 476.190 18709.548
13.9375 7.8575 109.5139 320.43 4.00 3867044 0.00 477.931 18711.739
13.9375 7.8575 109.5139 320.99 4.00 3867064 0.00 479.600 18713.929
13.9375 7.8575 109.5139 321.58 4.00 3867084 0.00 481.354 18716.119
13.9375 7.8575 109.5139 322.06 4.00 3867104 0.00 482.802 18718.309
13.9025 7.9375 110.3511 322.66 4.00 3867124 0.00 484.601 18720.516
13.9025 7.9375 110.3511 323.21 4.00 3867144 0.00 486.268 18722.723
13.9025 7.9375 110.3511 323.78 4.00 3867164 0.00 487.975 18724.930
13.9025 7.9950 111.1505 324.38 4.00 3867184 0.00 489.786 18727.153
13.8713 7.9950 110.9006 325.01 4.00 3867204 0.00 491.698 18729.371
13.8713 7.9950 110.9006 325.57 4.00 3867224 0.00 493.391 18731.590
13.8713 7.9950 110.9006 326.13 4.00 3867244 0.00 495.088 18733.808
13.8250 8.1550 112.7429 326.74 4.00 3867264 0.00 496.923 18736.062
13.8250 8.1550 112.7429 327.33 4.00 3867284 0.00 498.741 18738.317
13.8250 8.1550 112.7429 327.81 4.00 3867304 0.00 500.202 18740.572
13.8250 8.1550 112.7429 328.32 4.00 3867324 0.00 501.742 18742.827
13.8062 8.1300 112.2448 328.93 4.00 3867344 0.00 503.625 18745.072
13.8062 8.1300 112.2448 329.49 4.00 3867364 0.00 505.325 18747.317
13.8062 8.1300 112.2448 330.05 4.00 3867384 0.00 507.038 18749.562
13.7737 8.2225 113.2547 330.66 4.00 3867404 0.00 508.912 18751.827
13.7737 8.2225 113.2547 331.28 4.00 3867424 0.00 510.830 18754.092
13.7737 8.2225 113.2547 331.82 4.00 3867444 0.00 512.510 18756.357
13.7737 8.2225 113.2547 332.34 4.00 3867464 0.00 514.101 18758.622
13.7463 8.2600 113.5440 332.83 4.00 3867484 0.00 515.642 18760.893
13.7463 8.2600 113.5440 333.49 4.00 3867504 0.00 517.661 18763.164
13.7463 8.2600 113.5440 334.13 4.00 3867524 0.00 519.664 18765.435
13.7100 8.3825 114.9241 334.63 4.00 3867544 0.00 521.207 18767.733
13.7100 8.3825 114.9241 335.23 4.00 3867564 0.00 523.090 18770.032
13.7100 8.3825 114.9241 335.81 4.00 3867584 0.00 524.907 18772.330
13.7100 8.3825 114.9241 336.38 4.00 3867604 0.00 526.680 18774.629
13.6937 8.3575 114.4455 337.00 4.00 3867624 0.00 528.640 18776.917
13.6937 8.3575 114.4455 337.52 4.00 3867644 0.00 530.265 18779.206
13.6937 8.3575 114.4455 338.10 4.00 3867664 0.00 532.083 18781.495
13.6937 8.3575 114.4455 338.63 4.00 3867684 0.00 533.766 18783.784
13.6388 8.5900 117.1569 339.12 4.00 3867704 0.00 535.312 18786.127
13.6388 8.5900 117.1569 339.80 4.00 3867724 0.00 537.436 18788.470
13.6388 8.5900 117.1569 340.33 4.00 3867744 0.00 539.145 18790.814
13.6237 8.5600 116.6193 340.92 4.00 3867764 0.00 541.009 18793.146
13.6237 8.5600 116.6193 341.47 4.00 3867784 0.00 542.759 18795.478
13.6237 8.5600 116.6193 342.04 4.00 3867804 0.00 544.549 18797.811
13.6237 8.5600 116.6193 342.72 4.00 3867824 0.00 546.735 18800.143
13.5975 8.6025 116.9725 343.21 4.00 3867844 0.00 548.287 18802.483
13.5975 8.6025 116.9725 343.82 4.00 3867864 0.00 550.256 18804.822
13.5975 8.6025 116.9725 344.31 4.00 3867884 0.00 551.797 18807.162
13.5525 8.7850 119.0587 344.95 4.00 3867904 0.00 553.868 18809.543
13.5525 8.7850 119.0587 345.51 4.00 3867924 0.00 555.655 18811.924
13.5525 8.7850 119.0587 346.02 4.00 3867944 0.00 557.310 18814.305
13.5525 8.7850 119.0587 346.67 4.00 3867964 0.00 559.399 18816.686
13.5112 8.9000 120.2501 347.13 4.00 3867984 0.00 560.888 18819.091
13.5112 8.9000 120.2501 347.64 4.00 3868004 0.00 562.527 18821.496
13.5112 8.9000 120.2501 348.25 4.00 3868024 0.00 564.521 18823.901
13.5112 8.9000 120.2501 348.95 4.00 3868044 0.00 566.788 18826.306
13.4875 8.9400 120.5782 349.51 4.00 3868064 0.00 568.599 18828.718
13.4875 8.9400 120.5782 350.04 4.00 3868084 0.00 570.332 18831.129
13.4875 8.9400 120.5782 350.64 4.00 3868104 0.00 572.300 18833.541
13.4587 8.9750 120.7923 351.20 4.00 3868124 0.00 574.104 18835.957
13.4587 8.9750 120.7923 351.79 4.00 3868144 0.00 576.038 18838.373
13.4587 8.9750 120.7923 352.38 4.00 3868164 0.00 577.974 18840.788
13.4587 8.9750 120.7923 352.84 4.00 3868184 0.00 579.498 18843.204
13.4025 9.1775 123.0014 353.45 4.00 3868204 0.00 581.487 18845.664
13.4025 9.1775 123.0014 354.07 4.00 3868224 0.00 583.534 18848.124
13.4025 9.1775 123.0014 354.68 4.00 3868244 0.00 585.564 18850.584
13.3950 9.0875 121.7271 355.36 4.00 3868264 0.00 587.785 18853.019
13.3950 9.0875 121.7271 355.91 4.00 3868284 0.00 589.621 18855.453
13.3950 9.0875 121.7271 356.45 4.00 3868304 0.00 591.422 18857.888
13.3950 9.0875 121.7271 356.98 4.00 3868324 0.00 593.162 18860.323
13.4175 8.8850 119.2145 357.53 4.00 3868344 0.00 595.001 18862.707
13.4175 8.8850 119.2145 358.09 4.00 3868364 0.00 596.864 18865.091
13.4175 8.8850 119.2145 358.63 4.00 3868384 0.00 598.670 18867.475
13.4837 8.3650 112.7915 359.17 4.00 3868404 0.00 600.456 18869.731
13.4837 8.3650 112.7915 359.78 4.00 3868424 0.00 602.525 18871.987
13.4837 8.3650 112.7915 360.23 4.00 3868444 0.00 604.038 18874.243
13.4837 8.3650 112.7915 360.79 4.00 3868464 0.00 605.906 18876.499
13.4900 8.2525 111.3262 361.27 4.00 3868484 0.00 607.520 18878.725
13.4900 8.2525 111.3262 361.80 4.00 3868504 0.00 609.301 18880.952
13.4900 8.2525 111.3262 362.30 4.00 3868524 0.00 610.988 18883.178
13.4900 8.2525 111.3262 362.82 4.00 3868544 0.00 612.748 18885.405
13.5313 7.8850 106.6939 363.30 4.00 3868564 0.00 614.359 18887.539
13.5313 7.8850 106.6939 363.76 4.00 3868584 0.00 615.902 18889.673
13.5313 7.8850 106.6939 364.30 4.00 3868604 0.00 617.758 18891.806
13.5475 7.7275 104.6883 364.75 4.00 3868624 0.00 619.284 18893.900
13.5475 7.7275 104.6883 365.29 4.00 3868644 0.00 621.102 18895.994
13.5475 7.7275 104.6883 365.78 4.00 3868664 0.00 622.785 18898.088
13.5475 7.7275 104.6883 366.24 4.00 3868684 0.00 624.352 18900.182
13.5200 7.8325 105.8954 366.70 4.00 3868704 0.00 625.925 18902.299
13.5200 7.8325 105.8954 367.20 4.00 3868724 0.00 627.635 18904.417
13.5200 7.8325 105.8954 367.60 4.00 3868744 0.00 629.004 18906.535
13.6112 7.2000 98.0010 368.07 4.00 3868764 0.00 630.595 18908.495
13.6112 7.2000 98.0010 368.55 4.00 3868784 0.00 632.239 18910.455
13.6112 7.2000 98.0010 368.96 4.00 3868804 0.00 633.662 18912.415
13.6112 7.2000 98.0010 369.48 4.00 3868824 0.00 635.443 18914.375
13.6075 7.1775 97.6678 369.91 4.00 3868844 0.00 636.932 18916.329
13.6075 7.1775 97.6678 370.29 4.00 3868864 0.00 638.215 18918.282
13.6075 7.1775 97.6678 370.76 4.00 3868884 0.00 639.848 18920.235
13.6075 7.1775 97.6678 371.20 4.00 3868904 0.00 641.369 18922.189
13.6175 7.0525 96.0374 371.66 4.00 3868924 0.00 642.951 18924.110
13.6175 7.0525 96.0374 372.06 4.00 3868944 0.00 644.340 18926.030
13.6175 7.0525 96.0374 372.44 4.00 3868964 0.00 645.660 18927.951
13.6613 6.7350 92.0085 372.86 4.00 3868984 0.00 647.105 18929.791
13.6613 6.7350 92.0085 373.29 4.00 3869004 0.00 648.604 18931.631
13.6613 6.7350 92.0085 373.82 4.00 3869024 0.00 650.448 18933.472
13.6613 6.7350 92.0085 374.17 4.00 3869044 0.00 651.690 18935.312
13.6337 6.8300 93.1185 374.57 4.00 3869064 0.00 653.074 18937.174
13.6337 6.8300 93.1185 374.95 4.00 3869084 0.00 654.405 18939.036
13.6337 6.8300 93.1185 375.38 4.00 3869104 0.00 655.896 18940.899
13.6950 6.4200 87.9219 375.76 4.00 3869124 0.00 657.211 18942.657
13.6950 6.4200 87.9219 376.09 4.00 3869144 0.00 658.365 18944.416
13.6950 6.4200 87.9219 376.52 4.00 3869164 0.00 659.886 18946.174
13.6950 6.4200 87.9219 376.94 4.00 3869184 0.00 661.371 18947.933
13.6962 6.3850 87.4506 377.32 4.00 3869204 0.00 662.678 18949.682
13.6962 6.3850 87.4506 377.63 4.00 3869224 0.00 663.779 18951.431
13.6962 6.3850 87.4506 378.09 4.00 3869244 0.00 665.387 18953.180
13.7675 5.9125 81.4003 378.42 4.00 3869264 0.00 666.554 18954.808
13.7675 5.9125 81.4003 378.79 4.00 3869284 0.00 667.850 18956.436
13.7675 5.9125 81.4003 379.12 4.00 3869304 0.00 669.041 18958.064
13.7675 5.9125 81.4003 379.52 4.00 3869324 0.00 670.430 18959.692
13.8500 5.4425 75.3786 379.80 4.00 3869344 0.00 671.432 18961.199
13.8500 5.4425 75.3786 380.17 4.00 3869364 0.00 672.726 18962.707
13.8500 5.4425 75.3786 380.49 4.00 3869384 0.00 673.861 18964.214
13.8500 5.4425 75.3786 380.83 4.00 3869404 0.00 675.076 18965.722
13.7650 5.8775 80.9038 381.16 4.00 3869424 0.00 676.243 18967.340
13.7650 5.8775 80.9038 381.50 4.00 3869444 0.00 677.448 18968.958
13.7650 5.8775 80.9038 381.89 4.00 3869464 0.00 678.828 18970.576
13.8350 5.4300 75.1240 382.21 4.00 3869484 0.00 679.987 18972.079
13.8350 5.4300 75.1240 382.46 4.00 3869504 0.00 680.863 18973.581
13.8350 5.4300 75.1240 382.80 4.00 3869524 0.00 682.080 18975.084
13.8350 5.4300 75.1240 383.12 4.00 3869544 0.00 683.239 18976.586
13.8362 5.4200 74.9925 383.41 4.00 3869564 0.00 684.244 18978.086
13.8362 5.4200 74.9925 383.74 4.00 3869584 0.00 685.443 18979.586
13.8362 5.4200 74.9925 384.10 4.00 3869604 0.00 686.716 18981.086
13.8450 5.3225 73.6900 384.46 4.00 3869624 0.00 688.002 18982.559
13.8450 5.3225 73.6900 384.63 4.00 3869644 0.00 688.619 18984.033
13.8450 5.3225 73.6900 385.05 4.00 3869664 0.00 690.123 18985.507
13.8450 5.3225 73.6900 385.27 4.00 3869684 0.00 690.912 18986.981
13.8725 5.1250 71.0965 385.56 4.00 3869704 0.00 691.951 18988.403
13.8725 5.1250 71.0965 385.87 4.00 3869724 0.00 693.064 18989.825
13.8725 5.1250 71.0965 386.16 4.00 3869744 0.00 694.099 18991.247
13.8725 5.1250 71.0965 386.48 4.00 3869764 0.00 695.253 18992.669
13.8625 5.1725 71.7038 386.79 4.00 3869784 0.00 696.383 18994.103
13.8625 5.1725 71.7038 387.13 4.00 3869804 0.00 697.606 18995.537
13.8625 5.1725 71.7038 387.40 4.00 3869824 0.00 698.588 18996.971
13.9137 4.8300 67.2034 387.74 4.00 3869844 0.00 699.817 18998.315
13.9137 4.8300 67.2034 387.97 4.00 3869864 0.00 700.613 18999.659
13.9137 4.8300 67.2034 388.25 4.00 3869884 0.00 701.656 19001.003
13.9137 4.8300 67.2034 388.48 4.00 3869904 0.00 702.474 19002.347
13.9037 4.9225 68.4412 388.77 4.00 3869924 0.00 703.522 19003.716
13.9037 4.9225 68.4412 389.06 4.00 3869944 0.00 704.589 19005.085
13.9037 4.9225 68.4412 389.39 4.00 3869964 0.00 705.770 19006.453
13.9350 4.6675 65.0416 389.70 4.00 3869984 0.00 706.907 19007.754
13.9350 4.6675 65.0416 389.89 4.00 3870004 0.00 707.596 19009.055
13.9350 4.6675 65.0416 390.18 4.00 3870024 0.00 708.646 19010.356
13.9350 4.6675 65.0416 390.45 4.00 3870044 0.00 709.615 19011.657
13.9937 4.3475 60.8378 390.73 4.00 3870064 0.00 710.650 19012.874
13.9937 4.3475 60.8378 391.00 4.00 3870084 0.00 711.623 19014.090
13.9937 4.3475 60.8378 391.19 4.00 3870104 0.00 712.310 19015.307
13.9937 4.3475 60.8378 391.36 4.00 3870124 0.00 712.914 19016.524
13.9800 4.4225 61.8265 391.74 4.00 3870144 0.00 714.320 19017.760
13.9800 4.4225 61.8265 392.02 4.00 3870164 0.00 715.347 19018.997
13.9800 4.4225 61.8265 392.20 4.00 3870184 0.00 715.993 19020.233
14.0750 3.8900 54.7517 392.39 4.00 3870204 0.00 716.695 19021.328
14.0750 3.8900 54.7517 392.59 4.00 3870224 0.00 717.427 19022.424
14.0750 3.8900 54.7517 392.81 4.00 3870244 0.00 718.235 19023.519
14.0750 3.8900 54.7517 393.00 4.00 3870264 0.00 718.932 19024.614
14.0350 4.1350 58.0347 393.20 4.00 3870284 0.00 719.639 19025.774
14.0350 4.1350 58.0347 393.44 4.00 3870304 0.00 720.526 19026.935
14.0350 4.1350 58.0347 393.70 4.00 3870324 0.00 721.491 19028.096
14.0175 4.1900 58.7333 393.98 4.00 3870344 0.00 722.496 19029.270
14.0175 4.1900 58.7333 394.19 4.00 3870364 0.00 723.274 19030.445
14.0175 4.1900 58.7333 394.39 4.00 3870384 0.00 723.997 19031.620
14.0175 4.1900 58.7333 394.58 4.00 3870404 0.00 724.721 19032.794
14.0125 4.1900 58.7124 394.87 4.00 3870424 0.00 725.780 19033.969
14.0125 4.1900 58.7124 394.96 4.00 3870444 0.00 726.115 19035.143
14.0125 4.1900 58.7124 395.26 4.00 3870464 0.00 727.215 19036.317
14.0112 4.1800 58.5670 395.45 4.00 3870484 0.00 727.915 19037.488
14.0112 4.1800 58.5670 395.75 4.00 3870504 0.00 729.020 19038.660
14.0112 4.1800 58.5670 396.04 4.00 3870524 0.00 730.089 19039.831
14.0112 4.1800 58.5670 396.25 4.00 3870544 0.00 730.851 19041.002
14.0950 3.6750 51.7991 396.35 4.00 3870564 0.00 731.237 19042.038
14.0950 3.6750 51.7991 396.67 4.00 3870584 0.00 732.407 19043.074
14.0950 3.6750 51.7991 396.82 4.00 3870604 0.00 732.960 19044.110
14.0950 3.6750 51.7991 396.96 4.00 3870624 0.00 733.493 19045.146
14.0962 3.7150 52.3676 397.16 4.00 3870644 0.00 734.212 19046.194
14.0962 3.7150 52.3676 397.36 4.00 3870664 0.00 734.941 19047.241
14.0962 3.7150 52.3676 397.49 4.00 3870684 0.00 735.438 19048.288
14.1563 3.3725 47.7419 397.81 4.00 3870704 0.00 736.619 19049.243
14.1563 3.3725 47.7419 397.99 4.00 3870724 0.00 737.283 19050.198
14.1563 3.3725 47.7419 398.18 4.00 3870744 0.00 737.988 19051.153
14.1563 3.3725 47.7419 398.29 4.00 3870764 0.00 738.409 19052.108
14.1812 3.2525 46.1245 398.51 4.00 3870784 0.00 739.214 19053.030
14.1812 3.2525 46.1245 398.65 4.00 3870804 0.00 739.744 19053.953
14.1812 3.2525 46.1245 398.84 4.00 3870824 0.00 740.433 19054.875
14.1100 3.6650 51.7131 398.99 4.00 3870844 0.00 740.985 19055.910
14.1100 3.6650 51.7131 399.17 4.00 3870864 0.00 741.665 19056.944
14.1100 3.6650 51.7131 399.42 4.00 3870884 0.00 742.613 19057.978
14.1100 3.6650 51.7131 399.54 4.00 3870904 0.00 743.039 19059.012
14.1625 3.3175 46.9841 399.78 4.00 3870924 0.00 743.940 19059.952
14.1625 3.3175 46.9841 399.95 4.00 3870944 0.00 744.585 19060.892
14.1625 3.3175 46.9841 400.20 4.00 3870964 0.00 745.509 19061.831
14.1625 3.3175 46.9841 400.29 4.00 3870984 0.00 745.837 19062.771
14.1300 3.5275 49.8436 400.41 4.00 3871004 0.00 746.275 19063.768
14.1300 3.5275 49.8436 400.58 4.00 3871024 0.00 746.913 19064.765
14.1300 3.5275 49.8436 400.86 4.00 3871044 0.00 747.951 19065.762
14.2137 2.9750 42.2859 401.01 4.00 3871064 0.00 748.511 19066.607
14.2137 2.9750 42.2859 401.17 4.00 3871084 0.00 749.122 19067.453
14.2137 2.9750 42.2859 401.27 4.00 3871104 0.00 749.503 19068.299
14.2137 2.9750 42.2859 401.46 4.00 3871124 0.00 750.185 19069.145
14.2837 2.7150 38.7804 401.61 4.00 3871144 0.00 750.747 19069.920
14.2837 2.7150 38.7804 401.69 4.00 3871164 0.00 751.049 19070.696
14.2837 2.7150 38.7804 401.88 4.00 3871184 0.00 751.764 19071.471
14.2137 3.1050 44.1337 401.98 4.00 3871204 0.00 752.146 19072.354
14.2137 3.1050 44.1337 402.13 4.00 3871224 0.00 752.711 19073.237
14.2137 3.1050 44.1337 402.28 4.00 3871244 0.00 753.256 19074.119
14.2137 3.1050 44.1337 402.49 4.00 3871264 0.00 754.045 19075.002
14.3000 2.5975 37.1442 402.57 4.00 3871284 0.00 754.338 19075.745
14.3000 2.5975 37.1442 402.66 4.00 3871304 0.00 754.693 19076.488
14.3000 2.5975 37.1442 402.90 4.00 3871324 0.00 755.595 19077.231
14.3012 2.6350 37.6838 402.90 4.00 3871344 0.00 755.605 19077.984
14.3012 2.6350 37.6838 403.01 4.00 3871364 0.00 756.011 19078.738
14.3012 2.6350 37.6838 403.24 4.00 3871384 0.00 756.885 19079.492
14.3012 2.6350 37.6838 403.33 4.00 3871404 0.00 757.191 19080.245
14.2737 2.7700 39.5383 403.54 4.00 3871424 0.00 757.995 19081.036
14.2737 2.7700 39.5383 403.71 4.00 3871444 0.00 758.628 19081.827
14.2737 2.7700 39.5383 403.70 4.00 3871464 0.00 758.577 19082.618
14.2737 2.7700 39.5383 403.87 4.00 3871484 0.00 759.231 19083.408
14.2863 2.7250 38.9300 403.94 4.00 3871504 0.00 759.486 19084.187
14.2863 2.7250 38.9300 404.06 4.00 3871524 0.00 759.947 19084.966
14.2863 2.7250 38.9300 404.16 4.00 3871544 0.00 760.326 19085.744
14.2950 2.6625 38.0604 404.33 4.00 3871564 0.00 760.961 19086.505
14.2950 2.6625 38.0604 404.51 4.00 3871584 0.00 761.638 19087.267
14.2950 2.6625 38.0604 404.59 4.00 3871604 0.00 761.936 19088.028
14.2950 2.6625 38.0604 404.74 4.00 3871624 0.00 762.512 19088.789
14.3125 2.5425 36.3895 404.83 4.00 3871644 0.00 762.862 19089.517
14.3125 2.5425 36.3895 0.00 4.00 3871664 0.00 0.000 19090.245
14.3125 2.5425 36.3895 405.08 4.00 3871684 0.00 763.789 19090.972
14.2975 2.6625 38.0671 405.26 4.00 3871704 0.00 764.470 19091.734
14.2975 2.6625 38.0671 405.21 4.00 3871724 0.00 764.274 19092.495
14.2975 2.6625 38.0671 405.40 4.00 3871744 0.00 764.987 19093.256
14.2975 2.6625 38.0671 405.62 4.00 3871764 0.00 765.815 19094.018
14.3062 2.5975 37.1605 405.71 4.00 3871784 0.00 766.156 19094.761
14.3062 2.5975 37.1605 405.88 4.00 3871804 0.00 766.799 19095.504
14.3062 2.5975 37.1605 405.89 4.00 3871824 0.00 766.851 19096.247
14.3062 2.5975 37.1605 406.07 4.00 3871844 0.00 767.536 19096.991
14.3412 2.4175 34.6700 406.17 4.00 3871864 0.00 767.911 19097.684
14.3412 2.4175 34.6700 406.21 4.00 3871884 0.00 768.056 19098.377
14.3412 2.4175 34.6700 406.30 4.00 3871904 0.00 768.410 19099.071
14.3212 2.5425 36.4118 406.50 4.00 3871924 0.00 769.149 19099.799
14.3212 2.5425 36.4118 406.53 4.00 3871944 0.00 769.274 19100.527
14.3212 2.5425 36.4118 406.74 4.00 3871964 0.00 770.046 19101.256
14.3212 2.5425 36.4118 406.85 4.00 3871984 0.00 770.495 19101.984
14.3650 2.2850 32.8240 406.92 4.00 3872004 0.00 770.736 19102.640
14.3650 2.2850 32.8240 407.02 4.00 3872024 0.00 771.123 19103.297
14.3650 2.2850 32.8240 407.12 4.00 3872044 0.00 771.510 19103.953
14.3700 2.2800 32.7636 407.22 4.00 3872064 0.00 771.866 19104.609
14.3700 2.2800 32.7636 407.30 4.00 3872084 0.00 772.170 19105.264
14.3700 2.2800 32.7636 407.44 4.00 3872104 0.00 772.715 19105.919
14.3700 2.2800 32.7636 407.60 4.00 3872124 0.00 773.335 19106.574
14.3500 2.3575 33.8301 407.65 4.00 3872144 0.00 773.503 19107.251
14.3500 2.3575 33.8301 407.79 4.00 3872164 0.00 774.029 19107.928
14.3500 2.3575 33.8301 407.83 4.00 3872184 0.00 774.197 19108.604
14.3500 2.4300 34.8705 407.93 4.00 3872204 0.00 774.587 19109.302
14.3488 2.4300 34.8675 408.14 4.00 3872224 0.00 775.377 19109.999
14.3488 2.4300 34.8675 408.13 4.00 3872244 0.00 775.325 19110.696
14.3488 2.4300 34.8675 408.24 4.00 3872264 0.00 775.736 19111.394
14.3162 2.5625 36.6854 408.35 4.00 3872284 0.00 776.180 19112.127
14.3162 2.5625 36.6854 408.43 4.00 3872304 0.00 776.465 19112.861
14.3162 2.5625 36.6854 408.62 4.00 3872324 0.00 777.216 19113.595
14.3162 2.5625 36.6854 408.69 4.00 3872344 0.00 777.481 19114.328
14.3737 2.2400 32.1972 408.76 4.00 3872364 0.00 777.746 19114.972
14.3737 2.2400 32.1972 408.95 4.00 3872384 0.00 778.467 19115.616
14.3737 2.2400 32.1972 408.97 4.00 3872404 0.00 778.531 19116.260
14.4113 2.0375 29.3629 409.05 4.00 3872424 0.00 778.849 19116.848
14.4113 2.0375 29.3629 409.19 4.00 3872444 0.00 779.370 19117.435
14.4113 2.0375 29.3629 409.26 4.00 3872464 0.00 779.625 19118.022
14.4113 2.0375 29.3629 409.39 4.00 3872484 0.00 780.146 19118.609
14.4300 1.9825 28.6075 409.44 4.00 3872504 0.00 780.317 19119.181
14.4300 1.9825 28.6075 409.50 4.00 3872524 0.00 780.540 19119.754
14.4300 1.9825 28.6075 409.62 4.00 3872544 0.00 781.009 19120.326
14.4425 1.9225 27.7657 409.63 4.00 3872564 0.00 781.063 19120.881
14.4425 1.9225 27.7657 409.66 4.00 3872584 0.00 781.169 19121.436
14.4425 1.9225 27.7657 409.74 4.00 3872604 0.00 781.468 19121.992
14.4425 1.9225 27.7657 409.87 4.00 3872624 0.00 781.959 19122.547
14.3987 2.1800 31.3893 409.93 4.00 3872644 0.00 782.173 19123.175
14.3987 2.1800 31.3893 410.00 4.00 3872664 0.00 782.440 19123.803
14.3987 2.1800 31.3893 410.21 4.00 3872684 0.00 783.275 19124.430
14.3987 2.1800 31.3893 410.16 4.00 3872704 0.00 783.050 19125.058
14.4475 1.8900 27.3058 410.26 4.00 3872724 0.00 783.436 19125.604
14.4475 1.8900 27.3058 410.37 4.00 3872744 0.00 783.864 19126.150
14.4475 1.8900 27.3058 410.37 4.00 3872764 0.00 783.886 19126.696
14.4362 2.0000 28.8725 410.37 4.00 3872784 0.00 783.875 19127.274
14.4362 2.0000 28.8725 410.57 4.00 3872804 0.00 784.648 19127.851
14.4362 2.0000 28.8725 410.69 4.00 3872824 0.00 785.099 19128.429
14.4362 2.0000 28.8725 410.78 4.00 3872844 0.00 785.421 19129.006
14.4550 1.8600 26.8863 410.80 4.00 3872864 0.00 785.518 19129.544
14.4550 1.8600 26.8863 410.78 4.00 3872884 0.00 785.454 19130.082
14.4550 1.8600 26.8863 410.86 4.00 3872904 0.00 785.755 19130.619
14.4500 1.9375 27.9969 410.95 4.00 3872924 0.00 786.078 19131.179
14.4500 1.9375 27.9969 411.05 4.00 3872944 0.00 786.487 19131.739
14.4500 1.9375 27.9969 411.08 4.00 3872964 0.00 786.584 19132.299
14.4500 1.9375 27.9969 411.11 4.00 3872984 0.00 786.703 19132.859
14.4525 1.8850 27.2430 411.27 4.00 3873004 0.00 787.296 19133.404
14.4525 1.8850 27.2430 411.38 4.00 3873024 0.00 787.739 19133.949
14.4525 1.8850 27.2430 411.40 4.00 3873044 0.00 787.825 19134.494
14.4525 1.8850 27.2430 411.44 4.00 3873064 0.00 787.966 19135.039
14.5275 1.5025 21.8276 411.57 4.00 3873084 0.00 788.452 19135.475
14.5275 1.5025 21.8276 411.60 4.00 3873104 0.00 788.560 19135.912
14.5275 1.5025 21.8276 411.57 4.00 3873124 0.00 788.441 19136.348
14.4950 1.7275 25.0401 411.61 4.00 3873144 0.00 788.604 19136.849
14.4950 1.7275 25.0401 411.68 4.00 3873164 0.00 788.863 19137.350
14.4950 1.7275 25.0401 411.75 4.00 3873184 0.00 789.167 19137.851
14.4950 1.7275 25.0401 411.89 4.00 3873204 0.00 789.676 19138.352
14.5200 1.5825 22.9779 411.90 4.00 3873224 0.00 789.719 19138.811
14.5200 1.5825 22.9779 411.95 4.00 3873244 0.00 789.925 19139.271
14.5200 1.5825 22.9779 411.98 4.00 3873264 0.00 790.023 19139.730
14.4525 1.9625 28.3630 412.08 4.00 3873284 0.00 790.414 19140.297
14.4525 1.9625 28.3630 412.16 4.00 3873304 0.00 790.739 19140.865
14.4525 1.9625 28.3630 412.10 4.00 3873324 0.00 790.511 19141.432
14.4525 1.9625 28.3630 412.27 4.00 3873344 0.00 791.131 19141.999
14.4787 1.7775 25.7360 412.36 4.00 3873364 0.00 791.501 19142.514
14.4787 1.7775 25.7360 412.39 4.00 3873384 0.00 791.598 19143.029
14.4787 1.7775 25.7360 412.41 4.00 3873404 0.00 791.685 19143.543
14.5262 1.5700 22.8062 412.49 4.00 3873424 0.00 791.979 19144.000
14.5262 1.5700 22.8062 412.48 4.00 3873444 0.00 791.969 19144.456
14.5262 1.5700 22.8062 412.50 4.00 3873464 0.00 792.023 19144.912
14.5262 1.5700 22.8062 412.65 4.00 3873484 0.00 792.600 19145.368
14.4575 1.9675 28.4451 412.68 4.00 3873504 0.00 792.709 19145.937
14.4575 1.9675 28.4451 412.79 4.00 3873524 0.00 793.135 19146.506
14.4575 1.9675 28.4451 412.78 4.00 3873544 0.00 793.102 19147.075
14.4575 1.9675 28.4451 412.93 4.00 3873564 0.00 793.681 19147.643
14.5212 1.5625 22.6895 412.94 4.00 3873584 0.00 793.714 19148.097
14.5212 1.5625 22.6895 413.01 4.00 3873604 0.00 793.998 19148.551
14.5212 1.5625 22.6895 413.10 4.00 3873624 0.00 794.315 19149.005
14.4862 1.7925 25.9666 413.06 4.00 3873644 0.00 794.194 19149.524
14.4862 1.7925 25.9666 413.15 4.00 3873664 0.00 794.545 19150.044
14.4862 1.7925 25.9666 413.30 4.00 3873684 0.00 795.103 19150.563
14.4862 1.7925 25.9666 413.38 4.00 3873704 0.00 795.399 19151.082
14.4963 1.7100 24.7886 413.36 4.00 3873724 0.00 795.322 19151.578
14.4963 1.7100 24.7886 413.45 4.00 3873744 0.00 795.695 19152.074
14.4963 1.7100 24.7886 413.49 4.00 3873764 0.00 795.848 19152.570
14.5287 1.5725 22.8465 413.58 4.00 3873784 0.00 796.167 19153.026
14.5287 1.5725 22.8465 413.59 4.00 3873804 0.00 796.232 19153.483
14.5287 1.5725 22.8465 413.60 4.00 3873824 0.00 796.265 19153.940
14.5287 1.5725 22.8465 413.62 4.00 3873844 0.00 796.320 19154.397
14.4975 1.7425 25.2619 413.84 4.00 3873864 0.00 797.166 19154.902
14.4975 1.7425 25.2619 413.79 4.00 3873884 0.00 796.990 19155.408
14.4975 1.7425 25.2619 413.79 4.00 3873904 0.00 797.001 19155.913
14.4975 1.7425 25.2619 413.87 4.00 3873924 0.00 797.298 19156.418
14.5637 1.3725 19.9887 413.96 4.00 3873944 0.00 797.628 19156.818
14.5637 1.3725 19.9887 414.04 4.00 3873964 0.00 797.959 19157.218
14.5637 1.3725 19.9887 414.00 4.00 3873984 0.00 797.793 19157.617
14.5325 1.5800 22.9613 413.90 4.00 3874004 0.00 797.397 19158.077
14.5325 1.5800 22.9613 414.08 4.00 3874024 0.00 798.113 19158.536
14.5325 1.5800 22.9613 414.09 4.00 3874044 0.00 798.146 19158.995
14.5325 1.5800 22.9613 414.21 4.00 3874064 0.00 798.609 19159.454
14.5025 1.7200 24.9443 414.27 4.00 3874084 0.00 798.851 19159.953
14.5025 1.7200 24.9443 414.31 4.00 3874104 0.00 798.984 19160.452
14.5025 1.7200 24.9443 414.29 4.00 3874124 0.00 798.929 19160.951
14.5187 1.6350 23.7382 414.38 4.00 3874144 0.00 799.260 19161.426
14.5187 1.6350 23.7382 414.41 4.00 3874164 0.00 799.392 19161.901
14.5187 1.6350 23.7382 414.44 4.00 3874184 0.00 799.503 19162.375
14.5187 1.6350 23.7382 414.54 4.00 3874204 0.00 799.878 19162.850
14.5162 1.6525 23.9881 414.54 4.00 3874224 0.00 799.889 19163.330
14.5162 1.6525 23.9881 414.72 4.00 3874244 0.00 800.575 19163.810
14.5162 1.6525 23.9881 414.69 4.00 3874264 0.00 800.453 19164.289
14.5162 1.5250 22.1373 414.74 4.00 3874284 0.00 800.664 19164.732
14.5400 1.5250 22.1735 414.75 4.00 3874304 0.00 800.708 19165.176
14.5400 1.5250 22.1735 414.83 4.00 3874324 0.00 800.996 19165.619
14.5400 1.5250 22.1735 414.85 4.00 3874344 0.00 801.095 19166.063
14.5300 1.6150 23.4659 414.87 4.00 3874364 0.00 801.140 19166.532
14.5300 1.6150 23.4659 414.94 4.00 3874384 0.00 801.428 19167.001
14.5300 1.6150 23.4659 415.00 4.00 3874404 0.00 801.650 19167.471
14.5300 1.6150 23.4659 415.01 4.00 3874424 0.00 801.683 19167.940
14.6062 1.1450 16.7242 415.12 4.00 3874444 0.00 802.116 19168.274
14.6062 1.1450 16.7242 415.07 4.00 3874464 0.00 801.938 19168.609
14.6062 1.1450 16.7242 415.14 4.00 3874484 0.00 802.216 19168.943
14.5662 1.4600 21.2667 415.25 4.00 3874504 0.00 802.627 19169.369
14.5662 1.4600 21.2667 415.16 4.00 3874524 0.00 802.293 19169.794
14.5662 1.4600 21.2667 415.27 4.00 3874544 0.00 802.682 19170.219
14.5662 1.4600 21.2667 415.19 4.00 3874564 0.00 802.404 19170.645
14.5587 1.4625 21.2922 415.30 4.00 3874584 0.00 802.827 19171.070
14.5587 1.4625 21.2922 415.35 4.00 3874604 0.00 803.004 19171.496
14.5587 1.4625 21.2922 415.40 4.00 3874624 0.00 803.204 19171.922
14.5787 1.3625 19.8635 415.39 4.00 3874644 0.00 803.171 19172.319
14.5787 1.3625 19.8635 415.45 4.00 3874664 0.00 803.405 19172.717
14.5787 1.3625 19.8635 415.46 4.00 3874684 0.00 803.438 19173.114
14.5787 1.3625 19.8635 415.53 4.00 3874704 0.00 803.705 19173.511
14.5462 1.5575 22.6558 415.55 4.00 3874724 0.00 803.783 19173.964
14.5462 1.5575 22.6558 415.62 4.00 3874744 0.00 804.062 19174.417
14.5462 1.5575 22.6558 415.67 4.00 3874764 0.00 804.262 19174.871
14.5462 1.5575 22.6558 415.66 4.00 3874784 0.00 804.206 19175.324
14.6412 1.0175 14.8975 415.64 4.00 3874804 0.00 804.151 19175.622
14.6412 1.0175 14.8975 415.77 4.00 3874824 0.00 804.641 19175.920
14.6412 1.0175 14.8975 415.73 4.00 3874844 0.00 804.474 19176.218
14.6275 1.1550 16.8948 415.67 4.00 3874864 0.00 804.262 19176.555
14.6275 1.1550 16.8948 415.69 4.00 3874884 0.00 804.340 19176.893
14.6275 1.1550 16.8948 415.81 4.00 3874904 0.00 804.808 19177.231
14.6275 1.1550 16.8948 415.82 4.00 3874924 0.00 804.819 19177.569
14.5975 1.3050 19.0497 415.85 4.00 3874944 0.00 804.953 19177.950
14.5975 1.3050 19.0497 415.87 4.00 3874964 0.00 805.020 19178.331
14.5975 1.3050 19.0497 415.84 4.00 3874984 0.00 804.898 19178.712
14.6337 1.1375 16.6459 415.92 4.00 3875004 0.00 805.210 19179.045
14.6337 1.1375 16.6459 415.88 4.00 3875024 0.00 805.054 19179.378
14.6337 1.1375 16.6459 415.85 4.00 3875044 0.00 804.931 19179.711
14.6337 1.1375 16.6459 415.96 4.00 3875064 0.00 805.378 19180.044
14.5525 1.5750 22.9202 416.03 4.00 3875084 0.00 805.623 19180.502
14.5525 1.5750 22.9202 416.00 4.00 3875104 0.00 805.523 19180.961
14.5525 1.5750 22.9202 416.05 4.00 3875124 0.00 805.713 19181.419
14.5525 1.5750 22.9202 416.10 4.00 3875144 0.00 805.903 19181.877
14.5612 1.5275 22.2423 416.06 4.00 3875164 0.00 805.746 19182.322
14.5612 1.5275 22.2423 416.13 4.00 3875184 0.00 806.015 19182.767
14.5612 1.5275 22.2423 416.18 4.00 3875204 0.00 806.227 19183.212
14.5687 1.4350 20.9062 416.17 4.00 3875224 0.00 806.171 19183.630
14.5687 1.4350 20.9062 416.27 4.00 3875244 0.00 806.574 19184.048
14.5687 1.4350 20.9062 416.37 4.00 3875264 0.00 806.977 19184.466
14.5687 1.4350 20.9062 416.43 4.00 3875284 0.00 807.201 19184.884
14.6450 1.0400 15.2308 416.42 4.00 3875304 0.00 807.134 19185.189
14.6450 1.0400 15.2308 416.39 4.00 3875324 0.00 807.033 19185.494
14.6450 1.0400 15.2308 416.37 4.00 3875344 0.00 806.977 19185.798
14.6212 1.2375 18.0938 416.42 4.00 3875364 0.00 807.156 19186.160
14.6212 1.2375 18.0938 416.39 4.00 3875384 0.00 807.033 19186.522
14.6212 1.2375 18.0938 416.43 4.00 3875404 0.00 807.201 19186.884
14.6212 1.2375 18.0938 416.45 4.00 3875424 0.00 807.268 19187.246
14.6275 1.1750 17.1873 416.49 4.00 3875444 0.00 807.425 19187.590
14.6275 1.1750 17.1873 416.54 4.00 3875464 0.00 807.604 19187.933
14.6275 1.1750 17.1873 416.52 4.00 3875484 0.00 807.548 19188.277
14.5700 1.5250 22.2192 416.54 4.00 3875504 0.00 807.616 19188.721
14.5700 1.5250 22.2192 416.55 4.00 3875524 0.00 807.661 19189.166
14.5700 1.5250 22.2192 416.60 4.00 3875544 0.00 807.840 19189.610
14.5700 1.5250 22.2192 416.74 4.00 3875564 0.00 808.412 19190.055
14.5487 1.6050 23.3507 416.63 4.00 3875584 0.00 807.975 19190.522
14.5487 1.6050 23.3507 416.73 4.00 3875604 0.00 808.356 19190.989
14.5487 1.6050 23.3507 416.79 4.00 3875624 0.00 808.581 19191.456
14.5487 1.6050 23.3507 416.81 4.00 3875644 0.00 808.671 19191.923
14.6662 0.9275 13.6029 416.82 4.00 3875664 0.00 808.693 19192.195
14.6662 0.9275 13.6029 416.84 4.00 3875684 0.00 808.794 19192.467
14.6662 0.9275 13.6029 416.90 4.00 3875704 0.00 808.997 19192.739
14.6100 1.3075 19.1026 416.87 4.00 3875724 0.00 808.884 19193.121
14.6100 1.3075 19.1026 416.84 4.00 3875744 0.00 808.783 19193.503
14.6100 1.3075 19.1026 416.96 4.00 3875764 0.00 809.244 19193.885
14.6100 1.3075 19.1026 416.99 4.00 3875784 0.00 809.368 19194.267
14.6212 1.2025 17.5821 417.01 4.00 3875804 0.00 809.424 19194.619
14.6212 1.2025 17.5821 417.07 4.00 3875824 0.00 809.672 19194.970
14.6212 1.2025 17.5821 417.00 4.00 3875844 0.00 809.390 19195.322
14.6437 1.1375 16.6573 417.09 4.00 3875864 0.00 809.739 19195.655
14.6437 1.1375 16.6573 417.03 4.00 3875884 0.00 809.525 19195.988
14.6437 1.1375 16.6573 417.02 4.00 3875904 0.00 809.469 19196.321
14.6437 1.1375 16.6573 417.08 4.00 3875924 0.00 809.694 19196.654
14.6163 1.2825 18.7453 417.13 4.00 3875944 0.00 809.919 19197.029
14.6163 1.2825 18.7453 417.19 4.00 3875964 0.00 810.122 19197.404
14.6163 1.2825 18.7453 417.15 4.00 3875984 0.00 809.998 19197.779
14.6163 1.2825 18.7453 417.22 4.00 3876004 0.00 810.246 19198.154
14.6275 1.1900 17.4067 417.16 4.00 3876024 0.00 810.032 19198.502
14.6275 1.1900 17.4067 417.22 4.00 3876044 0.00 810.246 19198.850
14.6275 1.1900 17.4067 417.22 4.00 3876064 0.00 810.257 19199.199
14.6212 1.2675 18.5324 417.19 4.00 3876084 0.00 810.144 19199.569
14.6212 1.2675 18.5324 417.26 4.00 3876104 0.00 810.415 19199.940
14.6212 1.2675 18.5324 417.24 4.00 3876124 0.00 810.325 19200.310
14.6212 1.2675 18.5324 417.43 4.00 3876144 0.00 811.080 19200.681
14.5950 1.3750 20.0681 417.37 4.00 3876164 0.00 810.832 19201.082
14.5950 1.3750 20.0681 417.36 4.00 3876184 0.00 810.787 19201.484
14.5950 1.3750 20.0681 417.37 4.00 3876204 0.00 810.821 19201.885
14.6550 1.0675 15.6442 417.42 4.00 3876224 0.00 811.047 19202.198
14.6550 1.0675 15.6442 417.44 4.00 3876244 0.00 811.103 19202.511
14.6550 1.0675 15.6442 417.40 4.00 3876264 0.00 810.967 19202.824
14.6550 1.0675 15.6442 417.49 4.00 3876284 0.00 811.306 19203.137
14.5950 1.4025 20.4695 417.57 4.00 3876304 0.00 811.600 19203.546
14.5950 1.4025 20.4695 417.61 4.00 3876324 0.00 811.781 19203.956
14.5950 1.4025 20.4695 417.54 4.00 3876344 0.00 811.487 19204.365
14.5912 1.4150 20.6466 417.61 4.00 3876364 0.00 811.758 19204.778
14.5912 1.4150 20.6466 417.68 4.00 3876384 0.00 812.041 19205.191
14.5912 1.4150 20.6466 417.62 4.00 3876404 0.00 811.814 19205.604
14.5912 1.4150 20.6466 417.67 4.00 3876424 0.00 812.018 19206.017
14.6337 1.1825 17.3044 417.62 4.00 3876444 0.00 811.826 19206.363
14.6337 1.1825 17.3044 417.70 4.00 3876464 0.00 812.120 19206.709
14.6337 1.1825 17.3044 417.83 4.00 3876484 0.00 812.618 19207.055
14.6337 1.1825 17.3044 417.78 4.00 3876504 0.00 812.448 19207.401
14.6412 1.1250 16.4714 417.77 4.00 3876524 0.00 812.391 19207.730
14.6412 1.1250 16.4714 417.77 4.00 3876544 0.00 812.380 19208.060
14.6412 1.1250 16.4714 417.82 4.00 3876564 0.00 812.606 19208.389
14.6937 0.8875 13.0407 417.83 4.00 3876584 0.00 812.629 19208.650
14.6937 0.8875 13.0407 417.79 4.00 3876604 0.00 812.459 19208.911
14.6937 0.8875 13.0407 417.77 4.00 3876624 0.00 812.403 19209.172
14.6937 0.8875 13.0407 417.83 4.00 3876644 0.00 812.629 19209.433
14.6450 1.1750 17.2079 417.93 4.00 3876664 0.00 813.002 19209.777
14.6450 1.1750 17.2079 417.87 4.00 3876684 0.00 812.776 19210.121
14.6450 1.1750 17.2079 417.89 4.00 3876704 0.00 812.878 19210.465
14.6312 1.2475 18.2525 417.90 4.00 3876724 0.00 812.901 19210.830
14.6312 1.2475 18.2525 417.93 4.00 3876744 0.00 813.002 19211.195
14.6312 1.2475 18.2525 417.96 4.00 3876764 0.00 813.150 19211.560
14.6312 1.2475 18.2525 417.91 4.00 3876784 0.00 812.935 19211.925
14.6325 1.2275 17.9614 417.98 4.00 3876804 0.00 813.195 19212.284
14.6325 1.2275 17.9614 417.97 4.00 3876824 0.00 813.172 19212.644
14.6325 1.2275 17.9614 418.04 4.00 3876844 0.00 813.456 19213.003
14.6325 1.2275 17.9614 418.05 4.00 3876864 0.00 813.467 19213.362
14.6900 0.9250 13.5882 418.02 4.00 3876884 0.00 813.354 19213.634
14.6900 0.9250 13.5882 417.99 4.00 3876904 0.00 813.263 19213.906
14.6900 0.9250 13.5882 417.98 4.00 3876924 0.00 813.206 19214.177
14.6262 1.3000 19.0141 418.01 4.00 3876944 0.00 813.320 19214.558
14.6262 1.3000 19.0141 418.08 4.00 3876964 0.00 813.592 19214.938
14.6262 1.3000 19.0141 418.06 4.00 3876984 0.00 813.535 19215.318
14.6262 1.3000 19.0141 418.09 4.00 3877004 0.00 813.649 19215.699
14.6712 1.0175 14.9280 418.12 4.00 3877024 0.00 813.762 19215.997
14.6712 1.0175 14.9280 418.09 4.00 3877044 0.00 813.649 19216.296
14.6712 1.0175 14.9280 418.12 4.00 3877064 0.00 813.750 19216.594
14.6187 1.3325 19.4795 418.17 4.00 3877084 0.00 813.932 19216.984
14.6187 1.3325 19.4795 418.19 4.00 3877104 0.00 814.011 19217.373
14.6187 1.3325 19.4795 418.23 4.00 3877124 0.00 814.170 19217.763
14.6187 1.3325 19.4795 418.22 4.00 3877144 0.00 814.136 19218.153
14.5900 1.4550 21.2284 418.34 4.00 3877164 0.00 814.602 19218.577
14.5900 1.4550 21.2284 418.35 4.00 3877184 0.00 814.670 19219.002
14.5900 1.4550 21.2284 418.39 4.00 3877204 0.00 814.795 19219.426
14.5900 1.4550 21.2284 418.38 4.00 3877224 0.00 814.761 19219.851
14.6325 1.2375 18.1077 418.37 4.00 3877244 0.00 814.738 19220.213
14.6325 1.2375 18.1077 418.35 4.00 3877264 0.00 814.647 19220.575
14.6325 1.2375 18.1077 418.33 4.00 3877284 0.00 814.556 19220.937
14.6325 1.2250 17.9248 418.41 4.00 3877304 0.00 814.886 19221.296
14.6325 1.2250 17.9248 418.54 4.00 3877324 0.00 815.397 19221.654
14.6325 1.2250 17.9248 418.55 4.00 3877344 0.00 815.420 19222.013
14.6325 1.2250 17.9248 418.55 4.00 3877364 0.00 815.432 19222.371
14.6412 1.1925 17.4597 418.54 4.00 3877384 0.00 815.375 19222.721
14.6412 1.1925 17.4597 418.58 4.00 3877404 0.00 815.534 19223.070
14.6412 1.1925 17.4597 418.60 4.00 3877424 0.00 815.625 19223.419
14.6350 1.2350 18.0742 418.60 4.00 3877444 0.00 815.614 19223.780
14.6350 1.2350 18.0742 418.57 4.00 3877464 0.00 815.500 19224.142
14.6350 1.2350 18.0742 418.61 4.00 3877484 0.00 815.670 19224.503
14.6350 1.2350 18.0742 418.70 4.00 3877504 0.00 816.012 19224.865
14.6725 0.9875 14.4891 418.71 4.00 3877524 0.00 816.069 19225.155
14.6725 0.9875 14.4891 418.73 4.00 3877544 0.00 816.138 19225.444
14.6725 0.9875 14.4891 418.71 4.00 3877564 0.00 816.046 19225.734
14.6212 1.3200 19.3000 418.75 4.00 3877584 0.00 816.206 19226.120
14.6212 1.3200 19.3000 418.75 4.00 3877604 0.00 816.206 19226.506
14.6212 1.3200 19.3000 418.71 4.00 3877624 0.00 816.046 19226.892
14.6212 1.3200 19.3000 418.72 4.00 3877644 0.00 816.103 19227.278
14.6437 1.1975 17.5359 418.80 4.00 3877664 0.00 816.388 19227.629
14.6437 1.1975 17.5359 418.87 4.00 3877684 0.00 816.662 19227.980
14.6437 1.1975 17.5359 418.85 4.00 3877704 0.00 816.593 19228.330
14.6437 1.1975 17.5359 418.88 4.00 3877724 0.00 816.719 19228.681
14.6987 0.8825 12.9716 418.84 4.00 3877744 0.00 816.548 19228.940
14.6987 0.8825 12.9716 418.76 4.00 3877764 0.00 816.263 19229.200
14.6987 0.8825 12.9716 418.82 4.00 3877784 0.00 816.479 19229.459
14.6287 1.3125 19.2002 418.85 4.00 3877804 0.00 816.605 19229.843
14.6287 1.3125 19.2002 418.87 4.00 3877824 0.00 816.673 19230.227
14.6287 1.3125 19.2002 418.94 4.00 3877844 0.00 816.947 19230.611
14.6287 1.3125 19.2002 418.84 4.00 3877864 0.00 816.570 19230.995
14.6662 1.0625 15.5829 418.96 4.00 3877884 0.00 817.038 19231.307
14.6662 1.0625 15.5829 418.99 4.00 3877904 0.00 817.129 19231.619
14.6662 1.0625 15.5829 419.00 4.00 3877924 0.00 817.198 19231.930
14.6362 1.2600 18.4417 419.03 4.00 3877944 0.00 817.301 19232.299
14.6362 1.2600 18.4417 419.00 4.00 3877964 0.00 817.175 19232.668
14.6362 1.2600 18.4417 418.99 4.00 3877984 0.00 817.129 19233.037
14.6362 1.2600 18.4417 419.09 4.00 3878004 0.00 817.529 19233.406
14.6075 1.3775 20.1218 419.14 4.00 3878024 0.00 817.723 19233.808
14.6075 1.3775 20.1218 419.15 4.00 3878044 0.00 817.769 19234.211
14.6075 1.3775 20.1218 419.14 4.00 3878064 0.00 817.746 19234.613
14.6075 1.3775 20.1218 419.16 4.00 3878084 0.00 817.803 19235.015
14.6800 0.9850 14.4598 419.17 4.00 3878104 0.00 817.860 19235.305
14.6800 0.9850 14.4598 419.17 4.00 3878124 0.00 817.860 19235.594
14.6800 0.9850 14.4598 419.21 4.00 3878144 0.00 818.020 19235.883
14.6100 1.3900 20.3079 419.26 4.00 3878164 0.00 818.180 19236.289
14.6100 1.3900 20.3079 419.26 4.00 3878184 0.00 818.180 19236.695
14.6100 1.3900 20.3079 419.30 4.00 3878204 0.00 818.375 19237.101
14.6100 1.3900 20.3079 419.32 4.00 3878224 0.00 818.432 19237.508
14.6475 1.1700 17.1376 419.31 4.00 3878244 0.00 818.386 19237.850
14.6475 1.1700 17.1376 419.35 4.00 3878264 0.00 818.546 19238.193
14.6475 1.1700 17.1376 419.40 4.00 3878284 0.00 818.741 19238.536
14.6388 1.2200 17.8593 419.39 4.00 3878304 0.00 818.695 19238.893
14.6388 1.2200 17.8593 419.35 4.00 3878324 0.00 818.535 19239.250
14.6388 1.2200 17.8593 419.51 4.00 3878344 0.00 819.165 19239.607
14.6388 1.2200 17.8593 419.55 4.00 3878364 0.00 819.336 19239.965
14.6487 1.1450 16.7728 419.53 4.00 3878384 0.00 819.256 19240.300
14.6487 1.1450 16.7728 419.47 4.00 3878404 0.00 819.039 19240.636
14.6487 1.1450 16.7728 419.50 4.00 3878424 0.00 819.119 19240.971
14.6575 1.1275 16.5263 419.54 4.00 3878444 0.00 819.279 19241.302
14.6575 1.1275 16.5263 419.58 4.00 3878464 0.00 819.440 19241.632
14.6575 1.1275 16.5263 419.53 4.00 3878484 0.00 819.268 19241.963
14.6575 1.1275 16.5263 419.46 4.00 3878504 0.00 818.970 19242.293
14.6962 0.9300 13.6675 419.59 4.00 3878524 0.00 819.485 19242.566
14.6962 0.9300 13.6675 419.55 4.00 3878544 0.00 819.313 19242.840
14.6962 0.9300 13.6675 419.63 4.00 3878564 0.00 819.657 19243.113
14.6962 0.9300 13.6675 419.50 4.00 3878584 0.00 819.153 19243.387
14.6937 0.9375 13.7754 419.59 4.00 3878604 0.00 819.474 19243.662
14.6937 0.9375 13.7754 419.61 4.00 3878624 0.00 819.577 19243.938
14.6937 0.9375 13.7754 419.69 4.00 3878644 0.00 819.898 19244.213
14.7087 0.8950 13.1643 419.48 4.00 3878664 0.00 819.050 19244.476
14.7087 0.8950 13.1643 419.54 4.00 3878684 0.00 819.279 19244.740
14.7087 0.8950 13.1643 419.55 4.00 3878704 0.00 819.348 19245.003
14.7087 0.8950 13.1643 419.48 4.00 3878724 0.00 819.050 19245.266
14.6550 1.1875 17.4028 419.60 4.00 3878744 0.00 819.520 19245.614
14.6550 1.1875 17.4028 419.59 4.00 3878764 0.00 819.474 19245.962
14.6550 1.1875 17.4028 419.57 4.00 3878784 0.00 819.405 19246.310
14.6587 1.1400 16.7110 419.59 4.00 3878804 0.00 819.485 19246.645
14.6587 1.1400 16.7110 419.62 4.00 3878824 0.00 819.600 19246.979
14.6587 1.1400 16.7110 419.62 4.00 3878844 0.00 819.589 19247.313
14.6587 1.1400 16.7110 419.67 4.00 3878864 0.00 819.818 19247.647
14.6575 1.1500 16.8561 419.72 4.00 3878884 0.00 820.001 19247.984
14.6575 1.1500 16.8561 419.69 4.00 3878904 0.00 819.898 19248.321
14.6575 1.1500 16.8561 419.66 4.00 3878924 0.00 819.749 19248.659
14.6575 1.1500 16.8561 419.75 4.00 3878944 0.00 820.116 19248.996
14.6788 1.0325 15.1558 419.75 4.00 3878964 0.00 820.105 19249.299
14.6788 1.0325 15.1558 419.78 4.00 3878984 0.00 820.231 19249.602
14.6788 1.0325 15.1558 419.78 4.00 3879004 0.00 820.231 19249.905
14.6600 1.1800 17.2988 419.78 4.00 3879024 0.00 820.219 19250.251
14.6600 1.1800 17.2988 419.86 4.00 3879044 0.00 820.552 19250.597
14.6600 1.1800 17.2988 419.85 4.00 3879064 0.00 820.506 19250.943
14.6600 1.1800 17.2988 419.84 4.00 3879084 0.00 820.460 19251.289
14.6700 1.0800 15.8436 419.87 4.00 3879104 0.00 820.598 19251.606
14.6700 1.0800 15.8436 419.92 4.00 3879124 0.00 820.782 19251.923
14.6700 1.0800 15.8436 419.91 4.00 3879144 0.00 820.748 19252.240
14.6550 1.1775 17.2563 419.95 4.00 3879164 0.00 820.897 19252.585
14.6550 1.1775 17.2563 419.85 4.00 3879184 0.00 820.506 19252.930
14.6550 1.1775 17.2563 419.97 4.00 3879204 0.00 820.954 19253.275
14.6550 1.1775 17.2563 419.97 4.00 3879224 0.00 820.954 19253.620
14.7250 0.7600 11.1910 419.95 4.00 3879244 0.00 820.885 19253.844
14.7250 0.7600 11.1910 419.92 4.00 3879264 0.00 820.759 19254.068
14.7250 0.7600 11.1910 419.90 4.00 3879284 0.00 820.702 19254.292
14.7250 0.7950 11.7064 419.86 4.00 3879304 0.00 820.529 19254.526
14.7325 0.7950 11.7123 419.85 4.00 3879324 0.00 820.495 19254.760
14.7325 0.7950 11.7123 419.82 4.00 3879344 0.00 820.403 19254.994
14.7325 0.7950 11.7123 419.84 4.00 3879364 0.00 820.449 19255.228
14.6600 1.2050 17.6653 419.89 4.00 3879384 0.00 820.667 19255.582
14.6600 1.2050 17.6653 419.88 4.00 3879404 0.00 820.633 19255.935
14.6600 1.2050 17.6653 419.91 4.00 3879424 0.00 820.748 19256.288
14.6600 1.2050 17.6653 419.90 4.00 3879444 0.00 820.690 19256.642
14.6912 0.9825 14.4342 419.85 4.00 3879464 0.00 820.518 19256.930
14.6912 0.9825 14.4342 419.96 4.00 3879484 0.00 820.943 19257.219
14.6912 0.9825 14.4342 419.89 4.00 3879504 0.00 820.667 19257.508
14.7137 0.8700 12.8010 419.87 4.00 3879524 0.00 820.598 19257.764
14.7137 0.8700 12.8010 419.92 4.00 3879544 0.00 820.771 19258.020
14.7137 0.8700 12.8010 419.92 4.00 3879564 0.00 820.794 19258.276
14.7137 0.8700 12.8010 419.97 4.00 3879584 0.00 820.989 19258.532
14.6825 1.0675 15.6736 420.00 4.00 3879604 0.00 821.104 19258.845
14.6825 1.0675 15.6736 419.93 4.00 3879624 0.00 820.805 19259.159
14.6825 1.0675 15.6736 419.97 4.00 3879644 0.00 820.989 19259.472
14.7050 0.9250 13.6021 419.97 4.00 3879664 0.00 820.954 19259.744
14.7050 0.9250 13.6021 419.95 4.00 3879684 0.00 820.897 19260.016
14.7050 0.9250 13.6021 419.89 4.00 3879704 0.00 820.644 19260.288
14.7050 0.9250 13.6021 420.01 4.00 3879724 0.00 821.115 19260.560
14.6687 1.1600 17.0157 419.96 4.00 3879744 0.00 820.931 19260.901
14.6687 1.1600 17.0157 420.05 4.00 3879764 0.00 821.276 19261.241
14.6687 1.1600 17.0157 420.02 4.00 3879784 0.00 821.150 19261.581
14.6687 1.1600 17.0157 419.95 4.00 3879804 0.00 820.909 19261.922
14.6762 1.0775 15.8137 420.08 4.00 3879824 0.00 821.414 19262.238
14.6762 1.0775 15.8137 420.04 4.00 3879844 0.00 821.230 19262.554
14.6762 1.0775 15.8137 420.10 4.00 3879864 0.00 821.495 19262.870
14.6300 1.3475 19.7139 420.04 4.00 3879884 0.00 821.230 19263.265
14.6300 1.3475 19.7139 420.06 4.00 3879904 0.00 821.334 19263.659
14.6300 1.3475 19.7139 420.20 4.00 3879924 0.00 821.863 19264.053
14.6300 1.3475 19.7139 420.14 4.00 3879944 0.00 821.644 19264.448
14.7137 0.8800 12.9481 420.13 4.00 3879964 0.00 821.598 19264.707
14.7137 0.8800 12.9481 420.18 4.00 3879984 0.00 821.783 19264.965
14.7137 0.8800 12.9481 420.08 4.00 3880004 0.00 821.414 19265.224
14.6962 0.9800 14.4023 420.11 4.00 3880024 0.00 821.506 19265.512
14.6962 0.9800 14.4023 420.08 4.00 3880044 0.00 821.403 19265.801
14.6962 0.9800 14.4023 420.11 4.00 3880064 0.00 821.506 19266.089
14.6962 0.9800 14.4023 420.18 4.00 3880084 0.00 821.794 19266.377
14.6775 1.0925 16.0352 420.19 4.00 3880104 0.00 821.840 19266.697
14.6775 1.0925 16.0352 420.23 4.00 3880124 0.00 821.978 19267.018
14.6775 1.0925 16.0352 420.16 4.00 3880144 0.00 821.725 19267.339
14.6775 1.0925 16.0352 420.18 4.00 3880164 0.00 821.806 19267.659
14.6925 1.0125 14.8762 420.23 4.00 3880184 0.00 821.978 19267.957
14.6925 1.0125 14.8762 420.14 4.00 3880204 0.00 821.621 19268.254
14.6925 1.0125 14.8762 420.19 4.00 3880224 0.00 821.852 19268.552
14.6700 1.1225 16.4671 420.30 4.00 3880244 0.00 822.255 19268.881
14.6700 1.1225 16.4671 420.27 4.00 3880264 0.00 822.151 19269.211
14.6700 1.1225 16.4671 420.27 4.00 3880284 0.00 822.151 19269.540
14.6700 1.1225 16.4671 420.26 4.00 3880304 0.00 822.105 19269.869
14.6862 1.0575 15.5307 420.29 4.00 3880324 0.00 822.232 19270.180
14.6862 1.0575 15.5307 420.29 4.00 3880344 0.00 822.243 19270.491
14.6862 1.0575 15.5307 420.20 4.00 3880364 0.00 821.875 19270.801
14.6900 1.0150 14.9103 420.25 4.00 3880384 0.00 822.082 19271.099
14.6900 1.0150 14.9103 420.32 4.00 3880404 0.00 822.347 19271.398
14.6900 1.0150 14.9103 420.35 4.00 3880424 0.00 822.474 19271.696
14.6900 1.0150 14.9103 420.37 4.00 3880444 0.00 822.531 19271.994
14.7762 0.5525 8.1639 420.37 4.00 3880464 0.00 822.531 19272.157
14.7762 0.5525 8.1639 420.27 4.00 3880484 0.00 822.128 19272.321
14.7762 0.5525 8.1639 420.35 4.00 3880504 0.00 822.462 19272.484
14.7050 0.9800 14.4109 420.23 4.00 3880524 0.00 821.990 19272.772
14.7050 0.9800 14.4109 420.16 4.00 3880544 0.00 821.702 19273.060
14.7050 0.9800 14.4109 420.25 4.00 3880564 0.00 822.059 19273.349
14.7050 0.9800 14.4109 420.23 4.00 3880584 0.00 821.990 19273.637
14.7175 0.8900 13.0986 420.23 4.00 3880604 0.00 821.978 19273.899
14.7175 0.8900 13.0986 420.32 4.00 3880624 0.00 822.358 19274.161
14.7175 0.8900 13.0986 420.34 4.00 3880644 0.00 822.416 19274.423
14.7175 0.8900 13.0986 420.17 4.00 3880664 0.00 821.737 19274.685
14.7137 0.9400 13.8309 420.24 4.00 3880684 0.00 822.036 19274.961
14.7137 0.9400 13.8309 420.24 4.00 3880704 0.00 822.036 19275.238
14.7137 0.9400 13.8309 420.21 4.00 3880724 0.00 821.898 19275.514
14.7075 0.9675 14.2295 420.22 4.00 3880744 0.00 821.955 19275.799
14.7075 0.9675 14.2295 420.33 4.00 3880764 0.00 822.393 19276.084
14.7075 0.9675 14.2295 420.27 4.00 3880784 0.00 822.162 19276.368
14.7075 0.9675 14.2295 420.26 4.00 3880804 0.00 822.105 19276.653
14.6987 1.0250 15.0662 420.20 4.00 3880824 0.00 821.886 19276.954
14.6987 1.0250 15.0662 420.22 4.00 3880844 0.00 821.944 19277.255
14.6987 1.0250 15.0662 420.24 4.00 3880864 0.00 822.047 19277.557
14.6925 1.0425 15.3169 420.26 4.00 3880884 0.00 822.093 19277.863
14.6925 1.0425 15.3169 420.18 4.00 3880904 0.00 821.783 19278.169
14.6925 1.0425 15.3169 420.29 4.00 3880924 0.00 822.220 19278.476
14.6925 1.0425 15.3169 420.26 4.00 3880944 0.00 822.116 19278.782
14.7125 0.9175 13.4987 420.35 4.00 3880964 0.00 822.451 19279.052
14.7125 0.9175 13.4987 420.35 4.00 3880984 0.00 822.474 19279.322
14.7125 0.9175 13.4987 420.34 4.00 3881004 0.00 822.439 19279.592
14.7125 0.9175 13.4987 420.25 4.00 3881024 0.00 822.070 19279.862
14.6900 1.0650 15.6448 420.34 4.00 3881044 0.00 822.427 19280.175
14.6900 1.0650 15.6448 420.27 4.00 3881064 0.00 822.139 19280.488
14.6900 1.0650 15.6448 420.32 4.00 3881084 0.00 822.358 19280.801
14.6987 1.0150 14.9192 420.32 4.00 3881104 0.00 822.358 19281.099
14.6987 1.0150 14.9192 420.37 4.00 3881124 0.00 822.520 19281.398
14.6987 1.0150 14.9192 420.37 4.00 3881144 0.00 822.554 19281.696
14.6987 1.0150 14.9192 420.30 4.00 3881164 0.00 822.266 19281.994
14.7238 0.8725 12.8465 420.34 4.00 3881184 0.00 822.427 19282.251
14.7238 0.8725 12.8465 420.41 4.00 3881204 0.00 822.681 19282.508
14.7238 0.8725 12.8465 420.36 4.00 3881224 0.00 822.497 19282.765
14.7013 1.0150 14.9218 420.33 4.00 3881244 0.00 822.370 19283.064
14.7013 1.0150 14.9218 420.28 4.00 3881264 0.00 822.174 19283.362
14.7013 1.0150 14.9218 420.42 4.00 3881284 0.00 822.750 19283.660
14.7013 1.0150 14.9218 420.33 4.00 3881304 0.00 822.370 19283.959
14.6887 1.0625 15.6068 420.31 4.00 3881324 0.00 822.301 19284.271
14.6887 1.0625 15.6068 420.35 4.00 3881344 0.00 822.451 19284.583
14.6887 1.0625 15.6068 420.30 4.00 3881364 0.00 822.278 19284.895
14.6887 0.9025 13.2566 420.38 4.00 3881384 0.00 822.577 19285.160
14.7200 0.9025 13.2848 420.26 4.00 3881404 0.00 822.116 19285.426
14.7200 0.9025 13.2848 420.35 4.00 3881424 0.00 822.462 19285.692
14.7200 0.9025 13.2848 420.29 4.00 3881444 0.00 822.243 19285.957
14.7312 0.8325 12.2638 420.41 4.00 3881464 0.00 822.681 19286.203
14.7312 0.8325 12.2638 420.42 4.00 3881484 0.00 822.739 19286.448
14.7312 0.8325 12.2638 420.39 4.00 3881504 0.00 822.623 19286.693
14.7312 0.8325 12.2638 420.33 4.00 3881524 0.00 822.381 19286.939
14.7437 0.8000 11.7950 420.37 4.00 3881544 0.00 822.543 19287.174
14.7437 0.8000 11.7950 420.33 4.00 3881564 0.00 822.381 19287.410
14.7437 0.8000 11.7950 420.33 4.00 3881584 0.00 822.370 19287.646
14.6587 1.2850 18.8365 420.36 4.00 3881604 0.00 822.497 19288.023
14.6587 1.2850 18.8365 420.35 4.00 3881624 0.00 822.462 19288.400
14.6587 1.2850 18.8365 420.30 4.00 3881644 0.00 822.266 19288.776
14.6587 1.2850 18.8365 420.44 4.00 3881664 0.00 822.831 19289.153
14.7287 0.8425 12.4090 420.36 4.00 3881684 0.00 822.497 19289.401
14.7287 0.8425 12.4090 420.39 4.00 3881704 0.00 822.600 19289.650
14.7287 0.8425 12.4090 420.34 4.00 3881724 0.00 822.416 19289.898
14.6825 1.1200 16.4444 420.32 4.00 3881744 0.00 822.347 19290.227
14.6825 1.1200 16.4444 420.38 4.00 3881764 0.00 822.566 19290.555
14.6825 1.1200 16.4444 420.44 4.00 3881784 0.00 822.796 19290.884
14.6825 1.1200 16.4444 420.46 4.00 3881804 0.00 822.877 19291.213
14.6262 1.4175 20.7327 420.46 4.00 3881824 0.00 822.889 19291.628
14.6262 1.4175 20.7327 420.47 4.00 3881844 0.00 822.935 19292.043
14.6262 1.4175 20.7327 420.48 4.00 3881864 0.00 822.969 19292.457
14.6262 1.4175 20.7327 420.55 4.00 3881884 0.00 823.246 19292.872
14.7225 0.8425 12.4037 420.56 4.00 3881904 0.00 823.269 19293.120
14.7225 0.8425 12.4037 420.52 4.00 3881924 0.00 823.131 19293.368
14.7225 0.8425 12.4037 420.58 4.00 3881944 0.00 823.362 19293.616
14.6950 1.0475 15.3930 420.59 4.00 3881964 0.00 823.396 19293.924
14.6950 1.0475 15.3930 420.60 4.00 3881984 0.00 823.431 19294.232
14.6950 1.0475 15.3930 420.59 4.00 3882004 0.00 823.385 19294.540
14.6950 1.0475 15.3930 420.49 4.00 3882024 0.00 823.015 19294.848
14.7362 0.8050 11.8627 420.55 4.00 3882044 0.00 823.258 19295.085
14.7362 0.8050 11.8627 420.49 4.00 3882064 0.00 823.027 19295.322
14.7362 0.8050 11.8627 420.45 4.00 3882084 0.00 822.842 19295.559
14.7125 0.9800 14.4182 420.44 4.00 3882104 0.00 822.831 19295.848
14.7125 0.9800 14.4182 420.50 4.00 3882124 0.00 823.050 19296.136
14.7125 0.9800 14.4182 420.47 4.00 3882144 0.00 822.935 19296.424
14.7125 0.9800 14.4182 420.54 4.00 3882164 0.00 823.212 19296.713
14.7075 0.9650 14.1927 420.54 4.00 3882184 0.00 823.212 19296.997
14.7075 0.9650 14.1927 420.51 4.00 3882204 0.00 823.096 19297.280
14.7075 0.9650 14.1927 420.54 4.00 3882224 0.00 823.189 19297.564
14.7075 0.9650 14.1927 420.54 4.00 3882244 0.00 823.200 19297.848
14.6800 1.1675 17.1389 420.49 4.00 3882264 0.00 823.027 19298.191
14.6800 1.1675 17.1389 420.62 4.00 3882284 0.00 823.500 19298.534
14.6800 1.1675 17.1389 420.57 4.00 3882304 0.00 823.304 19298.877
14.6175 1.4325 20.9396 420.65 4.00 3882324 0.00 823.639 19299.295
14.6175 1.4325 20.9396 420.69 4.00 3882344 0.00 823.800 19299.714
14.6175 1.4325 20.9396 420.66 4.00 3882364 0.00 823.673 19300.133
14.6175 1.4325 20.9396 420.69 4.00 3882384 0.00 823.777 19300.552
14.7262 0.8350 12.2964 420.74 4.00 3882404 0.00 823.997 19300.798
14.7262 0.8350 12.2964 420.65 4.00 3882424 0.00 823.650 19301.044
14.7262 0.8350 12.2964 420.72 4.00 3882444 0.00 823.904 19301.289
14.6512 1.3050 19.1199 420.73 4.00 3882464 0.00 823.939 19301.672
14.6512 1.3050 19.1199 420.77 4.00 3882484 0.00 824.101 19302.054
14.6512 1.3050 19.1199 420.81 4.00 3882504 0.00 824.274 19302.437
14.6512 1.3050 19.1199 420.78 4.00 3882524 0.00 824.124 19302.819
14.6700 1.1450 16.7971 420.71 4.00 3882544 0.00 823.858 19303.155
14.6700 1.1450 16.7971 420.83 4.00 3882564 0.00 824.355 19303.491
14.6700 1.1450 16.7971 420.87 4.00 3882584 0.00 824.506 19303.827
14.6812 1.0900 16.0026 420.82 4.00 3882604 0.00 824.286 19304.147
14.6812 1.0900 16.0026 420.85 4.00 3882624 0.00 824.425 19304.467
14.6812 1.0900 16.0026 420.88 4.00 3882644 0.00 824.540 19304.787
14.6812 1.0900 16.0026 420.94 4.00 3882664 0.00 824.772 19305.107
14.7025 0.9600 14.1144 420.95 4.00 3882684 0.00 824.806 19305.389
14.7025 0.9600 14.1144 420.93 4.00 3882704 0.00 824.749 19305.672
14.7025 0.9600 14.1144 420.93 4.00 3882724 0.00 824.737 19305.954
14.7025 0.9600 14.1144 420.90 4.00 3882744 0.00 824.598 19306.236
14.7000 1.0050 14.7735 420.86 4.00 3882764 0.00 824.471 19306.532
14.7000 1.0050 14.7735 420.93 4.00 3882784 0.00 824.714 19306.827
14.7000 1.0050 14.7735 420.93 4.00 3882804 0.00 824.714 19307.123
14.6950 1.0425 15.3195 420.91 4.00 3882824 0.00 824.656 19307.429
14.6950 1.0425 15.3195 421.02 4.00 3882844 0.00 825.073 19307.735
14.6950 1.0425 15.3195 420.89 4.00 3882864 0.00 824.587 19308.042
14.6950 1.0425 15.3195 420.94 4.00 3882884 0.00 824.772 19308.348
14.7112 0.9375 13.7918 421.00 4.00 3882904 0.00 825.003 19308.624
14.7112 0.9375 13.7918 420.86 4.00 3882924 0.00 824.448 19308.900
14.7112 0.9375 13.7918 420.85 4.00 3882944 0.00 824.425 19309.176
14.7075 0.9675 14.2295 420.95 4.00 3882964 0.00 824.818 19309.460
14.7075 0.9675 14.2295 420.92 4.00 3882984 0.00 824.691 19309.745
14.7075 0.9675 14.2295 421.03 4.00 3883004 0.00 825.131 19310.029
14.7075 0.9675 14.2295 421.02 4.00 3883024 0.00 825.073 19310.314
14.7425 0.7775 11.4623 421.01 4.00 3883044 0.00 825.038 19310.543
14.7425 0.7775 11.4623 420.90 4.00 3883064 0.00 824.633 19310.773
14.7425 0.7775 11.4623 420.95 4.00 3883084 0.00 824.806 19311.002
14.7425 0.7775 11.4623 420.94 4.00 3883104 0.00 824.760 19311.231
14.7188 0.9325 13.7252 420.84 4.00 3883124 0.00 824.390 19311.506
14.7188 0.9325 13.7252 420.89 4.00 3883144 0.00 824.563 19311.780
14.7188 0.9325 13.7252 420.99 4.00 3883164 0.00 824.969 19312.055
14.6900 1.0725 15.7550 420.97 4.00 3883184 0.00 824.876 19312.370
14.6900 1.0725 15.7550 420.92 4.00 3883204 0.00 824.679 19312.685
14.6900 1.0725 15.7550 420.90 4.00 3883224 0.00 824.621 19313.000
14.6900 1.0725 15.7550 420.77 4.00 3883244 0.00 824.089 19313.315
14.8725 0.0425 0.6321 420.88 4.00 3883264 0.00 824.552 19313.328
14.8725 0.0425 0.6321 420.81 4.00 3883284 0.00 824.263 19313.340
14.8725 0.0425 0.6321 420.79 4.00 3883304 0.00 824.182 19313.353
14.8900 0.0400 0.5956 420.73 4.00 3883324 0.00 823.939 19313.365
14.8900 0.0400 0.5956 420.67 4.00 3883344 0.00 823.708 19313.377
14.8900 0.0400 0.5956 420.64 4.00 3883364 0.00 823.593 19313.389
14.8900 0.0400 0.5956 420.57 4.00 3883384 0.00 823.315 19313.401
14.8962 0.0400 0.5958 420.49 4.00 3883404 0.00 823.027 19313.412
14.8962 0.0400 0.5958 420.46 4.00 3883424 0.00 822.900 19313.424
14.8962 0.0400 0.5958 420.39 4.00 3883444 0.00 822.623 19313.436
14.8962 0.0400 0.5958 420.33 4.00 3883464 0.00 822.370 19313.448
14.9012 0.0400 0.5960 420.25 4.00 3883484 0.00 822.082 19313.460
14.9012 0.0400 0.5960 420.25 4.00 3883504 0.00 822.070 19313.472
14.9012 0.0400 0.5960 420.18 4.00 3883524 0.00 821.783 19313.484
14.9050 0.0425 0.6335 420.13 4.00 3883544 0.00 821.598 19313.497
14.9050 0.0425 0.6335 420.02 4.00 3883564 0.00 821.184 19313.509
14.9050 0.0425 0.6335 419.99 4.00 3883584 0.00 821.058 19313.522
14.9050 0.0425 0.6335 419.92 4.00 3883604 0.00 820.771 19313.535
14.9087 0.0400 0.5963 419.86 4.00 3883624 0.00 820.541 19313.547
14.9087 0.0400 0.5963 419.73 4.00 3883644 0.00 820.047 19313.559
14.9087 0.0400 0.5963 419.78 4.00 3883664 0.00 820.219 19313.570
14.9125 0.0400 0.5965 419.67 4.00 3883684 0.00 819.784 19313.582
14.9125 0.0400 0.5965 419.60 4.00 3883704 0.00 819.508 19313.594
14.9125 0.0400 0.5965 419.61 4.00 3883724 0.00 819.577 19313.606
14.9125 0.0400 0.5965 419.48 4.00 3883744 0.00 819.050 19313.618
14.9150 0.0400 0.5966 419.42 4.00 3883764 0.00 818.810 19313.630
14.9150 0.0400 0.5966 419.40 4.00 3883784 0.00 818.752 19313.642
14.9150 0.0400 0.5966 419.26 4.00 3883804 0.00 818.215 19313.654
14.9187 0.0400 0.5967 419.26 4.00 3883824 0.00 818.215 19313.666
14.9187 0.0400 0.5967 419.20 4.00 3883844 0.00 817.963 19313.678
14.9187 0.0400 0.5967 419.20 4.00 3883864 0.00 817.952 19313.690
14.9187 0.0400 0.5967 419.17 4.00 3883884 0.00 817.860 19313.702
14.9212 0.0400 0.5968 418.96 4.00 3883904 0.00 817.015 19313.714
14.9212 0.0400 0.5968 418.97 4.00 3883924 0.00 817.072 19313.726
14.9212 0.0400 0.5968 418.94 4.00 3883944 0.00 816.958 19313.738
14.9212 0.0400 0.5968 418.83 4.00 3883964 0.00 816.525 19313.749
14.9237 0.0400 0.5969 418.73 4.00 3883984 0.00 816.138 19313.761
14.9237 0.0400 0.5969 418.77 4.00 3884004 0.00 816.274 19313.773
14.9237 0.0400 0.5969 418.69 4.00 3884024 0.00 815.978 19313.785
14.9262 0.0400 0.5970 418.68 4.00 3884044 0.00 815.944 19313.797
14.9262 0.0400 0.5970 418.42 4.00 3884064 0.00 814.931 19313.809
14.9262 0.0400 0.5970 418.41 4.00 3884084 0.00 814.875 19313.821
14.9262 0.0400 0.5970 418.39 4.00 3884104 0.00 814.818 19313.833
14.9288 0.0400 0.5971 418.34 4.00 3884124 0.00 814.602 19313.845
14.9288 0.0400 0.5971 418.29 4.00 3884144 0.00 814.409 19313.857
14.9288 0.0400 0.5971 418.24 4.00 3884164 0.00 814.238 19313.869
14.9312 0.0425 0.6346 418.19 4.00 3884184 0.00 814.034 19313.882
14.9312 0.0425 0.6346 418.18 4.00 3884204 0.00 813.977 19313.894
14.9312 0.0425 0.6346 418.12 4.00 3884224 0.00 813.739 19313.907
14.9312 0.0425 0.6346 418.05 4.00 3884244 0.00 813.501 19313.920
14.9337 0.0400 0.5973 417.96 4.00 3884264 0.00 813.150 19313.932
14.9337 0.0400 0.5973 417.91 4.00 3884284 0.00 812.923 19313.944
14.9337 0.0400 0.5973 417.84 4.00 3884304 0.00 812.651 19313.955
14.9337 0.0400 0.5973 417.77 4.00 3884324 0.00 812.380 19313.967
14.9362 0.0400 0.5974 417.72 4.00 3884344 0.00 812.210 19313.979
14.9362 0.0400 0.5974 417.69 4.00 3884364 0.00 812.097 19313.991
14.9362 0.0400 0.5974 417.68 4.00 3884384 0.00 812.063 19314.003
14.9387 0.0425 0.6349 417.56 4.00 3884404 0.00 811.577 19314.016
14.9387 0.0425 0.6349 417.49 4.00 3884424 0.00 811.295 19314.029
14.9387 0.0425 0.6349 417.39 4.00 3884444 0.00 810.911 19314.041
14.9387 0.0425 0.6349 417.40 4.00 3884464 0.00 810.967 19314.054
14.9412 0.0400 0.5976 417.33 4.00 3884484 0.00 810.674 19314.066
14.9412 0.0400 0.5976 417.20 4.00 3884504 0.00 810.178 19314.078
14.9412 0.0400 0.5976 417.23 4.00 3884524 0.00 810.280 19314.090
14.9425 0.0400 0.5977 417.11 4.00 3884544 0.00 809.829 19314.102
14.9425 0.0400 0.5977 417.06 4.00 3884564 0.00 809.638 19314.114
14.9425 0.0400 0.5977 417.08 4.00 3884584 0.00 809.728 19314.126
14.9425 0.0400 0.5977 416.92 4.00 3884604 0.00 809.087 19314.138
14.9450 0.0400 0.5978 416.89 4.00 3884624 0.00 808.974 19314.150
14.9450 0.0400 0.5978 416.89 4.00 3884644 0.00 808.985 19314.162
14.9450 0.0400 0.5978 416.76 4.00 3884664 0.00 808.469 19314.174
14.9475 0.0400 0.5979 416.72 4.00 3884684 0.00 808.300 19314.186
14.9475 0.0400 0.5979 416.78 4.00 3884704 0.00 808.536 19314.198
14.9475 0.0400 0.5979 416.64 4.00 3884724 0.00 807.997 19314.209
14.9475 0.0400 0.5979 416.54 4.00 3884744 0.00 807.604 19314.221
14.9500 0.0400 0.5980 416.57 4.00 3884764 0.00 807.728 19314.233
14.9500 0.0400 0.5980 416.44 4.00 3884784 0.00 807.234 19314.245
14.9500 0.0400 0.5980 416.44 4.00 3884804 0.00 807.234 19314.257
14.9500 0.0400 0.5980 416.35 4.00 3884824 0.00 806.898 19314.269
14.9525 0.0400 0.5981 416.28 4.00 3884844 0.00 806.607 19314.281
14.9525 0.0400 0.5981 416.22 4.00 3884864 0.00 806.372 19314.293
14.9525 0.0400 0.5981 416.22 4.00 3884884 0.00 806.372 19314.305
14.9537 0.0400 0.5981 416.11 4.00 3884904 0.00 805.970 19314.317
14.9537 0.0400 0.5981 416.00 4.00 3884924 0.00 805.512 19314.329
14.9537 0.0400 0.5981 415.98 4.00 3884944 0.00 805.445 19314.341
14.9537 0.0400 0.5981 415.95 4.00 3884964 0.00 805.322 19314.353
14.9562 0.0400 0.5982 415.88 4.00 3884984 0.00 805.043 19314.365
14.9562 0.0400 0.5982 415.78 4.00 3885004 0.00 804.674 19314.377
14.9562 0.0400 0.5982 415.81 4.00 3885024 0.00 804.786 19314.389
14.9575 0.0400 0.5983 415.76 4.00 3885044 0.00 804.596 19314.401
14.9575 0.0400 0.5983 415.70 4.00 3885064 0.00 804.362 19314.413
14.9575 0.0400 0.5983 415.58 4.00 3885084 0.00 803.883 19314.425
14.9575 0.0400 0.5983 415.51 4.00 3885104 0.00 803.627 19314.437
14.9600 0.0400 0.5984 415.43 4.00 3885124 0.00 803.327 19314.449
14.9600 0.0400 0.5984 415.47 4.00 3885144 0.00 803.460 19314.461
14.9600 0.0400 0.5984 415.39 4.00 3885164 0.00 803.149 19314.473
14.9600 0.0400 0.5984 415.20 4.00 3885184 0.00 802.438 19314.485
14.9612 0.0400 0.5984 415.24 4.00 3885204 0.00 802.582 19314.497
14.9612 0.0400 0.5984 415.20 4.00 3885224 0.00 802.427 19314.509
14.9612 0.0400 0.5984 415.15 4.00 3885244 0.00 802.227 19314.521
14.9637 0.0400 0.5985 415.11 4.00 3885264 0.00 802.082 19314.533
14.9637 0.0400 0.5985 415.00 4.00 3885284 0.00 801.650 19314.544
14.9637 0.0400 0.5985 414.91 4.00 3885304 0.00 801.295 19314.556
14.9637 0.0400 0.5985 414.86 4.00 3885324 0.00 801.129 19314.568
14.9650 0.0400 0.5986 414.75 4.00 3885344 0.00 800.697 19314.580
14.9650 0.0400 0.5986 414.67 4.00 3885364 0.00 800.398 19314.592
14.9650 0.0400 0.5986 414.63 4.00 3885384 0.00 800.221 19314.604
14.9662 0.0400 0.5986 414.64 4.00 3885404 0.00 800.276 19314.616
14.9662 0.0400 0.5986 414.63 4.00 3885424 0.00 800.232 19314.628
14.9662 0.0400 0.5986 414.50 4.00 3885444 0.00 799.713 19314.640
14.9662 0.0400 0.5986 414.44 4.00 3885464 0.00 799.492 19314.652
14.9675 0.0400 0.5987 414.43 4.00 3885484 0.00 799.459 19314.664
14.9675 0.0400 0.5987 414.37 4.00 3885504 0.00 799.227 19314.676
14.9675 0.0400 0.5987 414.27 4.00 3885524 0.00 798.840 19314.688
14.9700 0.0400 0.5988 414.21 4.00 3885544 0.00 798.598 19314.700
14.9700 0.0400 0.5988 414.16 4.00 3885564 0.00 798.399 19314.712
14.9700 0.0400 0.5988 414.17 4.00 3885584 0.00 798.443 19314.724
14.9700 0.0400 0.5988 414.08 4.00 3885604 0.00 798.124 19314.736
14.9712 0.0400 0.5988 414.05 4.00 3885624 0.00 797.981 19314.748
14.9712 0.0400 0.5988 413.92 4.00 3885644 0.00 797.496 19314.760
14.9712 0.0400 0.5988 413.94 4.00 3885664 0.00 797.551 19314.772
14.9712 0.0400 0.5988 413.86 4.00 3885684 0.00 797.276 19314.784
14.9738 0.0400 0.5989 413.75 4.00 3885704 0.00 796.825 19314.796
14.9738 0.0400 0.5989 413.70 4.00 3885724 0.00 796.661 19314.808
14.9738 0.0400 0.5989 413.70 4.00 3885744 0.00 796.628 19314.820
14.9750 0.0400 0.5990 413.64 4.00 3885764 0.00 796.419 19314.832
14.9750 0.0400 0.5990 413.51 4.00 3885784 0.00 795.925 19314.844
14.9750 0.0400 0.5990 413.46 4.00 3885804 0.00 795.706 19314.856
14.9750 0.0400 0.5990 413.36 4.00 3885824 0.00 795.344 19314.868
14.9762 0.0400 0.5990 413.32 4.00 3885844 0.00 795.180 19314.880
14.9762 0.0400 0.5990 413.25 4.00 3885864 0.00 794.906 19314.892
14.9762 0.0400 0.5990 413.16 4.00 3885884 0.00 794.555 19314.904
14.9775 0.0400 0.5991 413.20 4.00 3885904 0.00 794.709 19314.916
14.9775 0.0400 0.5991 413.20 4.00 3885924 0.00 794.709 19314.928
14.9775 0.0400 0.5991 413.12 4.00 3885944 0.00 794.424 19314.940
14.9775 0.0400 0.5991 413.03 4.00 3885964 0.00 794.063 19314.952
14.9800 0.0425 0.6366 412.96 4.00 3885984 0.00 793.801 19314.964
14.9800 0.0425 0.6366 412.92 4.00 3886004 0.00 793.648 19314.977
14.9800 0.0425 0.6366 412.82 4.00 3886024 0.00 793.255 19314.990
14.9800 0.0425 0.6366 412.81 4.00 3886044 0.00 793.200 19315.003
14.9812 0.0400 0.5992 412.70 4.00 3886064 0.00 792.786 19315.015
14.9812 0.0400 0.5992 412.74 4.00 3886084 0.00 792.938 19315.027
14.9812 0.0400 0.5992 412.67 4.00 3886104 0.00 792.666 19315.039
14.9825 0.0400 0.5993 412.58 4.00 3886124 0.00 792.350 19315.051
14.9825 0.0400 0.5993 412.51 4.00 3886144 0.00 792.078 19315.063
14.9825 0.0400 0.5993 412.43 4.00 3886164 0.00 791.751 19315.075
14.9825 0.0400 0.5993 412.43 4.00 3886184 0.00 791.751 19315.087
14.9837 0.0400 0.5993 412.28 4.00 3886204 0.00 791.174 19315.099
14.9837 0.0400 0.5993 412.22 4.00 3886224 0.00 790.968 19315.110
14.9837 0.0400 0.5993 412.19 4.00 3886244 0.00 790.837 19315.122
14.9862 0.0400 0.5994 412.10 4.00 3886264 0.00 790.511 19315.134
14.9862 0.0400 0.5994 412.12 4.00 3886284 0.00 790.576 19315.146
14.9862 0.0400 0.5994 412.00 4.00 3886304 0.00 790.121 19315.158
14.9862 0.0400 0.5994 411.98 4.00 3886324 0.00 790.045 19315.170
14.9875 0.0400 0.5995 411.87 4.00 3886344 0.00 789.611 19315.182
14.9875 0.0400 0.5995 411.87 4.00 3886364 0.00 789.611 19315.194
14.9875 0.0400 0.5995 411.80 4.00 3886384 0.00 789.329 19315.206
14.9875 0.0400 0.5995 411.71 4.00 3886404 0.00 788.982 19315.218
14.9887 0.0400 0.5995 411.62 4.00 3886424 0.00 788.658 19315.230
14.9887 0.0400 0.5995 411.70 4.00 3886444 0.00 788.950 19315.242
14.9887 0.0400 0.5995 411.53 4.00 3886464 0.00 788.290 19315.254
14.9900 0.0400 0.5996 411.60 4.00 3886484 0.00 788.582 19315.266
14.9900 0.0400 0.5996 411.45 4.00 3886504 0.00 787.987 19315.278
14.9900 0.0400 0.5996 411.37 4.00 3886524 0.00 787.706 19315.290
14.9900 0.0400 0.5996 411.41 4.00 3886544 0.00 787.858 19315.302
14.9913 0.0400 0.5996 411.23 4.00 3886564 0.00 787.145 19315.314
14.9913 0.0400 0.5996 411.15 4.00 3886584 0.00 786.864 19315.326
14.9913 0.0400 0.5996 411.21 4.00 3886604 0.00 787.091 19315.338
14.9925 0.0400 0.5997 411.09 4.00 3886624 0.00 786.617 19315.350
14.9925 0.0400 0.5997 411.11 4.00 3886644 0.00 786.714 19315.362
14.9925 0.0400 0.5997 411.02 4.00 3886664 0.00 786.347 19315.374
14.9925 0.0400 0.5997 410.91 4.00 3886684 0.00 785.916 19315.386
14.9937 0.0400 0.5997 410.89 4.00 3886704 0.00 785.873 19315.398
14.9937 0.0400 0.5997 410.91 4.00 3886724 0.00 785.927 19315.410
14.9937 0.0400 0.5997 410.79 4.00 3886744 0.00 785.464 19315.422
14.9950 0.0400 0.5998 410.73 4.00 3886764 0.00 785.249 19315.434
14.9950 0.0400 0.5998 410.74 4.00 3886784 0.00 785.282 19315.446
14.9950 0.0400 0.5998 410.67 4.00 3886804 0.00 785.034 19315.458
14.9950 0.0400 0.5998 410.60 4.00 3886824 0.00 784.766 19315.470
14.9962 0.0400 0.5998 410.50 4.00 3886844 0.00 784.358 19315.482
14.9962 0.0400 0.5998 410.46 4.00 3886864 0.00 784.208 19315.494
14.9962 0.0400 0.5998 410.40 4.00 3886884 0.00 783.993 19315.506
14.9962 0.0400 0.5998 410.37 4.00 3886904 0.00 783.854 19315.518
14.9987 0.0400 0.5999 410.28 4.00 3886924 0.00 783.521 19315.530
14.9987 0.0400 0.5999 410.19 4.00 3886944 0.00 783.189 19315.542
14.9987 0.0400 0.5999 410.09 4.00 3886964 0.00 782.804 19315.554
14.9987 0.0400 0.5999 410.18 4.00 3886984 0.00 783.125 19315.566
14.9987 0.0400 0.5999 410.03 4.00 3887004 0.00 782.590 19315.578
14.9987 0.0400 0.5999 409.92 4.00 3887024 0.00 782.141 19315.590
14.9987 0.0400 0.5999 409.92 4.00 3887044 0.00 782.162 19315.602
15.0000 0.0400 0.6000 409.89 4.00 3887064 0.00 782.034 19315.614
15.0000 0.0400 0.6000 409.75 4.00 3887084 0.00 781.500 19315.626
15.0000 0.0400 0.6000 409.64 4.00 3887104 0.00 781.084 19315.638
15.0012 0.0400 0.6000 409.68 4.00 3887124 0.00 781.244 19315.650
15.0012 0.0400 0.6000 409.66 4.00 3887144 0.00 781.148 19315.662
15.0012 0.0400 0.6000 409.55 4.00 3887164 0.00 780.721 19315.674
15.0012 0.0400 0.6000 409.55 4.00 3887184 0.00 780.743 19315.686
15.0025 0.0400 0.6001 409.53 4.00 3887204 0.00 780.647 19315.698
15.0025 0.0400 0.6001 409.39 4.00 3887224 0.00 780.136 19315.710
15.0025 0.0400 0.6001 409.39 4.00 3887244 0.00 780.125 19315.722
15.0025 0.0400 0.6001 409.29 4.00 3887264 0.00 779.763 19315.734
15.0037 0.0400 0.6001 409.26 4.00 3887284 0.00 779.625 19315.746
15.0037 0.0400 0.6001 409.21 4.00 3887304 0.00 779.455 19315.758
15.0037 0.0400 0.6001 409.20 4.00 3887324 0.00 779.402 19315.770
15.0050 0.0400 0.6002 409.11 4.00 3887344 0.00 779.072 19315.782
15.0050 0.0400 0.6002 409.04 4.00 3887364 0.00 778.807 19315.794
15.0050 0.0400 0.6002 408.93 4.00 3887384 0.00 778.382 19315.806
15.0050 0.0400 0.6002 408.86 4.00 3887404 0.00 778.106 19315.818
15.0062 0.0400 0.6002 408.86 4.00 3887424 0.00 778.106 19315.830
15.0062 0.0400 0.6002 408.75 4.00 3887444 0.00 777.682 19315.842
15.0062 0.0400 0.6002 408.70 4.00 3887464 0.00 777.513 19315.854
15.0075 0.0400 0.6003 408.69 4.00 3887484 0.00 777.449 19315.866
15.0075 0.0400 0.6003 408.61 4.00 3887504 0.00 777.163 19315.878
15.0075 0.0400 0.6003 408.68 4.00 3887524 0.00 777.417 19315.890
15.0075 0.0400 0.6003 408.58 4.00 3887544 0.00 777.057 19315.902
15.0087 0.0400 0.6003 408.38 4.00 3887564 0.00 776.275 19315.914
15.0087 0.0400 0.6003 408.42 4.00 3887584 0.00 776.433 19315.926
15.0087 0.0400 0.6003 408.35 4.00 3887604 0.00 776.159 19315.938
15.0100 0.0400 0.6004 408.25 4.00 3887624 0.00 775.778 19315.950
15.0100 0.0400 0.6004 408.27 4.00 3887644 0.00 775.852 19315.962
15.0100 0.0400 0.6004 408.17 4.00 3887664 0.00 775.472 19315.974
15.0100 0.0400 0.6004 408.10 4.00 3887684 0.00 775.209 19315.986
15.0100 0.0400 0.6004 408.11 4.00 3887704 0.00 775.272 19315.998
15.0100 0.0400 0.6004 408.00 4.00 3887724 0.00 774.850 19316.010
15.0100 0.0400 0.6004 407.89 4.00 3887744 0.00 774.429 19316.022
15.0100 0.0400 0.6004 407.88 4.00 3887764 0.00 774.376 19316.034
15.0112 0.0400 0.6004 407.80 4.00 3887784 0.00 774.092 19316.046
15.0112 0.0400 0.6004 407.68 4.00 3887804 0.00 773.619 19316.058
15.0112 0.0400 0.6004 407.68 4.00 3887824 0.00 773.608 19316.070
15.0125 0.0400 0.6005 407.59 4.00 3887844 0.00 773.303 19316.082
15.0125 0.0400 0.6005 407.53 4.00 3887864 0.00 773.062 19316.094
15.0125 0.0400 0.6005 407.56 4.00 3887884 0.00 773.188 19316.106
15.0125 0.0400 0.6005 407.50 4.00 3887904 0.00 772.925 19316.118
15.0138 0.0400 0.6005 407.41 4.00 3887924 0.00 772.600 19316.130
15.0138 0.0400 0.6005 407.33 4.00 3887944 0.00 772.285 19316.142
15.0138 0.0400 0.6005 407.32 4.00 3887964 0.00 772.243 19316.155
15.0150 0.0400 0.6006 407.24 4.00 3887984 0.00 771.939 19316.167
15.0150 0.0400 0.6006 407.19 4.00 3888004 0.00 771.761 19316.179
15.0150 0.0400 0.6006 407.18 4.00 3888024 0.00 771.730 19316.191
15.0150 0.0400 0.6006 407.07 4.00 3888044 0.00 771.322 19316.203
15.0162 0.0400 0.6006 407.01 4.00 3888064 0.00 771.091 19316.215
15.0162 0.0400 0.6006 406.97 4.00 3888084 0.00 770.934 19316.227
15.0162 0.0400 0.6006 406.90 4.00 3888104 0.00 770.652 19316.239
