15.3300 0.0400 0.6132 379.60 4.00 3736667 0.00 670.710 17395.366
15.3300 0.0400 0.6132 379.50 4.00 3736687 0.00 670.379 17395.378
15.3300 0.0400 0.6132 379.39 4.00 3736707 0.00 669.989 17395.390
15.3300 0.0400 0.6132 379.34 4.00 3736727 0.00 669.803 17395.403
15.3312 0.0400 0.6132 379.30 4.00 3736747 0.00 669.676 17395.415
14.1075 6.8075 96.0368 388.05 4.00 3737334 0.00 700.903 17456.146
14.1075 6.8075 96.0368 388.47 4.00 3737354 0.00 702.447 17458.067
14.1075 6.5100 91.8398 388.90 4.00 3737374 0.00 703.996 17459.904
14.1375 6.5100 92.0351 389.26 4.00 3737394 0.00 705.284 17461.745
14.1375 6.5100 92.0351 389.65 4.00 3737414 0.00 706.714 17463.585
14.1375 6.5100 92.0351 390.18 4.00 3737434 0.00 708.618 17465.426
14.1762 6.1825 87.6447 390.49 4.00 3737454 0.00 709.744 17467.179
14.1762 6.1825 87.6447 390.89 4.00 3737474 0.00 711.215 17468.932
14.1762 6.1825 87.6447 391.20 4.00 3737494 0.00 712.328 17470.685
14.1762 6.1825 87.6447 391.65 4.00 3737514 0.00 713.994 17472.438
14.1312 6.3950 90.3693 392.01 4.00 3737534 0.00 715.310 17474.245
14.1312 6.3950 90.3693 392.40 4.00 3737554 0.00 716.705 17476.052
14.1312 6.3950 90.3693 392.74 4.00 3737574 0.00 717.981 17477.860
14.2238 5.7525 81.8221 393.16 4.00 3737594 0.00 719.507 17479.496
14.2238 5.7525 81.8221 393.54 4.00 3737614 0.00 720.876 17481.133
14.2238 5.7525 81.8221 393.86 4.00 3737634 0.00 722.059 17482.769
14.2238 5.7525 81.8221 394.22 4.00 3737654 0.00 723.379 17484.405
14.1862 5.9400 84.2663 394.60 4.00 3737674 0.00 724.769 17486.091
14.1862 5.9400 84.2663 394.98 4.00 3737694 0.00 726.191 17487.776
14.1862 5.9400 84.2663 395.34 4.00 3737714 0.00 727.512 17489.461
14.2150 5.6925 80.9189 395.61 4.00 3737734 0.00 728.501 17491.080
14.2150 5.6925 80.9189 395.93 4.00 3737754 0.00 729.674 17492.698
14.2150 5.6925 80.9189 396.25 4.00 3737774 0.00 730.870 17494.317
14.2150 5.6925 80.9189 396.60 4.00 3737794 0.00 732.156 17495.935
14.3038 5.0750 72.5915 396.93 4.00 3737814 0.00 733.377 17497.387
14.3038 5.0750 72.5915 397.22 4.00 3737834 0.00 734.445 17498.839
14.3038 5.0750 72.5915 397.52 4.00 3737854 0.00 735.565 17500.290
14.3038 5.0750 72.5915 397.89 4.00 3737874 0.00 736.902 17501.742
14.3137 5.0075 71.6761 398.23 4.00 3737894 0.00 738.194 17503.176
14.3137 5.0075 71.6761 398.52 4.00 3737914 0.00 739.253 17504.609
14.3137 5.0075 71.6761 398.80 4.00 3737934 0.00 740.305 17506.043
14.2887 5.1325 73.3370 399.06 4.00 3737954 0.00 741.251 17507.510
14.2887 5.1325 73.3370 399.33 4.00 3737974 0.00 742.257 17508.976
14.2887 5.1325 73.3370 399.59 4.00 3737994 0.00 743.227 17510.443
14.2887 5.1325 73.3370 399.91 4.00 3738014 0.00 744.426 17511.910
14.2912 5.0900 72.7424 400.26 4.00 3738034 0.00 745.718 17513.365
14.2912 5.0900 72.7424 400.55 4.00 3738054 0.00 746.793 17514.820
14.2912 5.0900 72.7424 400.86 4.00 3738074 0.00 747.961 17516.274
14.3088 4.9350 70.6137 401.20 4.00 3738094 0.00 749.232 17517.687
14.3088 4.9350 70.6137 401.44 4.00 3738114 0.00 750.115 17519.099
14.3088 4.9350 70.6137 401.73 4.00 3738134 0.00 751.210 17520.511
14.3088 4.9350 70.6137 402.06 4.00 3738154 0.00 752.429 17521.923
14.3312 4.7650 68.2884 402.32 4.00 3738174 0.00 753.428 17523.289
14.3312 4.7650 68.2884 402.60 4.00 3738194 0.00 754.450 17524.655
14.3312 4.7650 68.2884 402.92 4.00 3738214 0.00 755.656 17526.021
14.3312 4.7650 68.2884 403.17 4.00 3738234 0.00 756.611 17527.387
14.3438 4.6550 66.7701 403.38 4.00 3738254 0.00 757.394 17528.722
14.3438 4.6550 66.7701 403.76 4.00 3738274 0.00 758.812 17530.057
14.3438 4.6550 66.7701 403.99 4.00 3738294 0.00 759.681 17531.393
14.3387 4.6700 66.9620 404.32 4.00 3738314 0.00 760.910 17532.732
14.3387 4.6700 66.9620 404.51 4.00 3738334 0.00 761.649 17534.071
14.3387 4.6700 66.9620 404.83 4.00 3738354 0.00 762.862 17535.410
14.3387 4.6700 66.9620 405.10 4.00 3738374 0.00 763.882 17536.750
14.3812 4.3725 62.8820 405.34 4.00 3738394 0.00 764.760 17538.007
14.3812 4.3725 62.8820 405.56 4.00 3738414 0.00 765.607 17539.265
14.3812 4.3725 62.8820 405.84 4.00 3738434 0.00 766.644 17540.523
14.4125 4.1800 60.2442 406.11 4.00 3738454 0.00 767.692 17541.728
14.4125 4.1800 60.2442 406.32 4.00 3738474 0.00 768.472 17542.932
14.4125 4.1800 60.2442 406.54 4.00 3738494 0.00 769.295 17544.137
14.4125 4.1800 60.2442 406.78 4.00 3738514 0.00 770.213 17545.342
14.4600 3.8725 55.9963 406.98 4.00 3738534 0.00 770.955 17546.462
14.4600 3.8725 55.9963 407.23 4.00 3738554 0.00 771.908 17547.582
14.4600 3.8725 55.9963 407.42 4.00 3738574 0.00 772.652 17548.702
14.4338 4.0250 58.0958 407.69 4.00 3738594 0.00 773.661 17549.864
14.4338 4.0250 58.0958 407.95 4.00 3738614 0.00 774.660 17551.026
14.4338 4.0250 58.0958 408.13 4.00 3738634 0.00 775.325 17552.188
14.4338 4.0250 58.0958 408.38 4.00 3738654 0.00 776.275 17553.350
14.3912 4.2900 61.7385 408.59 4.00 3738674 0.00 777.079 17554.584
14.3912 4.2900 61.7385 408.88 4.00 3738694 0.00 778.202 17555.819
14.3912 4.2900 61.7385 409.02 4.00 3738714 0.00 778.722 17557.054
14.3912 4.2900 61.7385 409.24 4.00 3738734 0.00 779.561 17558.289
14.4462 3.8900 56.1959 409.53 4.00 3738754 0.00 780.679 17559.413
14.4462 3.8900 56.1959 409.76 4.00 3738774 0.00 781.532 17560.537
14.4462 3.8900 56.1959 410.01 4.00 3738794 0.00 782.504 17561.660
14.5100 3.5225 51.1115 410.18 4.00 3738814 0.00 783.146 17562.683
14.5100 3.5225 51.1115 410.45 4.00 3738834 0.00 784.186 17563.705
14.5100 3.5225 51.1115 410.57 4.00 3738854 0.00 784.626 17564.727
14.5100 3.5225 51.1115 410.77 4.00 3738874 0.00 785.400 17565.749
14.5650 3.2050 46.6808 410.91 4.00 3738894 0.00 785.949 17566.683
14.5650 3.2050 46.6808 411.09 4.00 3738914 0.00 786.617 17567.617
14.5650 3.2050 46.6808 411.30 4.00 3738934 0.00 787.415 17568.550
14.5800 3.1325 45.6718 411.45 4.00 3738954 0.00 788.020 17569.464
14.5800 3.1325 45.6718 411.67 4.00 3738974 0.00 788.831 17570.377
14.5800 3.1325 45.6718 411.84 4.00 3738994 0.00 789.502 17571.291
14.5800 3.1325 45.6718 411.95 4.00 3739014 0.00 789.925 17572.204
14.5862 3.0925 45.1080 412.10 4.00 3739034 0.00 790.479 17573.106
14.5862 3.0925 45.1080 412.24 4.00 3739054 0.00 791.022 17574.008
14.5862 3.0925 45.1080 412.38 4.00 3739074 0.00 791.566 17574.910
14.5862 3.0925 45.1080 412.55 4.00 3739094 0.00 792.219 17575.813
14.5775 3.1400 45.7733 412.67 4.00 3739114 0.00 792.688 17576.728
14.5775 3.1400 45.7733 412.92 4.00 3739134 0.00 793.648 17577.644
14.5775 3.1400 45.7733 413.16 4.00 3739154 0.00 794.567 17578.559
14.5837 3.0875 45.0273 413.33 4.00 3739174 0.00 795.234 17579.460
14.5837 3.0875 45.0273 413.38 4.00 3739194 0.00 795.421 17580.360
14.5837 3.0875 45.0273 413.49 4.00 3739214 0.00 795.848 17581.261
14.5837 3.0875 45.0273 413.71 4.00 3739234 0.00 796.694 17582.161
14.6050 2.9775 43.4864 413.86 4.00 3739254 0.00 797.254 17583.031
14.6050 2.9775 43.4864 413.97 4.00 3739274 0.00 797.683 17583.901
14.6050 2.9775 43.4864 414.09 4.00 3739294 0.00 798.135 17584.770
14.6100 2.9400 42.9534 414.38 4.00 3739314 0.00 799.282 17585.629
14.6100 2.9400 42.9534 414.57 4.00 3739334 0.00 799.978 17586.489
14.6100 2.9400 42.9534 414.68 4.00 3739354 0.00 800.420 17587.348
14.6100 2.9400 42.9534 414.75 4.00 3739374 0.00 800.686 17588.207
14.6788 2.5200 36.9904 414.89 4.00 3739394 0.00 801.240 17588.946
14.6788 2.5200 36.9904 415.10 4.00 3739414 0.00 802.049 17589.686
14.6788 2.5200 36.9904 415.16 4.00 3739434 0.00 802.293 17590.426
14.6788 3.1400 46.0913 415.25 4.00 3739454 0.00 802.615 17591.348
14.5812 3.1400 45.7851 415.48 4.00 3739474 0.00 803.527 17592.264
14.5812 3.1400 45.7851 415.77 4.00 3739494 0.00 804.630 17593.179
14.5812 3.1400 45.7851 415.82 4.00 3739514 0.00 804.831 17594.095
14.6563 2.6525 38.8757 415.90 4.00 3739534 0.00 805.154 17594.873
14.6563 2.6525 38.8757 416.07 4.00 3739554 0.00 805.791 17595.650
14.6563 2.6525 38.8757 416.25 4.00 3739574 0.00 806.484 17596.428
14.6563 2.6525 38.8757 416.39 4.00 3739594 0.00 807.044 17597.205
14.6388 2.7875 40.8055 416.39 4.00 3739614 0.00 807.022 17598.021
14.6388 2.7875 40.8055 416.58 4.00 3739634 0.00 807.773 17598.837
14.6388 2.7875 40.8055 416.71 4.00 3739654 0.00 808.289 17599.653
14.6613 2.6325 38.5957 416.88 4.00 3739674 0.00 808.952 17600.425
14.6613 2.6325 38.5957 417.01 4.00 3739694 0.00 809.447 17601.197
14.6613 2.6325 38.5957 417.05 4.00 3739714 0.00 809.581 17601.969
14.6613 2.6325 38.5957 417.27 4.00 3739734 0.00 810.460 17602.741
14.7312 2.2225 32.7402 417.31 4.00 3739754 0.00 810.607 17603.396
14.7312 2.2225 32.7402 417.45 4.00 3739774 0.00 811.148 17604.051
14.7312 2.2225 32.7402 417.59 4.00 3739794 0.00 811.690 17604.705
14.7325 2.2475 33.1113 417.73 4.00 3739814 0.00 812.222 17605.368
14.7325 2.2475 33.1113 417.87 4.00 3739834 0.00 812.776 17606.030
14.7325 2.2475 33.1113 417.89 4.00 3739854 0.00 812.878 17606.692
14.7325 2.2475 33.1113 417.97 4.00 3739874 0.00 813.184 17607.354
14.7525 2.1400 31.5703 418.00 4.00 3739894 0.00 813.297 17607.986
14.7525 2.1400 31.5703 418.17 4.00 3739914 0.00 813.966 17608.617
14.7525 2.1400 31.5703 418.27 4.00 3739934 0.00 814.341 17609.249
14.7525 2.1400 31.5703 418.34 4.00 3739954 0.00 814.625 17609.880
14.7425 2.2000 32.4335 418.54 4.00 3739974 0.00 815.386 17610.529
14.7425 2.2000 32.4335 418.59 4.00 3739994 0.00 815.568 17611.177
14.7425 2.2000 32.4335 418.70 4.00 3740014 0.00 816.035 17611.826
14.7050 2.4300 35.7331 418.78 4.00 3740034 0.00 816.331 17612.541
14.7050 2.4300 35.7331 418.90 4.00 3740054 0.00 816.787 17613.255
14.7050 2.4300 35.7331 418.96 4.00 3740074 0.00 817.027 17613.970
14.7050 2.4300 35.7331 419.07 4.00 3740094 0.00 817.460 17614.685
14.7500 2.1625 31.8969 419.29 4.00 3740114 0.00 818.306 17615.323
14.7500 2.1625 31.8969 419.25 4.00 3740134 0.00 818.169 17615.961
14.7500 2.1625 31.8969 419.47 4.00 3740154 0.00 819.016 17616.598
14.7238 2.3125 34.0487 419.59 4.00 3740174 0.00 819.474 17617.279
14.7238 2.3125 34.0487 419.71 4.00 3740194 0.00 819.955 17617.960
14.7238 2.3125 34.0487 419.75 4.00 3740214 0.00 820.105 17618.641
14.7238 2.3125 34.0487 419.88 4.00 3740234 0.00 820.633 17619.322
14.7325 2.2600 33.2954 419.92 4.00 3740254 0.00 820.794 17619.988
14.7325 2.2600 33.2954 420.02 4.00 3740274 0.00 821.150 17620.654
14.7325 2.2600 33.2954 420.09 4.00 3740294 0.00 821.449 17621.320
14.7325 2.2600 33.2954 420.12 4.00 3740314 0.00 821.541 17621.986
14.7575 2.1100 31.1383 420.30 4.00 3740334 0.00 822.278 17622.609
14.7575 2.1100 31.1383 420.42 4.00 3740354 0.00 822.716 17623.232
14.7575 2.1100 31.1383 420.51 4.00 3740374 0.00 823.085 17623.854
14.7762 2.0075 29.6633 420.62 4.00 3740394 0.00 823.512 17624.448
14.7762 2.0075 29.6633 420.71 4.00 3740414 0.00 823.858 17625.041
14.7762 2.0075 29.6633 420.77 4.00 3740434 0.00 824.112 17625.634
14.7762 2.0075 29.6633 420.86 4.00 3740454 0.00 824.459 17626.227
14.7712 2.0625 30.4657 420.88 4.00 3740474 0.00 824.517 17626.837
14.7712 2.0625 30.4657 420.98 4.00 3740494 0.00 824.934 17627.446
14.7712 2.0625 30.4657 421.09 4.00 3740514 0.00 825.351 17628.055
14.8100 1.8300 27.1023 421.15 4.00 3740534 0.00 825.582 17628.597
14.8100 1.8300 27.1023 421.28 4.00 3740554 0.00 826.093 17629.139
14.8100 1.8300 27.1023 421.32 4.00 3740574 0.00 826.243 17629.681
14.8100 1.8300 27.1023 421.32 4.00 3740594 0.00 826.255 17630.223
14.8350 1.6875 25.0341 421.43 4.00 3740614 0.00 826.696 17630.724
14.8350 1.6875 25.0341 421.49 4.00 3740634 0.00 826.928 17631.225
14.8350 1.6875 25.0341 421.69 4.00 3740654 0.00 827.731 17631.726
14.8263 1.7525 25.9830 421.71 4.00 3740674 0.00 827.801 17632.245
14.8263 1.7525 25.9830 421.75 4.00 3740694 0.00 827.940 17632.765
14.8263 1.7525 25.9830 421.73 4.00 3740714 0.00 827.859 17633.285
14.8263 1.7525 25.9830 421.93 4.00 3740734 0.00 828.639 17633.804
14.7950 1.9525 28.8872 421.97 4.00 3740754 0.00 828.825 17634.382
14.7950 1.9525 28.8872 421.99 4.00 3740774 0.00 828.884 17634.960
14.7950 1.9525 28.8872 422.10 4.00 3740794 0.00 829.304 17635.537
14.7950 1.9525 28.8872 422.17 4.00 3740814 0.00 829.595 17636.115
14.7737 2.0600 30.4339 422.33 4.00 3740834 0.00 830.214 17636.724
14.7737 2.0600 30.4339 422.35 4.00 3740854 0.00 830.308 17637.333
14.7737 2.0600 30.4339 422.50 4.00 3740874 0.00 830.881 17637.941
14.7887 1.9775 29.2448 422.59 4.00 3740894 0.00 831.232 17638.526
14.7887 1.9775 29.2448 422.64 4.00 3740914 0.00 831.455 17639.111
14.7887 1.9775 29.2448 422.76 4.00 3740934 0.00 831.900 17639.696
14.7887 1.9775 29.2448 422.76 4.00 3740954 0.00 831.912 17640.281
14.8950 1.3425 19.9965 422.80 4.00 3740974 0.00 832.076 17640.681
14.8950 1.3425 19.9965 422.83 4.00 3740994 0.00 832.193 17641.081
14.8950 1.3425 19.9965 422.96 4.00 3741014 0.00 832.709 17641.481
14.8387 1.7350 25.7452 423.07 4.00 3741034 0.00 833.120 17641.995
14.8387 1.7350 25.7452 423.06 4.00 3741054 0.00 833.085 17642.510
14.8387 1.7350 25.7452 423.07 4.00 3741074 0.00 833.144 17643.025
14.8387 1.7350 25.7452 423.15 4.00 3741094 0.00 833.438 17643.540
14.8537 1.6175 24.0259 423.24 4.00 3741114 0.00 833.791 17644.021
14.8537 1.6175 24.0259 423.21 4.00 3741134 0.00 833.697 17644.501
14.8537 1.6175 24.0259 423.24 4.00 3741154 0.00 833.826 17644.982
14.8537 1.6175 24.0259 423.36 4.00 3741174 0.00 834.261 17645.462
14.8550 1.6250 24.1394 423.46 4.00 3741194 0.00 834.685 17645.945
14.8550 1.6250 24.1394 423.54 4.00 3741214 0.00 834.992 17646.428
14.8550 1.6250 24.1394 423.60 4.00 3741234 0.00 835.227 17646.911
14.8663 1.5475 23.0055 423.55 4.00 3741254 0.00 835.015 17647.371
14.8663 1.5475 23.0055 423.75 4.00 3741274 0.00 835.806 17647.831
14.8663 1.5475 23.0055 423.66 4.00 3741294 0.00 835.475 17648.291
14.8663 1.5475 23.0055 423.73 4.00 3741314 0.00 835.758 17648.751
14.8725 1.5475 23.0152 423.68 4.00 3741334 0.00 835.558 17649.211
14.8725 1.5475 23.0152 423.83 4.00 3741354 0.00 836.136 17649.672
14.8725 1.5475 23.0152 423.94 4.00 3741374 0.00 836.550 17650.132
14.8500 1.6800 24.9480 424.01 4.00 3741394 0.00 836.858 17650.631
14.8500 1.6800 24.9480 424.00 4.00 3741414 0.00 836.798 17651.130
14.8500 1.6800 24.9480 424.15 4.00 3741434 0.00 837.402 17651.629
14.8500 1.6800 24.9480 424.16 4.00 3741454 0.00 837.449 17652.128
14.9050 1.3500 20.1217 424.18 4.00 3741474 0.00 837.497 17652.530
14.9050 1.3500 20.1217 424.16 4.00 3741494 0.00 837.437 17652.933
14.9050 1.3500 20.1217 424.22 4.00 3741514 0.00 837.662 17653.335
14.8900 1.4550 21.6649 424.29 4.00 3741534 0.00 837.947 17653.768
14.8900 1.4550 21.6649 424.39 4.00 3741554 0.00 838.338 17654.202
14.8900 1.4550 21.6649 424.42 4.00 3741574 0.00 838.468 17654.635
14.8900 1.4550 21.6649 424.44 4.00 3741594 0.00 838.528 17655.068
14.8400 1.7700 26.2668 424.50 4.00 3741614 0.00 838.777 17655.594
14.8400 1.7700 26.2668 424.60 4.00 3741634 0.00 839.169 17656.119
14.8400 1.7700 26.2668 424.59 4.00 3741654 0.00 839.121 17656.644
14.8400 1.7700 26.2668 424.69 4.00 3741674 0.00 839.513 17657.170
14.8562 1.6350 24.2900 424.72 4.00 3741694 0.00 839.632 17657.655
14.8562 1.6350 24.2900 424.82 4.00 3741714 0.00 840.060 17658.141
14.8562 1.6350 24.2900 424.87 4.00 3741734 0.00 840.239 17658.627
14.8675 1.5875 23.6022 424.87 4.00 3741754 0.00 840.239 17659.099
14.8675 1.5875 23.6022 424.96 4.00 3741774 0.00 840.584 17659.571
14.8675 1.5875 23.6022 425.00 4.00 3741794 0.00 840.762 17660.043
14.8675 1.5875 23.6022 425.02 4.00 3741814 0.00 840.834 17660.515
14.9063 1.3525 20.1607 425.10 4.00 3741834 0.00 841.144 17660.918
14.9063 1.3525 20.1607 425.12 4.00 3741854 0.00 841.215 17661.322
14.9063 1.3525 20.1607 425.16 4.00 3741874 0.00 841.382 17661.725
14.8387 1.7925 26.5985 425.32 4.00 3741894 0.00 842.026 17662.257
14.8387 1.7925 26.5985 425.37 4.00 3741914 0.00 842.206 17662.789
14.8387 1.7925 26.5985 425.40 4.00 3741934 0.00 842.325 17663.321
14.8387 1.7925 26.5985 425.45 4.00 3741954 0.00 842.540 17663.853
14.9025 1.3675 20.3792 425.46 4.00 3741974 0.00 842.564 17664.260
14.9025 1.3675 20.3792 425.52 4.00 3741994 0.00 842.827 17664.668
14.9025 1.3675 20.3792 425.55 4.00 3742014 0.00 842.946 17665.075
14.9025 1.3675 20.3792 425.65 4.00 3742034 0.00 843.317 17665.483
14.8950 1.4275 21.2626 425.76 4.00 3742054 0.00 843.748 17665.908
14.8950 1.4275 21.2626 425.71 4.00 3742074 0.00 843.557 17666.334
14.8950 1.4275 21.2626 425.72 4.00 3742094 0.00 843.617 17666.759
14.9337 1.2175 18.1818 425.74 4.00 3742114 0.00 843.676 17667.122
14.9337 1.2175 18.1818 425.81 4.00 3742134 0.00 843.976 17667.486
14.9337 1.2175 18.1818 425.81 4.00 3742154 0.00 843.976 17667.850
14.9337 1.2175 18.1818 425.83 4.00 3742174 0.00 844.036 17668.213
14.9650 1.0600 15.8629 425.86 4.00 3742194 0.00 844.156 17668.531
14.9650 1.0600 15.8629 425.88 4.00 3742214 0.00 844.251 17668.848
14.9650 1.0600 15.8629 425.89 4.00 3742234 0.00 844.287 17669.165
14.8812 1.5750 23.4380 425.97 4.00 3742254 0.00 844.599 17669.634
14.8812 1.5750 23.4380 425.92 4.00 3742274 0.00 844.407 17670.103
14.8812 1.5750 23.4380 426.03 4.00 3742294 0.00 844.827 17670.571
14.8812 1.5750 23.4380 426.12 4.00 3742314 0.00 845.187 17671.040
14.9100 1.3750 20.5012 426.06 4.00 3742334 0.00 844.947 17671.450
14.9100 1.3750 20.5012 426.17 4.00 3742354 0.00 845.391 17671.860
14.9100 1.3750 20.5012 426.30 4.00 3742374 0.00 845.896 17672.270
14.9100 1.3750 20.5012 426.25 4.00 3742394 0.00 845.715 17672.680
14.8787 1.5750 23.4340 426.32 4.00 3742414 0.00 845.980 17673.149
14.8787 1.5750 23.4340 426.32 4.00 3742434 0.00 845.968 17673.618
14.8787 1.5750 23.4340 426.31 4.00 3742454 0.00 845.956 17674.086
14.9212 1.2975 19.3603 426.38 4.00 3742474 0.00 846.244 17674.474
14.9212 1.2975 19.3603 426.43 4.00 3742494 0.00 846.425 17674.861
14.9212 1.2975 19.3603 426.46 4.00 3742514 0.00 846.545 17675.248
14.9212 1.2975 19.3603 426.52 4.00 3742534 0.00 846.786 17675.635
14.9688 1.0475 15.6798 426.58 4.00 3742554 0.00 847.015 17675.949
14.9688 1.0475 15.6798 426.67 4.00 3742574 0.00 847.376 17676.262
14.9688 1.0475 15.6798 426.58 4.00 3742594 0.00 847.027 17676.576
14.9600 1.1225 16.7926 426.63 4.00 3742614 0.00 847.219 17676.912
14.9600 1.1225 16.7926 426.67 4.00 3742634 0.00 847.364 17677.248
14.9600 1.1225 16.7926 426.58 4.00 3742654 0.00 847.027 17677.583
14.9600 1.1225 16.7926 426.65 4.00 3742674 0.00 847.316 17677.919
14.9812 1.0000 14.9812 426.65 4.00 3742694 0.00 847.316 17678.219
14.9812 1.0000 14.9812 426.72 4.00 3742714 0.00 847.581 17678.519
14.9812 1.0000 14.9812 426.82 4.00 3742734 0.00 847.967 17678.818
14.9250 1.3375 19.9622 426.86 4.00 3742754 0.00 848.148 17679.217
14.9250 1.3375 19.9622 426.85 4.00 3742774 0.00 848.088 17679.617
14.9250 1.3375 19.9622 426.83 4.00 3742794 0.00 848.027 17680.016
14.9250 1.3375 19.9622 426.84 4.00 3742814 0.00 848.039 17680.415
14.9562 1.1475 17.1623 426.85 4.00 3742834 0.00 848.088 17680.758
14.9562 1.1475 17.1623 426.84 4.00 3742854 0.00 848.063 17681.102
14.9562 1.1475 17.1623 426.90 4.00 3742874 0.00 848.305 17681.445
14.9562 1.1475 17.1623 426.89 4.00 3742894 0.00 848.269 17681.788
14.9337 1.2825 19.1525 427.01 4.00 3742914 0.00 848.715 17682.171
14.9337 1.2825 19.1525 426.96 4.00 3742934 0.00 848.534 17682.554
14.9337 1.2825 19.1525 427.06 4.00 3742954 0.00 848.909 17682.937
14.9575 1.1550 17.2759 427.07 4.00 3742974 0.00 848.981 17683.283
14.9575 1.1550 17.2759 427.09 4.00 3742994 0.00 849.054 17683.628
14.9575 1.1550 17.2759 427.00 4.00 3743014 0.00 848.679 17683.974
14.9575 1.1550 17.2759 427.08 4.00 3743034 0.00 849.005 17684.319
14.9312 1.3200 19.7092 427.12 4.00 3743054 0.00 849.150 17684.714
14.9312 1.3200 19.7092 427.24 4.00 3743074 0.00 849.658 17685.108
14.9312 1.3200 19.7092 427.24 4.00 3743094 0.00 849.646 17685.502
14.9137 1.4000 20.8792 427.34 4.00 3743114 0.00 850.046 17685.920
14.9137 1.4000 20.8792 427.26 4.00 3743134 0.00 849.707 17686.337
14.9137 1.4000 20.8792 427.37 4.00 3743154 0.00 850.179 17686.755
14.9137 1.4000 20.8792 427.31 4.00 3743174 0.00 849.937 17687.172
14.9063 1.4675 21.8749 427.36 4.00 3743194 0.00 850.118 17687.610
14.9063 1.4675 21.8749 427.43 4.00 3743214 0.00 850.397 17688.047
14.9063 1.4675 21.8749 427.55 4.00 3743234 0.00 850.894 17688.485
14.9063 1.4675 21.8749 427.51 4.00 3743254 0.00 850.712 17688.922
15.0075 0.8050 12.0810 427.52 4.00 3743274 0.00 850.773 17689.164
15.0075 0.8050 12.0810 427.53 4.00 3743294 0.00 850.785 17689.406
15.0075 0.8050 12.0810 427.53 4.00 3743314 0.00 850.785 17689.647
14.9525 1.2225 18.2794 427.51 4.00 3743334 0.00 850.736 17690.013
14.9525 1.2225 18.2794 427.51 4.00 3743354 0.00 850.736 17690.378
14.9525 1.2225 18.2794 427.51 4.00 3743374 0.00 850.712 17690.744
14.9525 1.2225 18.2794 427.60 4.00 3743394 0.00 851.064 17691.110
14.9513 1.2075 18.0536 427.69 4.00 3743414 0.00 851.416 17691.471
14.9513 1.2075 18.0536 427.67 4.00 3743434 0.00 851.343 17691.832
14.9513 1.2075 18.0536 427.73 4.00 3743454 0.00 851.610 17692.193
14.9162 1.4075 20.9946 427.78 4.00 3743474 0.00 851.780 17692.613
14.9162 1.4075 20.9946 427.79 4.00 3743494 0.00 851.841 17693.033
14.9162 1.4075 20.9946 427.87 4.00 3743514 0.00 852.132 17693.452
14.9162 1.4075 20.9946 427.83 4.00 3743534 0.00 851.999 17693.872
14.9262 1.3575 20.2624 427.97 4.00 3743554 0.00 852.546 17694.278
14.9262 1.3575 20.2624 428.08 4.00 3743574 0.00 852.984 17694.683
14.9262 1.3575 20.2624 428.04 4.00 3743594 0.00 852.826 17695.088
14.9450 1.2225 18.2703 428.04 4.00 3743614 0.00 852.813 17695.453
14.9450 1.2225 18.2703 428.03 4.00 3743634 0.00 852.801 17695.819
14.9450 1.2225 18.2703 428.07 4.00 3743654 0.00 852.935 17696.184
14.9450 1.2225 18.2703 428.01 4.00 3743674 0.00 852.704 17696.550
14.9562 1.1600 17.3492 428.12 4.00 3743694 0.00 853.130 17696.897
14.9562 1.1600 17.3492 428.05 4.00 3743714 0.00 852.874 17697.244
14.9562 1.1600 17.3492 428.15 4.00 3743734 0.00 853.264 17697.591
14.9562 1.1600 17.3492 428.22 4.00 3743754 0.00 853.532 17697.938
14.9750 1.0675 15.9858 428.24 4.00 3743774 0.00 853.629 17698.257
14.9750 1.0675 15.9858 428.15 4.00 3743794 0.00 853.251 17698.577
14.9750 1.0675 15.9858 428.24 4.00 3743814 0.00 853.617 17698.897
14.9575 1.1900 17.7994 428.18 4.00 3743834 0.00 853.385 17699.253
14.9575 1.1900 17.7994 428.22 4.00 3743854 0.00 853.556 17699.609
14.9575 1.1900 17.7994 428.27 4.00 3743874 0.00 853.739 17699.965
14.9575 1.1900 17.7994 428.34 4.00 3743894 0.00 854.019 17700.321
14.9600 1.1575 17.3162 428.36 4.00 3743914 0.00 854.092 17700.667
14.9600 1.1575 17.3162 428.40 4.00 3743934 0.00 854.275 17701.013
14.9600 1.1575 17.3162 428.43 4.00 3743954 0.00 854.373 17701.360
15.0200 0.8150 12.2413 428.41 4.00 3743974 0.00 854.300 17701.604
15.0200 0.8150 12.2413 428.44 4.00 3743994 0.00 854.422 17701.849
15.0200 0.8150 12.2413 428.40 4.00 3744014 0.00 854.251 17702.094
15.0200 0.8150 12.2413 428.42 4.00 3744034 0.00 854.336 17702.339
14.9837 1.0575 15.8453 428.41 4.00 3744054 0.00 854.287 17702.656
14.9837 1.0575 15.8453 428.44 4.00 3744074 0.00 854.422 17702.973
14.9837 1.0575 15.8453 428.45 4.00 3744094 0.00 854.446 17703.290
14.9837 1.0575 15.8453 428.45 4.00 3744114 0.00 854.470 17703.607
14.9312 1.3775 20.5678 428.47 4.00 3744134 0.00 854.544 17704.018
14.9312 1.3775 20.5678 428.51 4.00 3744154 0.00 854.714 17704.429
14.9312 1.3775 20.5678 428.55 4.00 3744174 0.00 854.849 17704.841
14.9387 1.2950 19.3457 428.58 4.00 3744194 0.00 854.983 17705.228
14.9387 1.2950 19.3457 428.66 4.00 3744214 0.00 855.289 17705.614
14.9387 1.2950 19.3457 428.70 4.00 3744234 0.00 855.460 17706.001
14.9387 1.2950 19.3457 428.74 4.00 3744254 0.00 855.619 17706.388
14.9862 0.9975 14.9488 428.78 4.00 3744274 0.00 855.790 17706.687
14.9862 0.9975 14.9488 428.79 4.00 3744294 0.00 855.802 17706.986
14.9862 0.9975 14.9488 428.70 4.00 3744314 0.00 855.460 17707.285
14.9950 0.9925 14.8825 428.79 4.00 3744334 0.00 855.827 17707.583
14.9950 0.9925 14.8825 428.76 4.00 3744354 0.00 855.692 17707.881
14.9950 0.9925 14.8825 428.79 4.00 3744374 0.00 855.802 17708.178
14.9950 0.9925 14.8825 428.83 4.00 3744394 0.00 855.998 17708.476
14.9712 1.1325 16.9549 428.84 4.00 3744414 0.00 856.022 17708.815
14.9712 1.1325 16.9549 428.82 4.00 3744434 0.00 855.949 17709.154
14.9712 1.1325 16.9549 428.86 4.00 3744454 0.00 856.096 17709.493
14.9712 1.1325 16.9549 428.83 4.00 3744474 0.00 855.961 17709.832
14.9700 1.1300 16.9161 428.87 4.00 3744494 0.00 856.157 17710.171
14.9700 1.1300 16.9161 428.95 4.00 3744514 0.00 856.463 17710.509
14.9700 1.1300 16.9161 428.83 4.00 3744534 0.00 855.973 17710.847
14.9350 1.3475 20.1249 428.92 4.00 3744554 0.00 856.353 17711.250
14.9350 1.3475 20.1249 429.02 4.00 3744574 0.00 856.745 17711.652
14.9350 1.3475 20.1249 429.09 4.00 3744594 0.00 857.015 17712.055
14.9350 1.3475 20.1249 429.06 4.00 3744614 0.00 856.880 17712.457
14.9787 1.0700 16.0273 429.12 4.00 3744634 0.00 857.125 17712.778
14.9787 1.0700 16.0273 429.02 4.00 3744654 0.00 856.745 17713.098
14.9787 1.0700 16.0273 429.14 4.00 3744674 0.00 857.211 17713.419
14.9862 1.0450 15.6606 429.07 4.00 3744694 0.00 856.953 17713.732
14.9862 1.0450 15.6606 429.12 4.00 3744714 0.00 857.137 17714.045
14.9862 1.0450 15.6606 429.11 4.00 3744734 0.00 857.100 17714.358
14.9862 1.0450 15.6606 429.20 4.00 3744754 0.00 857.444 17714.672
15.0087 0.9025 13.5454 429.12 4.00 3744774 0.00 857.149 17714.943
15.0087 0.9025 13.5454 429.25 4.00 3744794 0.00 857.652 17715.214
15.0087 0.9025 13.5454 429.13 4.00 3744814 0.00 857.186 17715.484
15.0000 0.9800 14.7000 429.23 4.00 3744834 0.00 857.566 17715.778
15.0000 0.9800 14.7000 429.16 4.00 3744854 0.00 857.309 17716.072
15.0000 0.9800 14.7000 429.22 4.00 3744874 0.00 857.530 17716.366
15.0000 0.9800 14.7000 429.19 4.00 3744894 0.00 857.407 17716.660
15.0162 0.8675 13.0266 429.19 4.00 3744914 0.00 857.431 17716.921
15.0162 0.8675 13.0266 429.16 4.00 3744934 0.00 857.284 17717.181
15.0162 0.8675 13.0266 429.22 4.00 3744954 0.00 857.517 17717.442
15.0162 0.8675 13.0266 429.17 4.00 3744974 0.00 857.321 17717.703
15.0237 0.8475 12.7326 429.24 4.00 3744994 0.00 857.628 17717.957
15.0237 0.8475 12.7326 429.16 4.00 3745014 0.00 857.309 17718.212
15.0237 0.8475 12.7326 429.14 4.00 3745034 0.00 857.198 17718.467
15.0325 0.8175 12.2891 429.23 4.00 3745054 0.00 857.578 17718.712
15.0325 0.8175 12.2891 429.30 4.00 3745074 0.00 857.873 17718.958
15.0325 0.8175 12.2891 429.26 4.00 3745094 0.00 857.689 17719.204
15.0325 0.8175 12.2891 429.25 4.00 3745114 0.00 857.640 17719.450
14.9662 1.2075 18.0717 429.21 4.00 3745134 0.00 857.480 17719.811
14.9662 1.2075 18.0717 429.26 4.00 3745154 0.00 857.677 17720.172
14.9662 1.2075 18.0717 429.29 4.00 3745174 0.00 857.812 17720.534
14.9837 1.0825 16.2199 429.32 4.00 3745194 0.00 857.922 17720.858
14.9837 1.0825 16.2199 429.31 4.00 3745214 0.00 857.910 17721.183
14.9837 1.0825 16.2199 429.41 4.00 3745234 0.00 858.315 17721.507
14.9837 1.0825 16.2199 429.40 4.00 3745254 0.00 858.266 17721.832
14.9600 1.2225 18.2886 429.49 4.00 3745274 0.00 858.610 17722.197
14.9600 1.2225 18.2886 429.51 4.00 3745294 0.00 858.684 17722.563
14.9600 1.2225 18.2886 429.52 4.00 3745314 0.00 858.733 17722.929
14.9600 1.2225 18.2886 429.45 4.00 3745334 0.00 858.475 17723.295
15.0025 0.9650 14.4774 429.37 4.00 3745354 0.00 858.131 17723.584
15.0025 0.9650 14.4774 429.44 4.00 3745374 0.00 858.401 17723.874
15.0025 0.9650 14.4774 429.55 4.00 3745394 0.00 858.844 17724.163
15.0275 0.8175 12.2850 429.52 4.00 3745414 0.00 858.721 17724.409
15.0275 0.8175 12.2850 429.46 4.00 3745434 0.00 858.500 17724.655
15.0275 0.8175 12.2850 429.46 4.00 3745454 0.00 858.500 17724.900
15.0275 0.8175 12.2850 429.48 4.00 3745474 0.00 858.573 17725.146
14.9975 1.0400 15.5974 429.56 4.00 3745494 0.00 858.881 17725.458
14.9975 1.0400 15.5974 429.50 4.00 3745514 0.00 858.672 17725.770
14.9975 1.0400 15.5974 429.48 4.00 3745534 0.00 858.586 17726.082
14.9875 1.0900 16.3364 429.55 4.00 3745554 0.00 858.844 17726.409
14.9875 1.0900 16.3364 429.64 4.00 3745574 0.00 859.201 17726.735
14.9875 1.0900 16.3364 429.60 4.00 3745594 0.00 859.053 17727.062
14.9875 1.0900 16.3364 429.63 4.00 3745614 0.00 859.164 17727.389
14.9900 1.0425 15.6271 429.53 4.00 3745634 0.00 858.758 17727.701
14.9900 1.0425 15.6271 429.61 4.00 3745654 0.00 859.077 17728.014
14.9900 1.0425 15.6271 429.58 4.00 3745674 0.00 858.967 17728.326
15.0025 1.0000 15.0025 429.58 4.00 3745694 0.00 858.967 17728.626
15.0025 1.0000 15.0025 429.54 4.00 3745714 0.00 858.831 17728.927
15.0025 1.0000 15.0025 429.68 4.00 3745734 0.00 859.361 17729.227
15.0025 1.0000 15.0025 429.73 4.00 3745754 0.00 859.570 17729.527
14.9937 1.0375 15.5560 429.75 4.00 3745774 0.00 859.656 17729.838
14.9937 1.0375 15.5560 429.66 4.00 3745794 0.00 859.287 17730.149
14.9937 1.0375 15.5560 429.74 4.00 3745814 0.00 859.607 17730.460
14.9937 1.0375 15.5560 429.70 4.00 3745834 0.00 859.471 17730.771
15.0375 0.7700 11.5789 429.66 4.00 3745854 0.00 859.299 17731.003
15.0375 0.7700 11.5789 429.63 4.00 3745874 0.00 859.176 17731.234
15.0375 0.7700 11.5789 429.64 4.00 3745894 0.00 859.225 17731.466
15.0187 0.9175 13.7797 429.76 4.00 3745914 0.00 859.693 17731.741
15.0187 0.9175 13.7797 429.80 4.00 3745934 0.00 859.865 17732.017
15.0187 0.9175 13.7797 429.74 4.00 3745954 0.00 859.631 17732.293
15.0187 0.9175 13.7797 429.81 4.00 3745974 0.00 859.902 17732.568
14.9700 1.2150 18.1885 429.81 4.00 3745994 0.00 859.890 17732.932
14.9700 1.2150 18.1885 429.79 4.00 3746014 0.00 859.828 17733.296
14.9700 1.2150 18.1885 429.79 4.00 3746034 0.00 859.816 17733.660
14.9625 1.2400 18.5535 429.73 4.00 3746054 0.00 859.582 17734.031
14.9625 1.2400 18.5535 429.81 4.00 3746074 0.00 859.902 17734.402
14.9625 1.2400 18.5535 429.90 4.00 3746094 0.00 860.272 17734.773
14.9625 1.2400 18.5535 429.92 4.00 3746114 0.00 860.321 17735.144
14.9700 1.1700 17.5149 429.93 4.00 3746134 0.00 860.383 17735.494
14.9700 1.1700 17.5149 429.96 4.00 3746154 0.00 860.494 17735.844
14.9700 1.1700 17.5149 429.99 4.00 3746174 0.00 860.630 17736.195
14.9700 1.1700 17.5149 430.01 4.00 3746194 0.00 860.679 17736.545
15.0000 1.0075 15.1125 430.02 4.00 3746214 0.00 860.728 17736.847
15.0000 1.0075 15.1125 430.01 4.00 3746234 0.00 860.704 17737.150
15.0000 1.0075 15.1125 429.98 4.00 3746254 0.00 860.593 17737.452
15.0400 0.7600 11.4304 430.02 4.00 3746274 0.00 860.753 17737.680
15.0400 0.7600 11.4304 430.05 4.00 3746294 0.00 860.852 17737.909
15.0400 0.7600 11.4304 430.02 4.00 3746314 0.00 860.728 17738.138
15.0400 0.7600 11.4304 430.01 4.00 3746334 0.00 860.691 17738.366
15.0387 0.7850 11.8054 430.02 4.00 3746354 0.00 860.741 17738.602
15.0387 0.7850 11.8054 429.98 4.00 3746374 0.00 860.568 17738.838
15.0387 0.7850 11.8054 430.04 4.00 3746394 0.00 860.815 17739.075
15.0300 0.8525 12.8131 430.04 4.00 3746414 0.00 860.827 17739.331
15.0300 0.8525 12.8131 430.02 4.00 3746434 0.00 860.741 17739.587
15.0300 0.8525 12.8131 430.02 4.00 3746454 0.00 860.716 17739.843
15.0300 0.8525 12.8131 430.00 4.00 3746474 0.00 860.667 17740.100
15.0075 1.0050 15.0825 429.99 4.00 3746494 0.00 860.605 17740.401
15.0075 1.0050 15.0825 430.03 4.00 3746514 0.00 860.790 17740.703
15.0075 1.0050 15.0825 429.95 4.00 3746534 0.00 860.469 17741.005
15.0075 0.5575 8.3667 430.08 4.00 3746554 0.00 860.975 17741.172
15.0763 0.5575 8.4050 430.03 4.00 3746574 0.00 860.778 17741.340
15.0763 0.5575 8.4050 430.08 4.00 3746594 0.00 860.975 17741.508
15.0763 0.5575 8.4050 429.96 4.00 3746614 0.00 860.506 17741.676
15.1712 0.0400 0.6068 429.99 4.00 3746634 0.00 860.617 17741.688
15.1712 0.0400 0.6068 429.89 4.00 3746654 0.00 860.198 17741.700
15.1712 0.0400 0.6068 429.82 4.00 3746674 0.00 859.952 17741.713
15.1712 0.0400 0.6068 429.76 4.00 3746694 0.00 859.681 17741.725
15.1775 0.0400 0.6071 429.72 4.00 3746714 0.00 859.545 17741.737
15.1775 0.0400 0.6071 429.63 4.00 3746734 0.00 859.164 17741.749
15.1775 0.0400 0.6071 429.63 4.00 3746754 0.00 859.176 17741.761
15.1825 0.0400 0.6073 429.60 4.00 3746774 0.00 859.041 17741.773
15.1825 0.0400 0.6073 429.59 4.00 3746794 0.00 859.004 17741.785
15.1825 0.0400 0.6073 429.49 4.00 3746814 0.00 858.635 17741.798
15.1825 0.0400 0.6073 429.37 4.00 3746834 0.00 858.131 17741.810
15.1850 0.0400 0.6074 429.31 4.00 3746854 0.00 857.885 17741.822
15.1850 0.0400 0.6074 429.29 4.00 3746874 0.00 857.824 17741.834
15.1850 0.0400 0.6074 429.23 4.00 3746894 0.00 857.578 17741.846
15.1862 0.0400 0.6074 429.28 4.00 3746914 0.00 857.763 17741.858
15.1862 0.0400 0.6074 429.12 4.00 3746934 0.00 857.137 17741.870
15.1862 0.0400 0.6074 429.10 4.00 3746954 0.00 857.039 17741.883
15.1862 0.0400 0.6074 429.02 4.00 3746974 0.00 856.745 17741.895
15.1900 0.0400 0.6076 429.07 4.00 3746994 0.00 856.929 17741.907
15.1900 0.0400 0.6076 428.90 4.00 3747014 0.00 856.243 17741.919
15.1900 0.0400 0.6076 428.85 4.00 3747034 0.00 856.071 17741.931
15.1900 0.0400 0.6076 428.72 4.00 3747054 0.00 855.521 17741.943
15.1925 0.0400 0.6077 428.75 4.00 3747074 0.00 855.668 17741.956
15.1925 0.0400 0.6077 428.75 4.00 3747094 0.00 855.655 17741.968
15.1925 0.0400 0.6077 428.73 4.00 3747114 0.00 855.582 17741.980
15.1937 0.0400 0.6077 428.52 4.00 3747134 0.00 854.751 17741.992
15.1937 0.0400 0.6077 428.65 4.00 3747154 0.00 855.264 17742.004
15.1937 0.0400 0.6077 428.48 4.00 3747174 0.00 854.592 17742.016
15.1937 0.0400 0.6077 428.46 4.00 3747194 0.00 854.507 17742.028
15.1950 0.0400 0.6078 428.37 4.00 3747214 0.00 854.141 17742.041
15.1950 0.0400 0.6078 428.35 4.00 3747234 0.00 854.068 17742.053
15.1950 0.0400 0.6078 428.23 4.00 3747254 0.00 853.593 17742.065
15.1975 0.0400 0.6079 428.27 4.00 3747274 0.00 853.763 17742.077
15.1975 0.0400 0.6079 428.12 4.00 3747294 0.00 853.130 17742.089
15.1975 0.0400 0.6079 428.11 4.00 3747314 0.00 853.105 17742.101
15.1975 0.0400 0.6079 428.08 4.00 3747334 0.00 852.996 17742.114
15.2000 0.0400 0.6080 428.02 4.00 3747354 0.00 852.752 17742.126
15.2000 0.0400 0.6080 427.88 4.00 3747374 0.00 852.205 17742.138
15.2000 0.0400 0.6080 427.92 4.00 3747394 0.00 852.363 17742.150
15.2000 0.0400 0.6080 427.84 4.00 3747414 0.00 852.047 17742.162
15.2013 0.0400 0.6080 427.81 4.00 3747434 0.00 851.926 17742.174
15.2013 0.0400 0.6080 427.77 4.00 3747454 0.00 851.744 17742.186
15.2013 0.0400 0.6080 427.74 4.00 3747474 0.00 851.622 17742.199
15.2025 0.0400 0.6081 427.62 4.00 3747494 0.00 851.173 17742.211
15.2025 0.0400 0.6081 427.59 4.00 3747514 0.00 851.052 17742.223
15.2025 0.0400 0.6081 427.52 4.00 3747534 0.00 850.748 17742.235
15.2025 0.0400 0.6081 427.48 4.00 3747554 0.00 850.579 17742.247
15.2037 0.0400 0.6081 427.40 4.00 3747574 0.00 850.288 17742.259
15.2037 0.0400 0.6081 427.43 4.00 3747594 0.00 850.409 17742.272
15.2037 0.0400 0.6081 427.31 4.00 3747614 0.00 849.937 17742.284
15.2062 0.0400 0.6082 427.23 4.00 3747634 0.00 849.598 17742.296
15.2062 0.0400 0.6082 427.18 4.00 3747654 0.00 849.404 17742.308
15.2062 0.0400 0.6082 427.11 4.00 3747674 0.00 849.114 17742.320
15.2062 0.0400 0.6082 427.10 4.00 3747694 0.00 849.102 17742.332
15.2075 0.0400 0.6083 427.02 4.00 3747714 0.00 848.788 17742.345
15.2075 0.0400 0.6083 427.04 4.00 3747734 0.00 848.848 17742.357
15.2075 0.0400 0.6083 427.02 4.00 3747754 0.00 848.752 17742.369
15.2087 0.0400 0.6083 426.97 4.00 3747774 0.00 848.570 17742.381
15.2087 0.0400 0.6083 426.90 4.00 3747794 0.00 848.293 17742.393
15.2087 0.0400 0.6083 426.79 4.00 3747814 0.00 847.858 17742.405
15.2087 0.0400 0.6083 426.70 4.00 3747834 0.00 847.497 17742.418
15.2100 0.0400 0.6084 426.76 4.00 3747854 0.00 847.738 17742.430
15.2100 0.0400 0.6084 426.55 4.00 3747874 0.00 846.906 17742.442
15.2100 0.0400 0.6084 426.51 4.00 3747894 0.00 846.726 17742.454
15.2100 0.0400 0.6084 426.53 4.00 3747914 0.00 846.810 17742.466
15.2112 0.0400 0.6084 426.53 4.00 3747934 0.00 846.834 17742.478
15.2112 0.0400 0.6084 426.48 4.00 3747954 0.00 846.629 17742.491
15.2112 0.0400 0.6084 426.41 4.00 3747974 0.00 846.328 17742.503
15.2125 0.0400 0.6085 426.19 4.00 3747994 0.00 845.487 17742.515
15.2125 0.0400 0.6085 426.25 4.00 3748014 0.00 845.703 17742.527
15.2125 0.0400 0.6085 426.19 4.00 3748034 0.00 845.463 17742.539
15.2125 0.0400 0.6085 426.12 4.00 3748054 0.00 845.175 17742.551
15.2137 0.0400 0.6085 425.95 4.00 3748074 0.00 844.503 17742.564
15.2137 0.0400 0.6085 426.05 4.00 3748094 0.00 844.911 17742.576
15.2137 0.0400 0.6085 426.01 4.00 3748114 0.00 844.755 17742.588
15.2150 0.0400 0.6086 425.96 4.00 3748134 0.00 844.575 17742.600
15.2150 0.0400 0.6086 425.94 4.00 3748154 0.00 844.491 17742.612
15.2150 0.0400 0.6086 425.82 4.00 3748174 0.00 843.988 17742.625
15.2150 0.0400 0.6086 425.71 4.00 3748194 0.00 843.581 17742.637
15.2162 0.0400 0.6086 425.69 4.00 3748214 0.00 843.497 17742.649
15.2162 0.0400 0.6086 425.63 4.00 3748234 0.00 843.257 17742.661
15.2162 0.0400 0.6086 425.55 4.00 3748254 0.00 842.935 17742.673
15.2162 0.0400 0.6086 425.57 4.00 3748274 0.00 843.018 17742.685
15.2175 0.0400 0.6087 425.55 4.00 3748294 0.00 842.946 17742.698
15.2175 0.0400 0.6087 425.44 4.00 3748314 0.00 842.516 17742.710
15.2175 0.0400 0.6087 425.42 4.00 3748334 0.00 842.421 17742.722
15.2188 0.0400 0.6087 425.35 4.00 3748354 0.00 842.134 17742.734
15.2188 0.0400 0.6087 425.29 4.00 3748374 0.00 841.907 17742.746
15.2188 0.0400 0.6087 425.18 4.00 3748394 0.00 841.454 17742.758
15.2188 0.0400 0.6087 425.12 4.00 3748414 0.00 841.215 17742.771
15.2200 0.0400 0.6088 425.09 4.00 3748434 0.00 841.120 17742.783
15.2200 0.0400 0.6088 425.11 4.00 3748454 0.00 841.203 17742.795
15.2200 0.0400 0.6088 425.04 4.00 3748474 0.00 840.905 17742.807
15.2212 0.0400 0.6088 425.00 4.00 3748494 0.00 840.739 17742.819
15.2212 0.0400 0.6088 424.89 4.00 3748514 0.00 840.322 17742.831
15.2212 0.0400 0.6088 424.88 4.00 3748534 0.00 840.262 17742.844
15.2212 0.0400 0.6088 424.84 4.00 3748554 0.00 840.143 17742.856
15.2225 0.0400 0.6089 424.72 4.00 3748574 0.00 839.668 17742.868
15.2225 0.0400 0.6089 424.71 4.00 3748594 0.00 839.620 17742.880
15.2225 0.0400 0.6089 424.62 4.00 3748614 0.00 839.264 17742.892
15.2225 0.0400 0.6089 424.57 4.00 3748634 0.00 839.050 17742.905
15.2238 0.0400 0.6089 424.51 4.00 3748654 0.00 838.813 17742.917
15.2238 0.0400 0.6089 424.51 4.00 3748674 0.00 838.813 17742.929
15.2238 0.0400 0.6089 424.48 4.00 3748694 0.00 838.718 17742.941
15.2250 0.0400 0.6090 424.43 4.00 3748714 0.00 838.492 17742.953
15.2250 0.0400 0.6090 424.32 4.00 3748734 0.00 838.065 17742.965
15.2250 0.0400 0.6090 424.36 4.00 3748754 0.00 838.243 17742.978
15.2250 0.0400 0.6090 424.27 4.00 3748774 0.00 837.852 17742.990
15.2262 0.0400 0.6090 424.17 4.00 3748794 0.00 837.473 17743.002
15.2262 0.0400 0.6090 424.12 4.00 3748814 0.00 837.272 17743.014
15.2262 0.0400 0.6090 424.01 4.00 3748834 0.00 836.846 17743.026
15.2262 0.0400 0.6090 423.99 4.00 3748854 0.00 836.763 17743.039
15.2262 0.0400 0.6090 423.96 4.00 3748874 0.00 836.645 17743.051
15.2262 0.0400 0.6090 423.81 4.00 3748894 0.00 836.066 17743.063
15.2262 0.0400 0.6090 423.73 4.00 3748914 0.00 835.758 17743.075
15.2275 0.0400 0.6091 423.80 4.00 3748934 0.00 836.030 17743.087
15.2275 0.0400 0.6091 423.76 4.00 3748954 0.00 835.841 17743.099
15.2275 0.0400 0.6091 423.76 4.00 3748974 0.00 835.853 17743.112
15.2287 0.0400 0.6091 423.62 4.00 3748994 0.00 835.322 17743.124
15.2287 0.0400 0.6091 423.58 4.00 3749014 0.00 835.157 17743.136
15.2287 0.0400 0.6091 423.53 4.00 3749034 0.00 834.933 17743.148
15.2287 0.0400 0.6091 423.45 4.00 3749054 0.00 834.650 17743.160
15.2300 0.0400 0.6092 423.49 4.00 3749074 0.00 834.791 17743.173
15.2300 0.0400 0.6092 423.32 4.00 3749094 0.00 834.120 17743.185
15.2300 0.0400 0.6092 423.31 4.00 3749114 0.00 834.096 17743.197
15.2300 0.0400 0.6092 423.33 4.00 3749134 0.00 834.179 17743.209
15.2312 0.0400 0.6092 423.27 4.00 3749154 0.00 833.932 17743.221
15.2312 0.0400 0.6092 423.16 4.00 3749174 0.00 833.508 17743.233
