
15.3350 0.0400 0.6134 369.02 4.00 3770301 0.00 633.841 17756.15815.3350 0.0400 0.6134 368.94 4.00 3770321 0.00 633.600 17756.170
15.3350 0.0400 0.6134 368.95 4.00 3770341 0.00 633.631 17756.182
15.3350 0.0400 0.6134 368.83 4.00 3770361 0.00 633.203 17756.194
15.3350 0.0400 0.6134 368.79 4.00 3770381 0.00 633.055 17756.207
15.3362 0.0400 0.6134 367.41 4.00 3770948 0.00 628.334 17756.555
15.3362 0.0400 0.6134 367.35 4.00 3770968 0.00 628.127 17756.567
15.3362 0.0400 0.6134 367.34 4.00 3770988 0.00 628.088 17756.579
15.3362 0.0400 0.6134 367.28 4.00 3771008 0.00 627.896 17756.591
15.3362 0.0400 0.6134 367.19 4.00 3771028 0.00 627.573 17756.604
15.3362 0.0400 0.6134 367.20 4.00 3771048 0.00 627.612 17756.616
15.3362 0.0400 0.6134 367.14 4.00 3771068 0.00 627.427 17756.628
15.3362 0.0400 0.6134 367.11 4.00 3771088 0.00 627.304 17756.640
15.3362 0.0400 0.6134 367.03 4.00 3771108 0.00 627.028 17756.653
15.3362 0.0400 0.6134 366.96 4.00 3771128 0.00 626.798 17756.665
15.3362 0.0400 0.6134 366.88 4.00 3771148 0.00 626.530 17756.677
15.3362 0.0400 0.6134 366.89 4.00 3771168 0.00 626.568 17756.689
15.3362 0.0400 0.6134 366.83 4.00 3771188 0.00 626.361 17756.702
15.3362 0.0400 0.6134 366.83 4.00 3771208 0.00 626.369 17756.714
15.3375 0.0400 0.6135 366.76 4.00 3771228 0.00 626.109 17756.726
15.3375 0.0400 0.6135 366.68 4.00 3771248 0.00 625.848 17756.739
15.3375 0.0400 0.6135 366.64 4.00 3771268 0.00 625.703 17756.751
15.3375 0.0400 0.6135 366.55 4.00 3771288 0.00 625.390 17756.763
15.3375 0.0400 0.6135 366.47 4.00 3771308 0.00 625.130 17756.775
15.3375 0.0400 0.6135 366.44 4.00 3771328 0.00 625.039 17756.788
15.3375 0.0400 0.6135 366.41 4.00 3771348 0.00 624.916 17756.800
15.3375 0.0400 0.6135 366.39 4.00 3771368 0.00 624.848 17756.812
15.3375 0.0400 0.6135 366.36 4.00 3771388 0.00 624.764 17756.824
15.3375 0.0400 0.6135 366.30 4.00 3771408 0.00 624.535 17756.837
15.3375 0.0400 0.6135 366.33 4.00 3771428 0.00 624.642 17756.849
15.3375 0.0400 0.6135 366.17 4.00 3771448 0.00 624.108 17756.861
15.3375 0.0400 0.6135 366.15 4.00 3771468 0.00 624.032 17756.874
15.3375 0.0400 0.6135 366.04 4.00 3771488 0.00 623.651 17756.886
15.3375 0.0400 0.6135 366.00 4.00 3771508 0.00 623.537 17756.898
15.3375 0.0400 0.6135 365.95 4.00 3771528 0.00 623.347 17756.910
15.3375 0.0400 0.6135 366.49 4.00 3771548 0.00 625.206 17756.923
15.3375 0.0400 0.6135 366.60 4.00 3771568 0.00 625.573 17756.935
14.1150 8.0250 113.2729 366.83 4.00 3771588 0.00 626.354 17759.200
14.1150 8.0250 113.2729 367.03 4.00 3771608 0.00 627.044 17761.466
14.1150 8.0250 113.2729 367.35 4.00 3771628 0.00 628.127 17763.731
14.1150 8.0250 113.2729 367.77 4.00 3771648 0.00 629.560 17765.997
13.8612 9.1075 126.2413 368.12 4.00 3771668 0.00 630.773 17768.522
13.8612 9.1075 126.2413 368.71 4.00 3771688 0.00 632.783 17771.046
13.8612 9.1075 126.2413 368.82 4.00 3771708 0.00 633.171 17773.571
13.8488 8.9100 123.3923 369.32 4.00 3771728 0.00 634.880 17776.039
13.8488 8.9100 123.3923 369.94 4.00 3771748 0.00 637.011 17778.507
13.8488 8.9100 123.3923 370.54 4.00 3771768 0.00 639.074 17780.975
13.8488 8.9100 123.3923 371.08 4.00 3771788 0.00 640.965 17783.443
13.8775 8.5200 118.2363 371.68 4.00 3771808 0.00 643.031 17785.807
13.8775 8.5200 118.2363 372.28 4.00 3771828 0.00 645.107 17788.172
13.8775 8.5200 118.2363 372.79 4.00 3771848 0.00 646.872 17790.537
13.8775 8.5200 118.2363 373.21 4.00 3771868 0.00 648.321 17792.901
13.8937 8.2625 114.7971 373.75 4.00 3771888 0.00 650.221 17795.197
13.8937 8.2625 114.7971 374.25 4.00 3771908 0.00 651.958 17797.493
13.8937 8.2625 114.7971 374.92 4.00 3771928 0.00 654.274 17799.789
13.8962 8.1050 112.6291 375.23 4.00 3771948 0.00 655.388 17802.042
13.8962 8.1050 112.6291 375.82 4.00 3771968 0.00 657.425 17804.294
13.8962 8.1050 112.6291 376.30 4.00 3771988 0.00 659.108 17806.547
13.8962 8.1050 112.6291 376.88 4.00 3772008 0.00 661.163 17808.800
13.9237 7.7925 108.5008 377.38 4.00 3772028 0.00 662.911 17810.970
13.9237 7.7925 108.5008 377.85 4.00 3772048 0.00 664.541 17813.140
13.9237 7.7925 108.5008 378.35 4.00 3772068 0.00 666.302 17815.310
13.9100 7.7675 108.0459 378.76 4.00 3772088 0.00 667.775 17817.471
13.9100 7.7675 108.0459 379.22 4.00 3772108 0.00 669.371 17819.632
13.9100 7.7675 108.0459 379.79 4.00 3772128 0.00 671.415 17821.792
13.9100 7.7675 108.0459 380.24 4.00 3772148 0.00 672.990 17823.953
13.9812 7.2200 100.9446 380.73 4.00 3772168 0.00 674.742 17825.972
13.9812 7.2200 100.9446 381.21 4.00 3772188 0.00 676.424 17827.991
13.9812 7.2200 100.9446 381.67 4.00 3772208 0.00 678.051 17830.010
13.9812 7.2200 100.9446 381.99 4.00 3772228 0.00 679.208 17832.029
14.0412 6.7675 95.0241 382.48 4.00 3772248 0.00 680.959 17833.929
14.0412 6.7675 95.0241 382.93 4.00 3772268 0.00 682.542 17835.830
14.0412 6.7675 95.0241 383.37 4.00 3772288 0.00 684.121 17837.730
14.0112 6.9100 96.8177 383.73 4.00 3772308 0.00 685.408 17839.667
14.0112 6.9100 96.8177 384.16 4.00 3772328 0.00 686.954 17841.603
14.0112 6.9100 96.8177 384.62 4.00 3772348 0.00 688.584 17843.539
14.0112 6.9100 96.8177 385.04 4.00 3772368 0.00 690.096 17845.476
14.0412 6.6450 93.3041 385.44 4.00 3772388 0.00 691.533 17847.342
14.0412 6.6450 93.3041 385.85 4.00 3772408 0.00 693.011 17849.208
14.0412 6.6450 93.3041 386.25 4.00 3772428 0.00 694.439 17851.074
14.0400 6.5750 92.3130 386.67 4.00 3772448 0.00 695.952 17852.920
14.0400 6.5750 92.3130 387.03 4.00 3772468 0.00 697.237 17854.767
14.0400 6.5750 92.3130 387.44 4.00 3772488 0.00 698.714 17856.613
14.0400 6.5750 92.3130 387.85 4.00 3772508 0.00 700.206 17858.459
14.1175 6.0275 85.0932 388.24 4.00 3772528 0.00 701.593 17860.161
14.1175 6.0275 85.0932 388.60 4.00 3772548 0.00 702.911 17861.863
14.1175 6.0275 85.0932 388.98 4.00 3772568 0.00 704.270 17863.565
14.1175 5.8550 82.6580 389.33 4.00 3772588 0.00 705.559 17865.218
14.1487 5.8550 82.8409 389.66 4.00 3772608 0.00 706.760 17866.875
14.1487 5.8550 82.8409 390.07 4.00 3772628 0.00 708.231 17868.531
14.1487 5.8550 82.8409 390.45 4.00 3772648 0.00 709.615 17870.188
14.1475 5.7850 81.8433 390.73 4.00 3772668 0.00 710.632 17871.825
14.1475 5.7850 81.8433 391.05 4.00 3772688 0.00 711.790 17873.462
14.1475 5.7850 81.8433 391.42 4.00 3772708 0.00 713.156 17875.099
14.1475 5.7850 81.8433 391.81 4.00 3772728 0.00 714.554 17876.736
14.1012 6.0375 85.1363 392.13 4.00 3772748 0.00 715.750 17878.438
14.1012 6.0375 85.1363 392.56 4.00 3772768 0.00 717.315 17880.141
14.1012 6.0375 85.1363 392.92 4.00 3772788 0.00 718.612 17881.844
14.1737 5.5225 78.2745 393.28 4.00 3772808 0.00 719.940 17883.409
14.1737 5.5225 78.2745 393.58 4.00 3772828 0.00 721.055 17884.975
14.1737 5.5225 78.2745 393.90 4.00 3772848 0.00 722.201 17886.540
14.1737 5.5225 78.2745 394.22 4.00 3772868 0.00 723.379 17888.106
14.1512 5.6450 79.8838 394.57 4.00 3772888 0.00 724.654 17889.704
14.1512 5.6450 79.8838 394.98 4.00 3772908 0.00 726.191 17891.301
14.1512 5.6450 79.8838 395.14 4.00 3772928 0.00 726.755 17892.899
14.1687 5.4925 77.8219 395.58 4.00 3772948 0.00 728.386 17894.455
14.1687 5.4925 77.8219 395.93 4.00 3772968 0.00 729.674 17896.012
14.1687 5.4925 77.8219 396.25 4.00 3772988 0.00 730.841 17897.568
14.1687 5.4925 77.8219 396.54 4.00 3773008 0.00 731.914 17899.125
14.2300 5.0850 72.3595 396.85 4.00 3773028 0.00 733.076 17900.572
14.2300 5.0850 72.3595 397.10 4.00 3773048 0.00 733.988 17902.019
14.2300 5.0850 72.3595 397.40 4.00 3773068 0.00 735.088 17903.466
14.2300 5.0850 72.3595 397.84 4.00 3773088 0.00 736.736 17904.913
14.2000 5.2575 74.6565 398.15 4.00 3773108 0.00 737.890 17906.407
14.2000 5.2575 74.6565 398.39 4.00 3773128 0.00 738.782 17907.900
14.2000 5.2575 74.6565 398.71 4.00 3773148 0.00 739.951 17909.393
14.2500 4.9100 69.9675 399.04 4.00 3773168 0.00 741.191 17910.792
14.2500 4.9100 69.9675 399.30 4.00 3773188 0.00 742.159 17912.192
14.2500 4.9100 69.9675 399.63 4.00 3773208 0.00 743.385 17913.591
14.2500 4.9100 69.9675 399.83 4.00 3773228 0.00 744.108 17914.990
14.2712 4.7550 67.8598 400.12 4.00 3773248 0.00 745.211 17916.347
14.2712 4.7550 67.8598 400.43 4.00 3773268 0.00 746.365 17917.705
14.2712 4.7550 67.8598 400.80 4.00 3773288 0.00 747.752 17919.062
14.2887 4.6275 66.1212 401.02 4.00 3773308 0.00 748.551 17920.384
14.2887 4.6275 66.1212 401.26 4.00 3773328 0.00 749.453 17921.707
14.2887 4.6275 66.1212 401.49 4.00 3773348 0.00 750.305 17923.029
14.2887 4.6275 66.1212 401.89 4.00 3773368 0.00 751.804 17924.351
14.3387 4.3275 62.0509 402.05 4.00 3773388 0.00 752.419 17925.593
14.3387 4.3275 62.0509 402.30 4.00 3773408 0.00 753.327 17926.834
14.3387 4.3275 62.0509 402.50 4.00 3773428 0.00 754.095 17928.075
14.3387 4.3275 62.0509 402.76 4.00 3773448 0.00 755.078 17929.316
14.3137 4.4525 63.7320 403.13 4.00 3773468 0.00 756.438 17930.590
14.3137 4.4525 63.7320 403.34 4.00 3773488 0.00 757.252 17931.865
14.3137 4.4525 63.7320 403.66 4.00 3773508 0.00 758.444 17933.139
14.3225 4.3900 62.8758 403.82 4.00 3773528 0.00 759.037 17934.397
14.3225 4.3900 62.8758 404.04 4.00 3773548 0.00 759.865 17935.655
14.3225 4.3900 62.8758 404.26 4.00 3773568 0.00 760.715 17936.912
14.3225 4.3900 62.8758 404.60 4.00 3773588 0.00 761.998 17938.170
14.3400 4.2600 61.0884 404.87 4.00 3773608 0.00 762.996 17939.391
14.3400 4.2600 61.0884 405.09 4.00 3773628 0.00 763.830 17940.613
14.3400 4.2600 61.0884 405.33 4.00 3773648 0.00 764.749 17941.835
14.3075 4.4450 63.5968 405.55 4.00 3773668 0.00 765.556 17943.107
14.3075 4.4450 63.5968 405.86 4.00 3773688 0.00 766.747 17944.379
14.3075 4.4450 63.5968 406.09 4.00 3773708 0.00 767.609 17945.651
14.3075 4.4450 63.5968 406.33 4.00 3773728 0.00 768.493 17946.923
14.3862 3.9300 56.5380 406.56 4.00 3773748 0.00 769.389 17948.053
14.3862 3.9300 56.5380 406.78 4.00 3773768 0.00 770.203 17949.184
14.3862 3.9300 56.5380 407.06 4.00 3773788 0.00 771.259 17950.315
14.4475 3.5775 51.6859 407.22 4.00 3773808 0.00 771.897 17951.349
14.4475 3.5775 51.6859 407.36 4.00 3773828 0.00 772.411 17952.382
14.4475 3.5775 51.6859 407.57 4.00 3773848 0.00 773.219 17953.416
14.4475 3.5775 51.6859 407.74 4.00 3773868 0.00 773.871 17954.450
14.4837 3.3750 48.8827 408.00 4.00 3773888 0.00 774.840 17955.427
14.4837 3.3750 48.8827 408.10 4.00 3773908 0.00 775.209 17956.405
14.4837 3.3750 48.8827 408.26 4.00 3773928 0.00 775.842 17957.383
14.4837 3.3750 48.8827 408.51 4.00 3773948 0.00 776.793 17958.360
14.4850 3.3850 49.0317 408.71 4.00 3773968 0.00 777.523 17959.341
14.4850 3.3850 49.0317 408.98 4.00 3773988 0.00 778.584 17960.322
14.4850 3.3850 49.0317 409.05 4.00 3774008 0.00 778.849 17961.302
14.4887 3.3500 48.5373 409.30 4.00 3774028 0.00 779.795 17962.273
14.4887 3.3500 48.5373 409.50 4.00 3774048 0.00 780.540 17963.244
14.4887 3.3500 48.5373 409.68 4.00 3774068 0.00 781.244 17964.215
14.4887 3.3500 48.5373 409.84 4.00 3774088 0.00 781.831 17965.185
14.4513 3.5725 51.6271 410.03 4.00 3774108 0.00 782.558 17966.218
14.4513 3.5725 51.6271 410.19 4.00 3774128 0.00 783.200 17967.250
14.4513 3.5725 51.6271 410.52 4.00 3774148 0.00 784.444 17968.283
14.4650 3.4550 49.9766 410.73 4.00 3774168 0.00 785.249 17969.282
14.4650 3.4550 49.9766 410.82 4.00 3774188 0.00 785.604 17970.282
14.4650 3.4550 49.9766 411.08 4.00 3774208 0.00 786.573 17971.281
14.4650 3.4550 49.9766 411.14 4.00 3774228 0.00 786.832 17972.281
14.5450 2.9925 43.5259 411.30 4.00 3774248 0.00 787.415 17973.152
14.5450 2.9925 43.5259 411.41 4.00 3774268 0.00 787.836 17974.022
14.5450 2.9925 43.5259 411.51 4.00 3774288 0.00 788.247 17974.893
14.5450 2.9925 43.5259 411.70 4.00 3774308 0.00 788.961 17975.763
14.5587 2.9200 42.5115 411.96 4.00 3774328 0.00 789.969 17976.613
14.5587 2.9200 42.5115 412.11 4.00 3774348 0.00 790.544 17977.464
14.5587 2.9200 42.5115 412.25 4.00 3774368 0.00 791.065 17978.314
14.5875 2.7750 40.4803 412.43 4.00 3774388 0.00 791.762 17979.123
14.5875 2.7750 40.4803 412.51 4.00 3774408 0.00 792.056 17979.933
14.5875 2.7750 40.4803 412.61 4.00 3774428 0.00 792.459 17980.743
14.5875 2.7750 40.4803 412.79 4.00 3774448 0.00 793.157 17981.552
14.5087 3.2375 46.9721 412.90 4.00 3774468 0.00 793.561 17982.492
14.5087 3.2375 46.9721 413.15 4.00 3774488 0.00 794.523 17983.431
14.5087 3.2375 46.9721 413.29 4.00 3774508 0.00 795.048 17984.371
14.6037 2.6475 38.6634 413.46 4.00 3774528 0.00 795.728 17985.144
14.6037 2.6475 38.6634 413.63 4.00 3774548 0.00 796.375 17985.917
14.6037 2.6475 38.6634 413.72 4.00 3774568 0.00 796.727 17986.690
14.6037 2.6475 38.6634 413.87 4.00 3774588 0.00 797.309 17987.464
14.5975 2.7325 39.8877 413.98 4.00 3774608 0.00 797.705 17988.261
14.5975 2.7325 39.8877 414.14 4.00 3774628 0.00 798.333 17989.059
14.5975 2.7325 39.8877 414.27 4.00 3774648 0.00 798.840 17989.857
14.6050 2.6600 38.8493 414.44 4.00 3774668 0.00 799.481 17990.634
14.6050 2.6600 38.8493 414.54 4.00 3774688 0.00 799.878 17991.411
14.6050 2.6600 38.8493 414.73 4.00 3774708 0.00 800.619 17992.188
14.6050 2.6600 38.8493 414.87 4.00 3774728 0.00 801.162 17992.965
14.6537 2.3825 34.9126 414.93 4.00 3774748 0.00 801.395 17993.663
14.6537 2.3825 34.9126 415.03 4.00 3774768 0.00 801.783 17994.361
14.6537 2.3825 34.9126 415.15 4.00 3774788 0.00 802.227 17995.060
14.6537 2.3825 34.9126 415.25 4.00 3774808 0.00 802.604 17995.758
14.6025 2.7150 39.6458 415.43 4.00 3774828 0.00 803.316 17996.551
14.6025 2.7150 39.6458 415.56 4.00 3774848 0.00 803.828 17997.344
14.6025 2.7150 39.6458 415.65 4.00 3774868 0.00 804.173 17998.137
14.6912 2.1650 31.8066 415.87 4.00 3774888 0.00 805.009 17998.773
14.6912 2.1650 31.8066 415.93 4.00 3774908 0.00 805.266 17999.409
14.6912 2.1650 31.8066 415.99 4.00 3774928 0.00 805.489 18000.045
14.6912 2.1650 31.8066 416.07 4.00 3774948 0.00 805.813 18000.681
14.7587 1.8100 26.7133 416.17 4.00 3774968 0.00 806.193 18001.215
14.7587 1.8100 26.7133 416.27 4.00 3774988 0.00 806.563 18001.750
14.7587 1.8100 26.7133 416.33 4.00 3775008 0.00 806.786 18002.284
14.6987 2.1950 32.2638 416.48 4.00 3775028 0.00 807.403 18002.929
14.6987 2.1950 32.2638 416.52 4.00 3775048 0.00 807.526 18003.574
14.6987 2.1950 32.2638 416.64 4.00 3775068 0.00 808.019 18004.220
14.6987 2.1950 32.2638 416.68 4.00 3775088 0.00 808.165 18004.865
14.6537 2.4425 35.7918 416.77 4.00 3775108 0.00 808.502 18005.581
14.6537 2.4425 35.7918 416.94 4.00 3775128 0.00 809.154 18006.297
14.6537 2.4425 35.7918 416.95 4.00 3775148 0.00 809.210 18007.012
14.6537 2.4425 35.7918 417.06 4.00 3775168 0.00 809.638 18007.728
14.7037 2.1425 31.5028 417.25 4.00 3775188 0.00 810.370 18008.358
14.7037 2.1425 31.5028 417.31 4.00 3775208 0.00 810.595 18008.988
14.7037 2.1425 31.5028 417.42 4.00 3775228 0.00 811.047 18009.618
14.7238 2.0400 30.0364 417.48 4.00 3775248 0.00 811.272 18010.219
14.7238 2.0400 30.0364 417.66 4.00 3775268 0.00 811.961 18010.820
14.7238 2.0400 30.0364 417.70 4.00 3775288 0.00 812.108 18011.421
14.7238 2.0400 30.0364 417.76 4.00 3775308 0.00 812.346 18012.021
14.6987 2.2025 32.3740 417.83 4.00 3775328 0.00 812.629 18012.669
14.6987 2.2025 32.3740 417.98 4.00 3775348 0.00 813.195 18013.316
14.6987 2.2025 32.3740 418.09 4.00 3775368 0.00 813.637 18013.964
14.7162 2.0800 30.6098 418.18 4.00 3775388 0.00 813.989 18014.576
14.7162 2.0800 30.6098 418.25 4.00 3775408 0.00 814.272 18015.188
14.7162 2.0800 30.6098 418.35 4.00 3775428 0.00 814.659 18015.800
14.7162 2.0800 30.6098 418.44 4.00 3775448 0.00 815.011 18016.413
14.7238 2.0450 30.1101 418.49 4.00 3775468 0.00 815.215 18017.015
14.7238 2.0450 30.1101 418.62 4.00 3775488 0.00 815.705 18017.617
14.7238 2.0450 30.1101 418.67 4.00 3775508 0.00 815.910 18018.219
14.7238 2.0450 30.1101 418.72 4.00 3775528 0.00 816.103 18018.821
14.7262 2.0425 30.0784 418.83 4.00 3775548 0.00 816.525 18019.423
14.7262 2.0425 30.0784 418.94 4.00 3775568 0.00 816.970 18020.025
14.7262 2.0425 30.0784 419.04 4.00 3775588 0.00 817.335 18020.626
14.7550 1.8800 27.7394 419.11 4.00 3775608 0.00 817.597 18021.181
14.7550 1.8800 27.7394 419.16 4.00 3775628 0.00 817.803 18021.736
14.7550 1.8800 27.7394 419.21 4.00 3775648 0.00 818.009 18022.290
14.7550 1.8800 27.7394 419.30 4.00 3775668 0.00 818.352 18022.845
14.7925 1.6550 24.4816 419.29 4.00 3775688 0.00 818.318 18023.335
14.7925 1.6550 24.4816 419.45 4.00 3775708 0.00 818.958 18023.825
14.7925 1.6550 24.4816 419.46 4.00 3775728 0.00 818.981 18024.314
14.7863 1.7300 25.5802 419.55 4.00 3775748 0.00 819.336 18024.826
14.7863 1.7300 25.5802 419.62 4.00 3775768 0.00 819.600 18025.337
14.7863 1.7300 25.5802 419.67 4.00 3775788 0.00 819.818 18025.849
14.7863 1.7300 25.5802 419.75 4.00 3775808 0.00 820.116 18026.361
14.7500 1.9550 28.8362 419.83 4.00 3775828 0.00 820.414 18026.937
14.7500 1.9550 28.8362 419.89 4.00 3775848 0.00 820.644 18027.514
14.7500 1.9550 28.8362 420.00 4.00 3775868 0.00 821.092 18028.091
14.7413 1.9825 29.2245 420.12 4.00 3775888 0.00 821.564 18028.675
14.7413 1.9825 29.2245 420.18 4.00 3775908 0.00 821.794 18029.260
14.7413 1.9825 29.2245 420.30 4.00 3775928 0.00 822.266 18029.844
14.7413 1.9825 29.2245 420.23 4.00 3775948 0.00 821.990 18030.429
14.8125 1.5550 23.0334 420.38 4.00 3775968 0.00 822.566 18030.889
14.8125 1.5550 23.0334 420.40 4.00 3775988 0.00 822.646 18031.350
14.8125 1.5550 23.0334 420.49 4.00 3776008 0.00 823.027 18031.811
14.8125 1.5550 23.0334 420.60 4.00 3776028 0.00 823.431 18032.271
14.7937 1.7075 25.2603 420.68 4.00 3776048 0.00 823.743 18032.777
14.7937 1.7075 25.2603 420.62 4.00 3776068 0.00 823.500 18033.282
14.7937 1.7075 25.2603 420.78 4.00 3776088 0.00 824.159 18033.787
14.8337 1.4700 21.8056 420.77 4.00 3776108 0.00 824.101 18034.223
14.8337 1.4700 21.8056 420.91 4.00 3776128 0.00 824.668 18034.659
14.8337 1.4700 21.8056 420.85 4.00 3776148 0.00 824.413 18035.095
14.8337 1.4700 21.8056 420.89 4.00 3776168 0.00 824.575 18035.531
14.7850 1.7700 26.1694 420.98 4.00 3776188 0.00 824.945 18036.055
14.7850 1.7700 26.1694 420.96 4.00 3776208 0.00 824.829 18036.578
14.7850 1.7700 26.1694 421.23 4.00 3776228 0.00 825.907 18037.102
14.7937 1.7200 25.4452 421.23 4.00 3776248 0.00 825.919 18037.611
14.7937 1.7200 25.4452 421.20 4.00 3776268 0.00 825.791 18038.119
14.7937 1.7200 25.4452 421.28 4.00 3776288 0.00 826.093 18038.628
14.7937 1.7200 25.4452 421.38 4.00 3776308 0.00 826.487 18039.137
14.8112 1.6100 23.8461 421.38 4.00 3776328 0.00 826.499 18039.614
14.8112 1.6100 23.8461 421.51 4.00 3776348 0.00 827.010 18040.091
14.8112 1.6100 23.8461 421.46 4.00 3776368 0.00 826.824 18040.568
14.8112 1.6100 23.8461 421.61 4.00 3776388 0.00 827.417 18041.045
14.8075 1.6325 24.1732 421.65 4.00 3776408 0.00 827.568 18041.528
14.8075 1.6325 24.1732 421.70 4.00 3776428 0.00 827.754 18042.012
14.8075 1.6325 24.1732 421.78 4.00 3776448 0.00 828.080 18042.495
14.8900 1.1675 17.3841 421.73 4.00 3776468 0.00 827.882 18042.843
14.8900 1.1675 17.3841 421.78 4.00 3776488 0.00 828.056 18043.191
14.8900 1.1675 17.3841 421.88 4.00 3776508 0.00 828.453 18043.538
14.8900 1.1675 17.3841 421.84 4.00 3776528 0.00 828.313 18043.886
14.8012 1.7225 25.4951 421.92 4.00 3776548 0.00 828.615 18044.396
14.8012 1.7225 25.4951 422.03 4.00 3776568 0.00 829.035 18044.906
14.8012 1.7225 25.4951 422.15 4.00 3776588 0.00 829.514 18045.416
14.8225 1.5700 23.2713 422.13 4.00 3776608 0.00 829.455 18045.881
14.8225 1.5700 23.2713 422.22 4.00 3776628 0.00 829.806 18046.347
14.8225 1.5700 23.2713 422.21 4.00 3776648 0.00 829.747 18046.812
14.8225 1.5700 23.2713 422.29 4.00 3776668 0.00 830.051 18047.277
14.8412 1.4650 21.7424 422.36 4.00 3776688 0.00 830.331 18047.712
14.8412 1.4650 21.7424 422.33 4.00 3776708 0.00 830.226 18048.147
14.8412 1.4650 21.7424 422.38 4.00 3776728 0.00 830.437 18048.582
14.8500 1.4175 21.0499 422.54 4.00 3776748 0.00 831.045 18049.003
14.8500 1.4175 21.0499 422.48 4.00 3776768 0.00 830.811 18049.424
14.8500 1.4175 21.0499 422.49 4.00 3776788 0.00 830.869 18049.845
14.8500 1.4175 21.0499 422.64 4.00 3776808 0.00 831.455 18050.266
14.8550 1.4025 20.8341 422.64 4.00 3776828 0.00 831.443 18050.683
14.8550 1.4025 20.8341 422.65 4.00 3776848 0.00 831.478 18051.099
14.8550 1.4025 20.8341 422.72 4.00 3776868 0.00 831.771 18051.516
14.8550 1.4025 20.8341 422.84 4.00 3776888 0.00 832.240 18051.933
14.8225 1.6225 24.0495 422.86 4.00 3776908 0.00 832.299 18052.414
14.8225 1.6225 24.0495 422.93 4.00 3776928 0.00 832.604 18052.895
14.8225 1.6225 24.0495 422.87 4.00 3776948 0.00 832.358 18053.376
14.8250 1.5650 23.2011 422.95 4.00 3776968 0.00 832.663 18053.840
14.8250 1.5650 23.2011 422.93 4.00 3776988 0.00 832.580 18054.304
14.8250 1.5650 23.2011 423.09 4.00 3777008 0.00 833.203 18054.768
14.8250 1.5650 23.2011 423.05 4.00 3777028 0.00 833.050 18055.232
14.8050 1.7075 25.2795 423.16 4.00 3777048 0.00 833.508 18055.737
14.8050 1.7075 25.2795 423.23 4.00 3777068 0.00 833.767 18056.243
14.8050 1.7075 25.2795 423.33 4.00 3777088 0.00 834.179 18056.749
14.8488 1.4225 21.1223 423.39 4.00 3777108 0.00 834.391 18057.171
14.8488 1.4225 21.1223 423.39 4.00 3777128 0.00 834.414 18057.593
14.8488 1.4225 21.1223 423.46 4.00 3777148 0.00 834.662 18058.016
14.8488 1.4225 21.1223 423.53 4.00 3777168 0.00 834.945 18058.438
14.8837 1.2450 18.5303 423.51 4.00 3777188 0.00 834.874 18058.809
14.8837 1.2450 18.5303 423.51 4.00 3777208 0.00 834.874 18059.180
14.8837 1.2450 18.5303 423.64 4.00 3777228 0.00 835.393 18059.550
14.8837 1.2450 18.5303 423.68 4.00 3777248 0.00 835.546 18059.921
14.8537 1.4275 21.2037 423.68 4.00 3777268 0.00 835.534 18060.345
14.8537 1.4275 21.2037 423.74 4.00 3777288 0.00 835.794 18060.769
14.8537 1.4275 21.2037 423.77 4.00 3777308 0.00 835.900 18061.193
14.8787 1.2950 19.2680 423.89 4.00 3777328 0.00 836.385 18061.578
14.8787 1.2950 19.2680 423.82 4.00 3777348 0.00 836.077 18061.964
14.8787 1.2950 19.2680 423.85 4.00 3777368 0.00 836.196 18062.349
14.8787 1.2950 19.2680 423.85 4.00 3777388 0.00 836.219 18062.734
14.8800 1.2975 19.3068 423.94 4.00 3777408 0.00 836.562 18063.121
14.8800 1.2975 19.3068 424.03 4.00 3777428 0.00 836.905 18063.507
14.8800 1.2975 19.3068 423.98 4.00 3777448 0.00 836.739 18063.893
14.8762 1.3100 19.4879 423.98 4.00 3777468 0.00 836.739 18064.283
14.8762 1.3100 19.4879 424.05 4.00 3777488 0.00 836.988 18064.672
14.8762 1.3100 19.4879 424.07 4.00 3777508 0.00 837.094 18065.062
14.8762 1.3100 19.4879 424.08 4.00 3777528 0.00 837.106 18065.452
14.8900 1.2600 18.7614 424.08 4.00 3777548 0.00 837.106 18065.827
14.8900 1.2600 18.7614 424.18 4.00 3777568 0.00 837.497 18066.202
14.8900 1.2600 18.7614 424.30 4.00 3777588 0.00 837.970 18066.578
14.8900 1.6925 25.2013 424.33 4.00 3777608 0.00 838.113 18067.082
14.8137 1.6925 25.0723 424.30 4.00 3777628 0.00 837.982 18067.583
14.8137 1.6925 25.0723 424.35 4.00 3777648 0.00 838.196 18068.084
14.8137 1.6925 25.0723 424.44 4.00 3777668 0.00 838.528 18068.586
14.8687 1.3475 20.0356 424.42 4.00 3777688 0.00 838.480 18068.987
14.8687 1.3475 20.0356 424.45 4.00 3777708 0.00 838.599 18069.387
14.8687 1.3475 20.0356 424.53 4.00 3777728 0.00 838.896 18069.788
14.8687 1.3475 20.0356 424.59 4.00 3777748 0.00 839.121 18070.189
14.8837 1.2800 19.0512 424.55 4.00 3777768 0.00 838.967 18070.570
14.8837 1.2800 19.0512 424.69 4.00 3777788 0.00 839.537 18070.951
14.8837 1.2800 19.0512 424.69 4.00 3777808 0.00 839.537 18071.332
14.8475 1.4975 22.2341 424.70 4.00 3777828 0.00 839.584 18071.777
14.8475 1.4975 22.2341 424.80 4.00 3777848 0.00 839.953 18072.221
14.8475 1.4975 22.2341 424.78 4.00 3777868 0.00 839.894 18072.666
14.8475 1.4975 22.2341 424.78 4.00 3777888 0.00 839.882 18073.111
14.8837 1.2825 19.0884 424.90 4.00 3777908 0.00 840.358 18073.492
14.8837 1.2825 19.0884 424.96 4.00 3777928 0.00 840.608 18073.874
14.8837 1.2825 19.0884 424.94 4.00 3777948 0.00 840.501 18074.256
14.9137 1.1100 16.5543 424.93 4.00 3777968 0.00 840.489 18074.587
14.9137 1.1100 16.5543 424.97 4.00 3777988 0.00 840.643 18074.918
14.9137 1.1100 16.5543 425.03 4.00 3778008 0.00 840.894 18075.249
14.9137 1.1100 16.5543 425.05 4.00 3778028 0.00 840.941 18075.580
14.9212 1.0800 16.1149 425.08 4.00 3778048 0.00 841.084 18075.903
14.9212 1.0800 16.1149 425.00 4.00 3778068 0.00 840.739 18076.225
14.9212 1.0800 16.1149 425.13 4.00 3778088 0.00 841.263 18076.547
14.9212 1.0800 16.1149 425.14 4.00 3778108 0.00 841.323 18076.869
14.8987 1.2175 18.1392 425.17 4.00 3778128 0.00 841.442 18077.232
14.8987 1.2175 18.1392 425.15 4.00 3778148 0.00 841.370 18077.595
14.8987 1.2175 18.1392 425.12 4.00 3778168 0.00 841.227 18077.958
14.9450 0.9475 14.1604 425.16 4.00 3778188 0.00 841.394 18078.241
14.9450 0.9475 14.1604 425.20 4.00 3778208 0.00 841.561 18078.524
14.9450 0.9475 14.1604 425.17 4.00 3778228 0.00 841.430 18078.807
14.9450 0.9475 14.1604 425.28 4.00 3778248 0.00 841.847 18079.091
14.9050 1.2225 18.2214 425.26 4.00 3778268 0.00 841.800 18079.455
14.9050 1.2225 18.2214 425.28 4.00 3778288 0.00 841.871 18079.819
14.9050 1.2225 18.2214 425.34 4.00 3778308 0.00 842.122 18080.184
14.9050 1.2000 17.8860 425.29 4.00 3778328 0.00 841.895 18080.542
14.9050 1.2000 17.8860 425.35 4.00 3778348 0.00 842.134 18080.899
14.9050 1.2000 17.8860 425.41 4.00 3778368 0.00 842.397 18081.257
14.9050 1.2000 17.8860 425.39 4.00 3778388 0.00 842.313 18081.615
14.8862 1.3350 19.8731 425.46 4.00 3778408 0.00 842.564 18082.012
14.8862 1.3350 19.8731 425.53 4.00 3778428 0.00 842.863 18082.410
14.8862 1.3350 19.8731 425.53 4.00 3778448 0.00 842.875 18082.807
14.8862 1.3350 19.8731 425.57 4.00 3778468 0.00 842.994 18083.205
14.8787 1.3450 20.0119 425.65 4.00 3778488 0.00 843.317 18083.605
14.8787 1.3450 20.0119 425.64 4.00 3778508 0.00 843.305 18084.005
14.8787 1.3450 20.0119 425.68 4.00 3778528 0.00 843.449 18084.405
14.8937 1.2675 18.8778 425.62 4.00 3778548 0.00 843.198 18084.783
14.8937 1.2675 18.8778 425.68 4.00 3778568 0.00 843.437 18085.160
14.8937 1.2675 18.8778 425.79 4.00 3778588 0.00 843.904 18085.538
14.8937 1.2675 18.8778 425.76 4.00 3778608 0.00 843.772 18085.916
14.9350 1.0175 15.1964 425.76 4.00 3778628 0.00 843.784 18086.219
14.9350 1.0175 15.1964 425.79 4.00 3778648 0.00 843.904 18086.523
14.9350 1.0175 15.1964 425.82 4.00 3778668 0.00 844.000 18086.827
14.9025 1.2225 18.2183 425.82 4.00 3778688 0.00 844.000 18087.192
14.9025 1.2225 18.2183 425.80 4.00 3778708 0.00 843.928 18087.556
14.9025 1.2225 18.2183 425.80 4.00 3778728 0.00 843.916 18087.920
14.9025 1.2225 18.2183 425.89 4.00 3778748 0.00 844.299 18088.285
14.9362 1.0300 15.3843 425.93 4.00 3778768 0.00 844.443 18088.592
14.9362 1.0300 15.3843 426.00 4.00 3778788 0.00 844.719 18088.900
14.9362 1.0300 15.3843 425.97 4.00 3778808 0.00 844.611 18089.208
14.9325 1.0650 15.9031 425.99 4.00 3778828 0.00 844.659 18089.526
14.9325 1.0650 15.9031 425.99 4.00 3778848 0.00 844.659 18089.844
14.9325 1.0650 15.9031 426.00 4.00 3778868 0.00 844.719 18090.162
14.9325 1.0650 15.9031 425.97 4.00 3778888 0.00 844.599 18090.480
14.8925 1.3200 19.6581 426.06 4.00 3778908 0.00 844.959 18090.873
14.8925 1.3200 19.6581 426.02 4.00 3778928 0.00 844.791 18091.266
14.8925 1.3200 19.6581 426.11 4.00 3778948 0.00 845.139 18091.660
14.8925 1.3200 19.6581 426.12 4.00 3778968 0.00 845.199 18092.053
14.9137 1.1600 17.2999 426.14 4.00 3778988 0.00 845.271 18092.399
14.9137 1.1600 17.2999 426.17 4.00 3779008 0.00 845.391 18092.745
14.9137 1.1600 17.2999 426.20 4.00 3779028 0.00 845.499 18093.091
14.9225 1.1125 16.6013 426.18 4.00 3779048 0.00 845.415 18093.423
14.9225 1.1125 16.6013 426.23 4.00 3779068 0.00 845.619 18093.755
14.9225 1.1125 16.6013 426.26 4.00 3779088 0.00 845.739 18094.087
14.9225 1.1125 16.6013 426.31 4.00 3779108 0.00 845.932 18094.419
14.8925 1.3200 19.6581 426.37 4.00 3779128 0.00 846.172 18094.812
14.8925 1.3200 19.6581 426.35 4.00 3779148 0.00 846.100 18095.205
14.8925 1.3200 19.6581 426.37 4.00 3779168 0.00 846.172 18095.598
14.9325 1.0325 15.4178 426.45 4.00 3779188 0.00 846.485 18095.907
14.9325 1.0325 15.4178 426.40 4.00 3779208 0.00 846.316 18096.215
14.9325 1.0325 15.4178 426.46 4.00 3779228 0.00 846.533 18096.523
14.9325 1.0325 15.4178 426.44 4.00 3779248 0.00 846.461 18096.832
14.9487 0.9850 14.7245 426.50 4.00 3779268 0.00 846.701 18097.126
14.9487 0.9850 14.7245 426.47 4.00 3779288 0.00 846.581 18097.421
14.9487 0.9850 14.7245 426.52 4.00 3779308 0.00 846.774 18097.715
14.9487 0.9850 14.7245 426.49 4.00 3779328 0.00 846.653 18098.010
14.9350 1.0850 16.2045 426.57 4.00 3779348 0.00 846.990 18098.334
14.9350 1.0850 16.2045 426.53 4.00 3779368 0.00 846.834 18098.658
14.9350 1.0850 16.2045 426.55 4.00 3779388 0.00 846.918 18098.982
14.9012 1.2675 18.8873 426.53 4.00 3779408 0.00 846.810 18099.360
14.9012 1.2675 18.8873 426.65 4.00 3779428 0.00 847.316 18099.737
14.9012 1.2675 18.8873 426.65 4.00 3779448 0.00 847.316 18100.115
14.9012 1.2675 18.8873 426.70 4.00 3779468 0.00 847.484 18100.493
14.9262 1.1075 16.5308 426.68 4.00 3779488 0.00 847.436 18100.824
14.9262 1.1075 16.5308 426.68 4.00 3779508 0.00 847.424 18101.154
14.9262 1.1075 16.5308 426.72 4.00 3779528 0.00 847.593 18101.485
14.8950 1.3100 19.5124 426.75 4.00 3779548 0.00 847.689 18101.875
14.8950 1.3100 19.5124 426.72 4.00 3779568 0.00 847.557 18102.265
14.8950 1.3100 19.5124 426.75 4.00 3779588 0.00 847.677 18102.656
14.8950 1.3100 19.5124 426.83 4.00 3779608 0.00 848.003 18103.046
14.9113 1.2050 17.9681 426.87 4.00 3779628 0.00 848.184 18103.405
14.9113 1.2050 17.9681 426.86 4.00 3779648 0.00 848.124 18103.765
14.9113 1.2050 17.9681 426.99 4.00 3779668 0.00 848.643 18104.124
14.9113 1.0125 15.0976 426.88 4.00 3779688 0.00 848.196 18104.426
14.9412 1.0125 15.1280 426.94 4.00 3779708 0.00 848.438 18104.728
14.9412 1.0125 15.1280 426.88 4.00 3779728 0.00 848.196 18105.031
14.9412 1.0125 15.1280 426.93 4.00 3779748 0.00 848.413 18105.334
14.8700 1.4650 21.7845 426.95 4.00 3779768 0.00 848.474 18105.769
14.8700 1.4650 21.7845 427.08 4.00 3779788 0.00 849.017 18106.205
14.8700 1.4650 21.7845 426.99 4.00 3779808 0.00 848.631 18106.641
14.8700 1.4650 21.7845 427.13 4.00 3779828 0.00 849.199 18107.076
14.9175 1.1425 17.0432 427.17 4.00 3779848 0.00 849.368 18107.417
14.9175 1.1425 17.0432 427.16 4.00 3779868 0.00 849.344 18107.758
14.9175 1.1425 17.0432 427.15 4.00 3779888 0.00 849.296 18108.099
14.9162 1.1775 17.5639 427.24 4.00 3779908 0.00 849.658 18108.450
14.9162 1.1775 17.5639 427.18 4.00 3779928 0.00 849.416 18108.801
14.9162 1.1775 17.5639 427.28 4.00 3779948 0.00 849.791 18109.153
14.9162 1.1775 17.5639 427.30 4.00 3779968 0.00 849.900 18109.504
14.9212 1.1375 16.9729 427.32 4.00 3779988 0.00 849.961 18109.843
14.9212 1.1375 16.9729 427.34 4.00 3780008 0.00 850.034 18110.183
14.9212 1.1375 16.9729 427.35 4.00 3780028 0.00 850.082 18110.522
14.9400 1.0350 15.4629 427.33 4.00 3780048 0.00 850.009 18110.832
14.9400 1.0350 15.4629 427.34 4.00 3780068 0.00 850.058 18111.141
14.9400 1.0350 15.4629 427.38 4.00 3780088 0.00 850.191 18111.450
14.9400 1.0350 15.4629 427.46 4.00 3780108 0.00 850.530 18111.759
14.9250 1.1350 16.9399 427.42 4.00 3780128 0.00 850.373 18112.098
14.9250 1.1350 16.9399 427.49 4.00 3780148 0.00 850.627 18112.437
14.9250 1.1350 16.9399 427.48 4.00 3780168 0.00 850.591 18112.776
14.9250 1.1350 16.9399 427.47 4.00 3780188 0.00 850.554 18113.115
14.9537 0.9600 14.3556 427.51 4.00 3780208 0.00 850.736 18113.402
14.9537 0.9600 14.3556 427.59 4.00 3780228 0.00 851.039 18113.689
14.9537 0.9600 14.3556 427.46 4.00 3780248 0.00 850.518 18113.976
14.9162 1.1850 17.6758 427.56 4.00 3780268 0.00 850.918 18114.329
14.9162 1.1850 17.6758 427.57 4.00 3780288 0.00 850.967 18114.683
14.9162 1.1850 17.6758 427.59 4.00 3780308 0.00 851.052 18115.037
14.9162 1.1850 17.6758 427.60 4.00 3780328 0.00 851.088 18115.390
14.9887 0.7575 11.3540 427.57 4.00 3780348 0.00 850.967 18115.617
14.9887 0.7575 11.3540 427.57 4.00 3780368 0.00 850.967 18115.844
14.9887 0.7575 11.3540 427.56 4.00 3780388 0.00 850.918 18116.071
14.9587 0.9600 14.3604 427.50 4.00 3780408 0.00 850.688 18116.358
14.9587 0.9600 14.3604 427.57 4.00 3780428 0.00 850.942 18116.646
14.9587 0.9600 14.3604 427.63 4.00 3780448 0.00 851.185 18116.933
14.9587 0.9600 14.3604 427.63 4.00 3780468 0.00 851.197 18117.220
14.9412 1.0475 15.6510 427.64 4.00 3780488 0.00 851.246 18117.533
14.9412 1.0475 15.6510 427.63 4.00 3780508 0.00 851.185 18117.846
14.9412 1.0475 15.6510 427.67 4.00 3780528 0.00 851.355 18118.159
14.9412 1.0475 15.6510 427.70 4.00 3780548 0.00 851.476 18118.472
14.9550 0.9925 14.8428 427.61 4.00 3780568 0.00 851.100 18118.769
14.9550 0.9925 14.8428 427.70 4.00 3780588 0.00 851.488 18119.066
14.9550 0.9925 14.8428 427.73 4.00 3780608 0.00 851.573 18119.363
14.9125 1.2225 18.2305 427.76 4.00 3780628 0.00 851.731 18119.727
14.9125 1.2225 18.2305 427.78 4.00 3780648 0.00 851.804 18120.092
14.9125 1.2225 18.2305 427.79 4.00 3780668 0.00 851.816 18120.457
14.9125 1.2225 18.2305 427.74 4.00 3780688 0.00 851.622 18120.821
14.9750 0.8450 12.6539 427.80 4.00 3780708 0.00 851.865 18121.074
14.9750 0.8450 12.6539 427.70 4.00 3780728 0.00 851.464 18121.327
14.9750 0.8450 12.6539 427.70 4.00 3780748 0.00 851.464 18121.580
14.9837 0.8350 12.5114 427.66 4.00 3780768 0.00 851.331 18121.831
14.9837 0.8350 12.5114 427.86 4.00 3780788 0.00 852.096 18122.081
14.9837 0.8350 12.5114 427.76 4.00 3780808 0.00 851.707 18122.331
14.9837 0.8350 12.5114 427.83 4.00 3780828 0.00 851.974 18122.581
14.9025 1.3175 19.6340 427.77 4.00 3780848 0.00 851.744 18122.974
14.9025 1.3175 19.6340 427.78 4.00 3780868 0.00 851.780 18123.367
14.9025 1.3175 19.6340 427.82 4.00 3780888 0.00 851.950 18123.759
14.9500 0.9950 14.8752 427.84 4.00 3780908 0.00 852.047 18124.057
14.9500 0.9950 14.8752 427.76 4.00 3780928 0.00 851.719 18124.354
14.9500 0.9950 14.8752 427.97 4.00 3780948 0.00 852.546 18124.652
14.9500 0.9950 14.8752 427.95 4.00 3780968 0.00 852.473 18124.949
14.9150 1.2325 18.3827 427.98 4.00 3780988 0.00 852.594 18125.317
14.9150 1.2325 18.3827 428.05 4.00 3781008 0.00 852.886 18125.685
14.9150 1.2325 18.3827 428.02 4.00 3781028 0.00 852.752 18126.052
14.9150 1.2325 18.3827 428.01 4.00 3781048 0.00 852.716 18126.420
14.9487 0.9850 14.7245 428.03 4.00 3781068 0.00 852.789 18126.714
14.9487 0.9850 14.7245 427.98 4.00 3781088 0.00 852.594 18127.009
14.9487 0.9850 14.7245 428.01 4.00 3781108 0.00 852.716 18127.303
14.9637 0.9475 14.1782 428.11 4.00 3781128 0.00 853.117 18127.587
14.9637 0.9475 14.1782 428.02 4.00 3781148 0.00 852.740 18127.871
14.9637 0.9475 14.1782 428.10 4.00 3781168 0.00 853.081 18128.154
14.9637 0.9475 14.1782 428.10 4.00 3781188 0.00 853.069 18128.438
14.9562 0.9850 14.7319 428.10 4.00 3781208 0.00 853.081 18128.732
14.9562 0.9850 14.7319 428.05 4.00 3781228 0.00 852.874 18129.027
14.9562 0.9850 14.7319 428.09 4.00 3781248 0.00 853.044 18129.322
14.9775 0.8650 12.9555 428.02 4.00 3781268 0.00 852.752 18129.581
14.9775 0.8650 12.9555 428.11 4.00 3781288 0.00 853.117 18129.840
14.9775 0.8650 12.9555 428.15 4.00 3781308 0.00 853.251 18130.099
14.9775 0.8650 12.9555 428.13 4.00 3781328 0.00 853.178 18130.358
14.9625 0.9625 14.4014 428.11 4.00 3781348 0.00 853.117 18130.646
14.9625 0.9625 14.4014 428.17 4.00 3781368 0.00 853.361 18130.934
14.9625 0.9625 14.4014 428.12 4.00 3781388 0.00 853.166 18131.222
14.9625 0.9625 14.4014 428.17 4.00 3781408 0.00 853.337 18131.510
14.9700 0.9225 13.8098 428.15 4.00 3781428 0.00 853.276 18131.786
14.9700 0.9225 13.8098 428.08 4.00 3781448 0.00 852.996 18132.063
14.9700 0.9225 13.8098 428.13 4.00 3781468 0.00 853.203 18132.339
14.9362 1.1200 16.7286 428.27 4.00 3781488 0.00 853.727 18132.673
14.9362 1.1200 16.7286 428.16 4.00 3781508 0.00 853.288 18133.008
14.9362 1.1200 16.7286 428.20 4.00 3781528 0.00 853.483 18133.343
14.9362 1.1200 16.7286 428.17 4.00 3781548 0.00 853.361 18133.677
14.9688 0.9075 13.5841 428.23 4.00 3781568 0.00 853.568 18133.949
14.9688 0.9075 13.5841 428.18 4.00 3781588 0.00 853.385 18134.220
14.9688 0.9075 13.5841 428.27 4.00 3781608 0.00 853.739 18134.492
14.9875 0.8125 12.1773 428.17 4.00 3781628 0.00 853.337 18134.736
14.9875 0.8125 12.1773 428.23 4.00 3781648 0.00 853.593 18134.979
14.9875 0.8125 12.1773 428.30 4.00 3781668 0.00 853.849 18135.223
14.9875 0.8125 12.1773 428.29 4.00 3781688 0.00 853.836 18135.466
14.9300 1.1775 17.5801 428.23 4.00 3781708 0.00 853.580 18135.818
14.9300 1.1775 17.5801 428.29 4.00 3781728 0.00 853.824 18136.170
14.9300 1.1775 17.5801 428.27 4.00 3781748 0.00 853.751 18136.521
14.9300 1.1100 16.5723 428.30 4.00 3781768 0.00 853.861 18136.853
14.9362 1.1100 16.5792 428.39 4.00 3781788 0.00 854.239 18137.184
14.9362 1.1100 16.5792 428.41 4.00 3781808 0.00 854.312 18137.516
14.9362 1.1100 16.5792 428.41 4.00 3781828 0.00 854.287 18137.847
14.9825 0.8350 12.5104 428.42 4.00 3781848 0.00 854.349 18138.098
14.9825 0.8350 12.5104 428.37 4.00 3781868 0.00 854.141 18138.348
14.9825 0.8350 12.5104 428.35 4.00 3781888 0.00 854.044 18138.598
14.9825 0.8350 12.5104 428.42 4.00 3781908 0.00 854.349 18138.848
15.0000 0.7500 11.2500 428.30 4.00 3781928 0.00 853.849 18139.073
15.0000 0.7500 11.2500 428.26 4.00 3781948 0.00 853.702 18139.298
15.0000 0.7500 11.2500 428.34 4.00 3781968 0.00 854.007 18139.523
14.9300 1.1925 17.8040 428.35 4.00 3781988 0.00 854.056 18139.879
14.9300 1.1925 17.8040 428.42 4.00 3782008 0.00 854.349 18140.235
14.9300 1.1925 17.8040 428.36 4.00 3782028 0.00 854.117 18140.591
14.9300 1.1925 17.8040 428.36 4.00 3782048 0.00 854.105 18140.947
14.9700 0.9075 13.5853 428.38 4.00 3782068 0.00 854.202 18141.219
14.9700 0.9075 13.5853 428.40 4.00 3782088 0.00 854.263 18141.491
14.9700 0.9075 13.5853 428.38 4.00 3782108 0.00 854.178 18141.763
14.9975 0.7750 11.6231 428.39 4.00 3782128 0.00 854.227 18141.995
14.9975 0.7750 11.6231 428.44 4.00 3782148 0.00 854.434 18142.228
14.9975 0.7750 11.6231 428.45 4.00 3782168 0.00 854.470 18142.460
14.9975 0.7750 11.6231 428.40 4.00 3782188 0.00 854.263 18142.692
14.9437 1.0925 16.3260 428.47 4.00 3782208 0.00 854.544 18143.019
14.9437 1.0925 16.3260 428.41 4.00 3782228 0.00 854.300 18143.345
14.9437 1.0925 16.3260 428.42 4.00 3782248 0.00 854.361 18143.672
14.9437 1.0925 16.3260 428.48 4.00 3782268 0.00 854.568 18143.999
14.9900 0.8150 12.2168 428.45 4.00 3782288 0.00 854.470 18144.243
14.9900 0.8150 12.2168 428.45 4.00 3782308 0.00 854.458 18144.487
14.9900 0.8150 12.2168 428.55 4.00 3782328 0.00 854.861 18144.732
14.9350 1.1450 17.1006 428.39 4.00 3782348 0.00 854.214 18145.074
14.9350 1.1450 17.1006 428.51 4.00 3782368 0.00 854.690 18145.416
14.9350 1.1450 17.1006 428.49 4.00 3782388 0.00 854.629 18145.758
14.9350 1.1450 17.1006 428.49 4.00 3782408 0.00 854.617 18146.100
14.9850 0.8500 12.7372 428.46 4.00 3782428 0.00 854.483 18146.354
14.9850 0.8500 12.7372 428.57 4.00 3782448 0.00 854.934 18146.609
14.9850 0.8500 12.7372 428.49 4.00 3782468 0.00 854.617 18146.864
14.9762 0.8950 13.4037 428.62 4.00 3782488 0.00 855.130 18147.132
14.9762 0.8950 13.4037 428.57 4.00 3782508 0.00 854.959 18147.400
14.9762 0.8950 13.4037 428.56 4.00 3782528 0.00 854.898 18147.668
14.9762 0.8950 13.4037 428.52 4.00 3782548 0.00 854.727 18147.936
14.9862 0.8450 12.6634 428.54 4.00 3782568 0.00 854.824 18148.189
14.9862 0.8450 12.6634 428.49 4.00 3782588 0.00 854.629 18148.443
14.9862 0.8450 12.6634 428.50 4.00 3782608 0.00 854.654 18148.696
14.9862 0.8450 12.6634 428.54 4.00 3782628 0.00 854.824 18148.949
14.9537 1.0400 15.5519 428.49 4.00 3782648 0.00 854.641 18149.260
14.9537 1.0400 15.5519 428.54 4.00 3782668 0.00 854.824 18149.571
14.9537 1.0400 15.5519 428.59 4.00 3782688 0.00 855.008 18149.882
15.0025 0.7650 11.4769 428.51 4.00 3782708 0.00 854.702 18150.112
15.0025 0.7650 11.4769 428.55 4.00 3782728 0.00 854.873 18150.341
15.0025 0.7650 11.4769 428.61 4.00 3782748 0.00 855.118 18150.571
15.0025 0.7650 11.4769 428.49 4.00 3782768 0.00 854.641 18150.800
14.9462 1.0950 16.3661 428.59 4.00 3782788 0.00 855.008 18151.128
14.9462 1.0950 16.3661 428.70 4.00 3782808 0.00 855.460 18151.455
14.9462 1.0950 16.3661 428.67 4.00 3782828 0.00 855.350 18151.782
14.9662 0.9650 14.4424 428.65 4.00 3782848 0.00 855.252 18152.071
14.9662 0.9650 14.4424 428.63 4.00 3782868 0.00 855.191 18152.360
14.9662 0.9650 14.4424 428.57 4.00 3782888 0.00 854.922 18152.649
14.9662 0.9650 14.4424 428.71 4.00 3782908 0.00 855.484 18152.938
14.9288 1.2000 17.9145 428.65 4.00 3782928 0.00 855.264 18153.296
14.9288 1.2000 17.9145 428.63 4.00 3782948 0.00 855.191 18153.654
14.9288 1.2000 17.9145 428.61 4.00 3782968 0.00 855.093 18154.013
14.9462 1.0725 16.0299 428.76 4.00 3782988 0.00 855.704 18154.333
14.9462 1.0725 16.0299 428.74 4.00 3783008 0.00 855.607 18154.654
14.9462 1.0725 16.0299 428.73 4.00 3783028 0.00 855.582 18154.974
14.9462 1.0725 16.0299 428.74 4.00 3783048 0.00 855.619 18155.295
14.9187 1.2275 18.3128 428.77 4.00 3783068 0.00 855.729 18155.661
14.9187 1.2275 18.3128 428.72 4.00 3783088 0.00 855.533 18156.028
14.9187 1.2275 18.3128 428.81 4.00 3783108 0.00 855.888 18156.394
14.9187 1.2275 18.3128 428.77 4.00 3783128 0.00 855.741 18156.760
15.0050 0.7050 10.5785 428.84 4.00 3783148 0.00 856.022 18156.972
15.0050 0.7050 10.5785 428.91 4.00 3783168 0.00 856.316 18157.183
15.0050 0.7050 10.5785 428.79 4.00 3783188 0.00 855.827 18157.395
15.0112 0.7150 10.7330 428.83 4.00 3783208 0.00 855.998 18157.609
15.0112 0.7150 10.7330 428.82 4.00 3783228 0.00 855.949 18157.824
15.0112 0.7150 10.7330 428.75 4.00 3783248 0.00 855.655 18158.039
15.0112 0.7150 10.7330 428.75 4.00 3783268 0.00 855.643 18158.253
14.9850 0.8800 13.1868 428.73 4.00 3783288 0.00 855.594 18158.517
14.9850 0.8800 13.1868 428.73 4.00 3783308 0.00 855.582 18158.781
14.9850 0.8800 13.1868 428.86 4.00 3783328 0.00 856.084 18159.045
14.9762 0.9150 13.7033 428.75 4.00 3783348 0.00 855.643 18159.319
14.9762 0.9150 13.7033 428.76 4.00 3783368 0.00 855.692 18159.593
14.9762 0.9150 13.7033 428.79 4.00 3783388 0.00 855.827 18159.867
14.9762 0.9150 13.7033 428.81 4.00 3783408 0.00 855.912 18160.141
14.9800 0.8950 13.4071 428.79 4.00 3783428 0.00 855.827 18160.409
14.9800 0.8950 13.4071 428.85 4.00 3783448 0.00 856.047 18160.677
14.9800 0.8950 13.4071 428.75 4.00 3783468 0.00 855.668 18160.945
14.9800 0.8950 13.4071 428.83 4.00 3783488 0.00 855.998 18161.213
14.9550 1.0525 15.7401 428.80 4.00 3783508 0.00 855.875 18161.528
14.9550 1.0525 15.7401 428.81 4.00 3783528 0.00 855.900 18161.843
14.9550 1.0525 15.7401 428.77 4.00 3783548 0.00 855.729 18162.158
14.9900 0.8225 12.3293 428.86 4.00 3783568 0.00 856.108 18162.404
14.9900 0.8225 12.3293 428.72 4.00 3783588 0.00 855.533 18162.651
14.9900 0.8225 12.3293 428.75 4.00 3783608 0.00 855.668 18162.898
14.9900 0.8225 12.3293 428.84 4.00 3783628 0.00 856.010 18163.144
14.9738 0.9325 13.9630 428.87 4.00 3783648 0.00 856.145 18163.423
14.9738 0.9325 13.9630 428.96 4.00 3783668 0.00 856.500 18163.703
14.9738 0.9325 13.9630 428.96 4.00 3783688 0.00 856.488 18163.982
14.9850 0.8675 12.9995 428.77 4.00 3783708 0.00 855.753 18164.242
14.9850 0.8675 12.9995 428.91 4.00 3783728 0.00 856.279 18164.502
14.9850 0.8675 12.9995 428.91 4.00 3783748 0.00 856.279 18164.762
14.9850 0.8675 12.9995 428.84 4.00 3783768 0.00 856.022 18165.022
14.9937 0.8225 12.3324 428.86 4.00 3783788 0.00 856.084 18165.269
14.9937 0.8225 12.3324 428.76 4.00 3783808 0.00 855.680 18165.515
14.9937 0.8225 12.3324 428.83 4.00 3783828 0.00 855.998 18165.762
14.9925 0.8250 12.3688 428.91 4.00 3783848 0.00 856.316 18166.009
14.9925 0.8250 12.3688 428.83 4.00 3783868 0.00 855.961 18166.257
14.9925 0.8250 12.3688 428.83 4.00 3783888 0.00 855.973 18166.504
14.9925 0.8250 12.3688 428.81 4.00 3783908 0.00 855.912 18166.751
14.9987 0.7950 11.9240 428.78 4.00 3783928 0.00 855.765 18166.990
14.9987 0.7950 11.9240 428.86 4.00 3783948 0.00 856.096 18167.228
14.9987 0.7950 11.9240 428.84 4.00 3783968 0.00 856.022 18167.467
14.9987 0.7950 11.9240 428.84 4.00 3783988 0.00 856.035 18167.705
14.9750 0.9475 14.1888 428.87 4.00 3784008 0.00 856.120 18167.989
14.9750 0.9475 14.1888 428.83 4.00 3784028 0.00 855.973 18168.273
14.9750 0.9475 14.1888 428.80 4.00 3784048 0.00 855.875 18168.557
14.9625 1.0075 15.0747 428.85 4.00 3784068 0.00 856.071 18168.858
14.9625 1.0075 15.0747 428.78 4.00 3784088 0.00 855.778 18169.160
14.9625 1.0075 15.0747 428.82 4.00 3784108 0.00 855.949 18169.461
14.9625 1.0075 15.0747 428.81 4.00 3784128 0.00 855.888 18169.763
14.9300 1.1975 17.8787 428.85 4.00 3784148 0.00 856.047 18170.120
14.9300 1.1975 17.8787 428.95 4.00 3784168 0.00 856.439 18170.478
14.9300 1.1975 17.8787 428.98 4.00 3784188 0.00 856.561 18170.835
14.9987 0.7725 11.5865 428.93 4.00 3784208 0.00 856.377 18171.067
14.9987 0.7725 11.5865 428.94 4.00 3784228 0.00 856.426 18171.299
14.9987 0.7725 11.5865 428.91 4.00 3784248 0.00 856.292 18171.531
14.9987 0.7725 11.5865 428.95 4.00 3784268 0.00 856.475 18171.762
15.0087 0.7425 11.1440 428.95 4.00 3784288 0.00 856.463 18171.985
15.0087 0.7425 11.1440 428.91 4.00 3784308 0.00 856.279 18172.208
15.0087 0.7425 11.1440 428.93 4.00 3784328 0.00 856.390 18172.431
15.0087 0.7425 11.1440 428.99 4.00 3784348 0.00 856.622 18172.654
15.0100 0.7425 11.1449 428.98 4.00 3784368 0.00 856.561 18172.877
15.0100 0.7425 11.1449 428.93 4.00 3784388 0.00 856.377 18173.100
15.0100 0.7425 11.1449 428.83 4.00 3784408 0.00 855.998 18173.322
15.0313 0.6300 9.4697 428.79 4.00 3784428 0.00 855.827 18173.512
15.0313 0.6300 9.4697 428.80 4.00 3784448 0.00 855.875 18173.701
15.0313 0.6300 9.4697 428.82 4.00 3784468 0.00 855.937 18173.891
15.0313 0.6300 9.4697 428.76 4.00 3784488 0.00 855.717 18174.080
14.9475 1.1225 16.7786 428.81 4.00 3784508 0.00 855.888 18174.416
14.9475 1.1225 16.7786 428.82 4.00 3784528 0.00 855.937 18174.751
14.9475 1.1225 16.7786 428.84 4.00 3784548 0.00 856.010 18175.087
14.9787 0.9150 13.7056 428.89 4.00 3784568 0.00 856.206 18175.361
14.9787 0.9150 13.7056 428.83 4.00 3784588 0.00 855.973 18175.635
14.9787 0.9150 13.7056 428.86 4.00 3784608 0.00 856.108 18175.909
14.9787 0.9150 13.7056 428.78 4.00 3784628 0.00 855.790 18176.183
14.9850 0.8975 13.4490 428.85 4.00 3784648 0.00 856.059 18176.452
14.9850 0.8975 13.4490 428.86 4.00 3784668 0.00 856.096 18176.721
14.9850 0.8975 13.4490 428.91 4.00 3784688 0.00 856.292 18176.990
14.9850 0.8975 13.4490 428.89 4.00 3784708 0.00 856.206 18177.259
14.9762 0.9375 14.0402 428.93 4.00 3784728 0.00 856.390 18177.540
14.9762 0.9375 14.0402 428.95 4.00 3784748 0.00 856.439 18177.821
14.9762 0.9375 14.0402 428.95 4.00 3784768 0.00 856.451 18178.102
14.9750 0.9600 14.3760 428.90 4.00 3784788 0.00 856.267 18178.389
14.9750 0.9600 14.3760 428.93 4.00 3784808 0.00 856.377 18178.677
14.9750 0.9600 14.3760 428.93 4.00 3784828 0.00 856.365 18178.964
14.9750 0.9600 14.3760 428.88 4.00 3784848 0.00 856.194 18179.252
14.9700 0.9525 14.2589 428.91 4.00 3784868 0.00 856.304 18179.537
14.9700 0.9525 14.2589 428.89 4.00 3784888 0.00 856.231 18179.822
14.9700 0.9525 14.2589 428.94 4.00 3784908 0.00 856.402 18180.107
14.9325 1.2025 17.9563 428.95 4.00 3784928 0.00 856.463 18180.466
14.9325 1.2025 17.9563 429.00 4.00 3784948 0.00 856.647 18180.825
14.9325 1.2025 17.9563 429.01 4.00 3784968 0.00 856.683 18181.185
14.9325 1.2025 17.9563 429.10 4.00 3784988 0.00 857.051 18181.544
14.9412 1.1300 16.8836 429.09 4.00 3785008 0.00 857.015 18181.881
14.9412 1.1300 16.8836 429.08 4.00 3785028 0.00 856.978 18182.219
14.9412 1.1300 16.8836 429.10 4.00 3785048 0.00 857.039 18182.557
14.9513 1.0625 15.8857 429.11 4.00 3785068 0.00 857.100 18182.874
14.9513 1.0625 15.8857 429.03 4.00 3785088 0.00 856.794 18183.192
14.9513 1.0625 15.8857 429.04 4.00 3785108 0.00 856.818 18183.510
14.9513 1.0625 15.8857 429.07 4.00 3785128 0.00 856.953 18183.828
14.9650 0.9950 14.8902 429.20 4.00 3785148 0.00 857.444 18184.125
14.9650 0.9950 14.8902 429.23 4.00 3785168 0.00 857.578 18184.423
14.9650 0.9950 14.8902 429.24 4.00 3785188 0.00 857.628 18184.721
14.9650 0.9950 14.8902 429.13 4.00 3785208 0.00 857.174 18185.019
14.9462 1.1000 16.4409 429.25 4.00 3785228 0.00 857.640 18185.348
14.9462 1.1000 16.4409 429.28 4.00 3785248 0.00 857.763 18185.676
14.9462 1.1000 16.4409 429.22 4.00 3785268 0.00 857.554 18186.005
14.9662 0.9675 14.4798 429.16 4.00 3785288 0.00 857.284 18186.295
14.9662 0.9675 14.4798 429.20 4.00 3785308 0.00 857.468 18186.584
14.9662 0.9675 14.4798 429.26 4.00 3785328 0.00 857.714 18186.874
14.9662 0.9675 14.4798 429.37 4.00 3785348 0.00 858.119 18187.164
14.9350 1.1675 17.4366 429.31 4.00 3785368 0.00 857.885 18187.512
14.9350 1.1675 17.4366 429.26 4.00 3785388 0.00 857.701 18187.861
14.9350 1.1675 17.4366 429.30 4.00 3785408 0.00 857.861 18188.210
14.9925 0.7975 11.9565 429.35 4.00 3785428 0.00 858.045 18188.449
14.9925 0.7975 11.9565 429.30 4.00 3785448 0.00 857.849 18188.688
14.9925 0.7975 11.9565 429.27 4.00 3785468 0.00 857.738 18188.927
14.9925 0.7975 11.9565 429.37 4.00 3785488 0.00 858.143 18189.166
14.9700 0.9700 14.5209 429.32 4.00 3785508 0.00 857.922 18189.457
14.9700 0.9700 14.5209 429.34 4.00 3785528 0.00 858.033 18189.747
14.9700 0.9700 14.5209 429.33 4.00 3785548 0.00 857.984 18190.038
14.9700 0.9700 14.5209 429.34 4.00 3785568 0.00 857.996 18190.328
14.9825 0.8875 13.2970 429.32 4.00 3785588 0.00 857.947 18190.594
14.9825 0.8875 13.2970 429.37 4.00 3785608 0.00 858.119 18190.860
14.9825 0.8875 13.2970 429.21 4.00 3785628 0.00 857.505 18191.126
15.0112 0.7275 10.9207 429.39 4.00 3785648 0.00 858.217 18191.344
15.0112 0.7275 10.9207 429.35 4.00 3785668 0.00 858.045 18191.563
15.0112 0.7275 10.9207 429.30 4.00 3785688 0.00 857.849 18191.781
15.0112 0.7275 10.9207 429.33 4.00 3785708 0.00 857.984 18191.999
14.9650 1.0050 15.0398 429.38 4.00 3785728 0.00 858.168 18192.300
14.9650 1.0050 15.0398 429.33 4.00 3785748 0.00 857.984 18192.601
14.9650 1.0050 15.0398 429.31 4.00 3785768 0.00 857.910 18192.902
14.9712 0.9550 14.2975 429.34 4.00 3785788 0.00 858.033 18193.188
14.9712 0.9550 14.2975 429.39 4.00 3785808 0.00 858.205 18193.474
14.9712 0.9550 14.2975 429.33 4.00 3785828 0.00 857.971 18193.760
14.9712 0.9550 14.2975 429.42 4.00 3785848 0.00 858.328 18194.046
14.9625 1.0075 15.0747 429.38 4.00 3785868 0.00 858.192 18194.347
14.9625 1.0075 15.0747 429.38 4.00 3785888 0.00 858.192 18194.649
14.9625 1.0075 15.0747 429.36 4.00 3785908 0.00 858.106 18194.950
14.9950 0.8100 12.1459 429.33 4.00 3785928 0.00 857.984 18195.193
14.9950 0.8100 12.1459 429.38 4.00 3785948 0.00 858.192 18195.436
14.9950 0.8100 12.1459 429.47 4.00 3785968 0.00 858.549 18195.679
14.9950 0.8100 12.1459 429.41 4.00 3785988 0.00 858.303 18195.922
14.9900 0.8575 12.8539 429.42 4.00 3786008 0.00 858.340 18196.179
14.9900 0.8575 12.8539 429.49 4.00 3786028 0.00 858.598 18196.436
14.9900 0.8575 12.8539 429.45 4.00 3786048 0.00 858.463 18196.693
14.9900 0.8575 12.8539 429.40 4.00 3786068 0.00 858.266 18196.950
14.9725 0.9450 14.1490 429.41 4.00 3786088 0.00 858.315 18197.233
14.9725 0.9450 14.1490 429.31 4.00 3786108 0.00 857.910 18197.516
14.9725 0.9450 14.1490 429.38 4.00 3786128 0.00 858.180 18197.799
14.9450 1.1375 16.9999 429.45 4.00 3786148 0.00 858.475 18198.139
14.9450 1.1375 16.9999 429.44 4.00 3786168 0.00 858.426 18198.479
14.9450 1.1375 16.9999 429.47 4.00 3786188 0.00 858.536 18198.819
14.9450 1.1375 16.9999 429.45 4.00 3786208 0.00 858.450 18199.159
14.9900 0.8225 12.3293 429.43 4.00 3786228 0.00 858.364 18199.406
14.9900 0.8225 12.3293 429.49 4.00 3786248 0.00 858.622 18199.652
14.9900 0.8225 12.3293 429.49 4.00 3786268 0.00 858.622 18199.899
14.9875 0.8600 12.8892 429.52 4.00 3786288 0.00 858.745 18200.157
14.9875 0.8600 12.8892 429.41 4.00 3786308 0.00 858.278 18200.414
14.9875 0.8600 12.8892 429.45 4.00 3786328 0.00 858.463 18200.672
14.9875 0.8600 12.8892 429.54 4.00 3786348 0.00 858.831 18200.930
14.9850 0.8900 13.3366 429.49 4.00 3786368 0.00 858.598 18201.197
14.9850 0.8900 13.3366 429.42 4.00 3786388 0.00 858.352 18201.463
14.9850 0.8900 13.3366 429.42 4.00 3786408 0.00 858.352 18201.730
14.9850 0.8900 13.3366 429.37 4.00 3786428 0.00 858.143 18201.997
14.9875 0.8625 12.9267 429.46 4.00 3786448 0.00 858.500 18202.255
14.9875 0.8625 12.9267 429.46 4.00 3786468 0.00 858.487 18202.514
14.9875 0.8625 12.9267 429.41 4.00 3786488 0.00 858.291 18202.773
15.0087 0.7400 11.1065 429.47 4.00 3786508 0.00 858.536 18202.995
15.0087 0.7400 11.1065 429.50 4.00 3786528 0.00 858.672 18203.217
15.0087 0.7400 11.1065 429.45 4.00 3786548 0.00 858.475 18203.439
15.0087 0.7400 11.1065 429.43 4.00 3786568 0.00 858.364 18203.661
14.9575 1.0550 15.7802 429.39 4.00 3786588 0.00 858.205 18203.977
14.9575 1.0550 15.7802 429.43 4.00 3786608 0.00 858.389 18204.292
14.9575 1.0550 15.7802 429.37 4.00 3786628 0.00 858.131 18204.608
14.9987 0.7975 11.9615 429.41 4.00 3786648 0.00 858.291 18204.847
14.9987 0.7975 11.9615 429.51 4.00 3786668 0.00 858.696 18205.086
14.9987 0.7975 11.9615 429.41 4.00 3786688 0.00 858.303 18205.326
14.9987 0.7975 11.9615 429.54 4.00 3786708 0.00 858.807 18205.565
14.9712 0.9600 14.3724 429.52 4.00 3786728 0.00 858.745 18205.852
14.9712 0.9600 14.3724 429.43 4.00 3786748 0.00 858.377 18206.140
14.9712 0.9600 14.3724 429.52 4.00 3786768 0.00 858.733 18206.427
14.9712 0.8275 12.3887 429.53 4.00 3786788 0.00 858.758 18206.675
14.9962 0.8275 12.4094 429.43 4.00 3786808 0.00 858.364 18206.923
14.9962 0.8275 12.4094 429.53 4.00 3786828 0.00 858.758 18207.171
14.9962 0.8275 12.4094 429.40 4.00 3786848 0.00 858.266 18207.419
14.9812 0.9025 13.5206 429.45 4.00 3786868 0.00 858.475 18207.690
14.9812 0.9025 13.5206 429.49 4.00 3786888 0.00 858.622 18207.960
14.9812 0.9025 13.5206 429.48 4.00 3786908 0.00 858.586 18208.231
14.9812 0.9025 13.5206 429.43 4.00 3786928 0.00 858.389 18208.501
14.9925 0.8375 12.5562 429.43 4.00 3786948 0.00 858.377 18208.752
14.9925 0.8375 12.5562 429.46 4.00 3786968 0.00 858.487 18209.003
14.9925 0.8375 12.5562 429.53 4.00 3786988 0.00 858.782 18209.254
15.0075 0.7650 11.4807 429.51 4.00 3787008 0.00 858.709 18209.484
15.0075 0.7650 11.4807 429.48 4.00 3787028 0.00 858.573 18209.714
15.0075 0.7650 11.4807 429.42 4.00 3787048 0.00 858.340 18209.943
15.0075 0.7650 11.4807 429.47 4.00 3787068 0.00 858.524 18210.173
14.9725 0.9575 14.3362 429.47 4.00 3787088 0.00 858.524 18210.460
14.9725 0.9575 14.3362 429.45 4.00 3787108 0.00 858.463 18210.746
14.9725 0.9575 14.3362 429.41 4.00 3787128 0.00 858.278 18211.033
15.0200 0.6900 10.3638 429.49 4.00 3787148 0.00 858.598 18211.240
15.0200 0.6900 10.3638 429.38 4.00 3787168 0.00 858.180 18211.448
15.0200 0.6900 10.3638 429.51 4.00 3787188 0.00 858.696 18211.655
15.0200 0.6900 10.3638 429.41 4.00 3787208 0.00 858.291 18211.862
14.9775 0.9575 14.3410 429.39 4.00 3787228 0.00 858.229 18212.149
14.9775 0.9575 14.3410 429.36 4.00 3787248 0.00 858.106 18212.436
14.9775 0.9575 14.3410 429.40 4.00 3787268 0.00 858.242 18212.723
14.9775 0.9575 14.3410 429.32 4.00 3787288 0.00 857.922 18213.009
15.0100 0.7425 11.1449 429.48 4.00 3787308 0.00 858.561 18213.232
15.0100 0.7425 11.1449 429.39 4.00 3787328 0.00 858.229 18213.455
15.0100 0.7425 11.1449 429.44 4.00 3787348 0.00 858.401 18213.678
14.9337 1.2050 17.9952 429.47 4.00 3787368 0.00 858.524 18214.038
14.9337 1.2050 17.9952 429.39 4.00 3787388 0.00 858.205 18214.398
14.9337 1.2050 17.9952 429.37 4.00 3787408 0.00 858.156 18214.758
14.9337 1.2050 17.9952 429.40 4.00 3787428 0.00 858.266 18215.118
15.0162 0.6950 10.4363 429.36 4.00 3787448 0.00 858.082 18215.327
15.0162 0.6950 10.4363 429.37 4.00 3787468 0.00 858.156 18215.535
15.0162 0.6950 10.4363 429.39 4.00 3787488 0.00 858.205 18215.744
14.9537 1.1000 16.4491 429.44 4.00 3787508 0.00 858.414 18216.073
14.9537 1.1000 16.4491 429.46 4.00 3787528 0.00 858.500 18216.402
14.9537 1.1000 16.4491 429.43 4.00 3787548 0.00 858.389 18216.731
14.9537 1.1000 16.4491 429.46 4.00 3787568 0.00 858.512 18217.060
14.9562 1.0400 15.5545 429.51 4.00 3787588 0.00 858.696 18217.371
14.9562 1.0400 15.5545 429.49 4.00 3787608 0.00 858.610 18217.682
14.9562 1.0400 15.5545 429.53 4.00 3787628 0.00 858.758 18217.993
14.9562 1.0400 15.5545 429.47 4.00 3787648 0.00 858.549 18218.304
14.9775 0.9275 13.8916 429.60 4.00 3787668 0.00 859.041 18218.582
14.9775 0.9275 13.8916 429.65 4.00 3787688 0.00 859.262 18218.860
14.9775 0.9275 13.8916 429.59 4.00 3787708 0.00 859.016 18219.138
14.9675 0.9800 14.6681 429.53 4.00 3787728 0.00 858.758 18219.431
14.9675 0.9800 14.6681 429.56 4.00 3787748 0.00 858.893 18219.724
14.9675 0.9800 14.6681 429.55 4.00 3787768 0.00 858.868 18220.018
14.9675 0.9800 14.6681 429.55 4.00 3787788 0.00 858.856 18220.311
15.0250 0.6375 9.5784 429.47 4.00 3787808 0.00 858.549 18220.503
15.0250 0.6375 9.5784 429.47 4.00 3787828 0.00 858.549 18220.694
15.0250 0.6375 9.5784 429.52 4.00 3787848 0.00 858.721 18220.886
15.0062 0.7750 11.6298 429.54 4.00 3787868 0.00 858.807 18221.118
15.0062 0.7750 11.6298 429.46 4.00 3787888 0.00 858.500 18221.351
15.0062 0.7750 11.6298 429.47 4.00 3787908 0.00 858.536 18221.584
15.0062 0.7750 11.6298 429.48 4.00 3787928 0.00 858.561 18221.816
14.9650 1.0175 15.2269 429.51 4.00 3787948 0.00 858.684 18222.121
14.9650 1.0175 15.2269 429.47 4.00 3787968 0.00 858.524 18222.425
14.9650 1.0175 15.2269 429.49 4.00 3787988 0.00 858.635 18222.730
14.9350 1.1975 17.8847 429.55 4.00 3788008 0.00 858.844 18223.088
14.9350 1.1975 17.8847 429.56 4.00 3788028 0.00 858.893 18223.445
14.9350 1.1975 17.8847 429.56 4.00 3788048 0.00 858.881 18223.803
14.9350 1.1975 17.8847 429.58 4.00 3788068 0.00 858.967 18224.161
15.0012 0.7475 11.2134 429.58 4.00 3788088 0.00 858.979 18224.385
15.0012 0.7475 11.2134 429.58 4.00 3788108 0.00 858.979 18224.609
15.0012 0.7475 11.2134 429.56 4.00 3788128 0.00 858.905 18224.833
15.0012 0.7475 11.2134 429.62 4.00 3788148 0.00 859.151 18225.058
14.9612 1.0575 15.8215 429.62 4.00 3788168 0.00 859.139 18225.374
14.9612 1.0575 15.8215 429.58 4.00 3788188 0.00 858.967 18225.691
14.9612 1.0575 15.8215 429.63 4.00 3788208 0.00 859.164 18226.007
14.9612 1.0025 14.9987 429.61 4.00 3788228 0.00 859.102 18226.307
14.9612 1.0025 14.9987 429.62 4.00 3788248 0.00 859.127 18226.607
14.9612 1.0025 14.9987 429.71 4.00 3788268 0.00 859.508 18226.907
14.9612 1.0025 14.9987 429.60 4.00 3788288 0.00 859.065 18227.207
15.0150 0.6975 10.4730 429.59 4.00 3788308 0.00 859.004 18227.416
15.0150 0.6975 10.4730 429.63 4.00 3788328 0.00 859.176 18227.626
15.0150 0.6975 10.4730 429.66 4.00 3788348 0.00 859.311 18227.835
14.9837 0.9075 13.5978 429.59 4.00 3788368 0.00 859.016 18228.107
14.9837 0.9075 13.5978 429.63 4.00 3788388 0.00 859.188 18228.379
14.9837 0.9075 13.5978 429.51 4.00 3788408 0.00 858.696 18228.651
14.9837 0.9075 13.5978 429.63 4.00 3788428 0.00 859.188 18228.923
14.9925 0.8400 12.5937 429.60 4.00 3788448 0.00 859.065 18229.175
14.9925 0.8400 12.5937 429.56 4.00 3788468 0.00 858.893 18229.427
14.9925 0.8400 12.5937 429.58 4.00 3788488 0.00 858.979 18229.679
14.9925 0.8400 12.5937 429.69 4.00 3788508 0.00 859.422 18229.931
14.9787 0.9275 13.8928 429.65 4.00 3788528 0.00 859.274 18230.208
14.9787 0.9275 13.8928 429.71 4.00 3788548 0.00 859.484 18230.486
14.9787 0.9275 13.8928 429.58 4.00 3788568 0.00 858.967 18230.764
14.9712 0.9750 14.5970 429.61 4.00 3788588 0.00 859.102 18231.056
14.9712 0.9750 14.5970 429.63 4.00 3788608 0.00 859.176 18231.348
14.9712 0.9750 14.5970 429.58 4.00 3788628 0.00 858.967 18231.640
14.9712 0.9750 14.5970 429.53 4.00 3788648 0.00 858.782 18231.932
14.9575 1.0675 15.9671 429.59 4.00 3788668 0.00 859.016 18232.251
14.9575 1.0675 15.9671 429.62 4.00 3788688 0.00 859.127 18232.571
14.9575 1.0675 15.9671 429.66 4.00 3788708 0.00 859.299 18232.890
14.9000 1.3725 20.4502 429.73 4.00 3788728 0.00 859.594 18233.299
14.9000 1.3725 20.4502 429.73 4.00 3788748 0.00 859.594 18233.708
14.9000 1.3725 20.4502 429.73 4.00 3788768 0.00 859.594 18234.117
14.9000 1.3725 20.4502 429.78 4.00 3788788 0.00 859.767 18234.526
14.9887 0.8250 12.3657 429.79 4.00 3788808 0.00 859.804 18234.773
14.9887 0.8250 12.3657 429.81 4.00 3788828 0.00 859.915 18235.021
14.9887 0.8250 12.3657 429.79 4.00 3788848 0.00 859.816 18235.268
14.9887 1.0325 15.4759 429.81 4.00 3788868 0.00 859.878 18235.577
14.9612 1.0325 15.4475 429.87 4.00 3788888 0.00 860.136 18235.886
14.9612 1.0325 15.4475 429.82 4.00 3788908 0.00 859.952 18236.195
14.9612 1.0325 15.4475 429.93 4.00 3788928 0.00 860.383 18236.504
14.9875 0.8250 12.3647 429.80 4.00 3788948 0.00 859.853 18236.752
14.9875 0.8250 12.3647 429.83 4.00 3788968 0.00 859.976 18236.999
14.9875 0.8250 12.3647 429.89 4.00 3788988 0.00 860.198 18237.246
14.9875 0.8250 12.3647 429.88 4.00 3789008 0.00 860.161 18237.493
14.9750 0.9475 14.1888 429.93 4.00 3789028 0.00 860.358 18237.777
14.9750 0.9475 14.1888 429.86 4.00 3789048 0.00 860.087 18238.061
14.9750 0.9475 14.1888 429.73 4.00 3789068 0.00 859.594 18238.345
14.9637 0.9975 14.9263 429.85 4.00 3789088 0.00 860.075 18238.643
14.9637 0.9975 14.9263 429.86 4.00 3789108 0.00 860.112 18238.942
14.9637 0.9975 14.9263 429.84 4.00 3789128 0.00 860.026 18239.240
14.9637 0.9975 14.9263 429.81 4.00 3789148 0.00 859.890 18239.539
15.0150 0.6900 10.3603 429.81 4.00 3789168 0.00 859.915 18239.746
15.0150 0.6900 10.3603 429.85 4.00 3789188 0.00 860.062 18239.953
15.0150 0.6900 10.3603 429.89 4.00 3789208 0.00 860.198 18240.161
14.9875 0.8700 13.0391 429.82 4.00 3789228 0.00 859.952 18240.421
14.9875 0.8700 13.0391 429.84 4.00 3789248 0.00 860.026 18240.682
14.9875 0.8700 13.0391 429.82 4.00 3789268 0.00 859.952 18240.943
14.9875 0.8700 13.0391 429.78 4.00 3789288 0.00 859.779 18241.204
15.0225 0.6550 9.8397 429.77 4.00 3789308 0.00 859.730 18241.400
15.0225 0.6550 9.8397 429.85 4.00 3789328 0.00 860.038 18241.597
15.0225 0.6550 9.8397 429.81 4.00 3789348 0.00 859.878 18241.794
15.0225 0.6550 9.8397 429.87 4.00 3789368 0.00 860.136 18241.991
14.9862 0.8900 13.3378 429.74 4.00 3789388 0.00 859.631 18242.258
14.9862 0.8900 13.3378 429.79 4.00 3789408 0.00 859.804 18242.524
14.9862 0.8900 13.3378 429.76 4.00 3789428 0.00 859.681 18242.791
14.9950 0.8175 12.2584 429.78 4.00 3789448 0.00 859.791 18243.036
14.9950 0.8175 12.2584 429.70 4.00 3789468 0.00 859.459 18243.281
14.9950 0.8175 12.2584 429.80 4.00 3789488 0.00 859.865 18243.527
14.9950 0.8175 12.2584 429.77 4.00 3789508 0.00 859.742 18243.772
15.0012 0.7900 11.8510 429.75 4.00 3789528 0.00 859.668 18244.009
15.0012 0.7900 11.8510 429.77 4.00 3789548 0.00 859.730 18244.246
15.0012 0.7900 11.8510 429.75 4.00 3789568 0.00 859.668 18244.483
14.9950 0.8325 12.4833 429.74 4.00 3789588 0.00 859.607 18244.733
14.9950 0.8325 12.4833 429.74 4.00 3789608 0.00 859.607 18244.982
14.9950 0.8325 12.4833 429.63 4.00 3789628 0.00 859.176 18245.232
14.9950 0.8325 12.4833 429.64 4.00 3789648 0.00 859.213 18245.482
15.1262 0.0400 0.6050 429.67 4.00 3789668 0.00 859.324 18245.494
15.1262 0.0400 0.6050 429.62 4.00 3789688 0.00 859.127 18245.506
15.1262 0.0400 0.6050 429.63 4.00 3789708 0.00 859.188 18245.518
15.1262 0.0400 0.6050 429.67 4.00 3789728 0.00 859.348 18245.530
15.1362 0.0400 0.6054 429.45 4.00 3789748 0.00 858.450 18245.542
15.1362 0.0400 0.6054 429.39 4.00 3789768 0.00 858.205 18245.554
15.1362 0.0400 0.6054 429.26 4.00 3789788 0.00 857.701 18245.566
15.1400 0.0400 0.6056 429.29 4.00 3789808 0.00 857.799 18245.578
15.1400 0.0400 0.6056 429.26 4.00 3789828 0.00 857.701 18245.590
15.1400 0.0400 0.6056 429.14 4.00 3789848 0.00 857.198 18245.603
15.1400 0.0400 0.6056 428.97 4.00 3789868 0.00 856.537 18245.615
15.1425 0.0400 0.6057 429.06 4.00 3789888 0.00 856.892 18245.627
15.1425 0.0400 0.6057 429.01 4.00 3789908 0.00 856.696 18245.639
15.1425 0.0400 0.6057 428.95 4.00 3789928 0.00 856.463 18245.651
15.1462 0.0400 0.6058 429.01 4.00 3789948 0.00 856.708 18245.663
15.1462 0.0400 0.6058 428.80 4.00 3789968 0.00 855.839 18245.675
15.1462 0.0400 0.6058 428.79 4.00 3789988 0.00 855.802 18245.687
15.1462 0.0400 0.6058 428.79 4.00 3790008 0.00 855.814 18245.700
15.1475 0.0400 0.6059 428.73 4.00 3790028 0.00 855.582 18245.712
15.1475 0.0400 0.6059 428.68 4.00 3790048 0.00 855.399 18245.724
15.1475 0.0400 0.6059 428.63 4.00 3790068 0.00 855.167 18245.736
15.1500 0.0400 0.6060 428.60 4.00 3790088 0.00 855.044 18245.748
15.1500 0.0400 0.6060 428.48 4.00 3790108 0.00 854.568 18245.760
15.1500 0.0400 0.6060 428.41 4.00 3790128 0.00 854.300 18245.772
15.1500 0.0400 0.6060 428.30 4.00 3790148 0.00 853.873 18245.784
15.1512 0.0400 0.6060 428.31 4.00 3790168 0.00 853.922 18245.796
15.1512 0.0400 0.6060 428.29 4.00 3790188 0.00 853.824 18245.809
15.1512 0.0400 0.6060 428.24 4.00 3790208 0.00 853.629 18245.821
15.1512 0.0400 0.6060 428.09 4.00 3790228 0.00 853.020 18245.833
15.1537 0.0400 0.6061 428.08 4.00 3790248 0.00 852.972 18245.845
15.1537 0.0400 0.6061 427.98 4.00 3790268 0.00 852.607 18245.857
15.1537 0.0400 0.6061 428.00 4.00 3790288 0.00 852.667 18245.869
15.1550 0.0400 0.6062 427.87 4.00 3790308 0.00 852.132 18245.881
15.1550 0.0400 0.6062 427.80 4.00 3790328 0.00 851.877 18245.893
15.1550 0.0400 0.6062 427.79 4.00 3790348 0.00 851.841 18245.906
15.1550 0.0400 0.6062 427.74 4.00 3790368 0.00 851.622 18245.918
15.1575 0.0400 0.6063 427.71 4.00 3790388 0.00 851.513 18245.930
15.1575 0.0400 0.6063 427.61 4.00 3790408 0.00 851.124 18245.942
15.1575 0.0400 0.6063 427.52 4.00 3790428 0.00 850.748 18245.954
15.1575 0.0400 0.6063 427.53 4.00 3790448 0.00 850.785 18245.966
15.1575 0.0400 0.6063 427.47 4.00 3790468 0.00 850.567 18245.978
15.1575 0.0400 0.6063 427.39 4.00 3790488 0.00 850.252 18245.990
15.1575 0.0400 0.6063 427.43 4.00 3790508 0.00 850.409 18246.003
15.1600 0.0400 0.6064 427.41 4.00 3790528 0.00 850.300 18246.015
15.1600 0.0400 0.6064 427.33 4.00 3790548 0.00 850.009 18246.027
15.1600 0.0400 0.6064 427.38 4.00 3790568 0.00 850.191 18246.039
15.1600 0.0400 0.6064 427.11 4.00 3790588 0.00 849.126 18246.051
15.1613 0.0400 0.6064 427.04 4.00 3790608 0.00 848.836 18246.063
15.1613 0.0400 0.6064 427.02 4.00 3790628 0.00 848.764 18246.075
15.1613 0.0400 0.6064 426.90 4.00 3790648 0.00 848.305 18246.087
15.1625 0.0400 0.6065 426.85 4.00 3790668 0.00 848.088 18246.100
15.1625 0.0400 0.6065 426.83 4.00 3790688 0.00 848.027 18246.112
15.1625 0.0400 0.6065 426.71 4.00 3790708 0.00 847.521 18246.124
15.1625 0.0400 0.6065 426.82 4.00 3790728 0.00 847.955 18246.136
15.1637 0.0400 0.6065 426.77 4.00 3790748 0.00 847.786 18246.148
15.1637 0.0400 0.6065 426.66 4.00 3790768 0.00 847.328 18246.160
15.1637 0.0400 0.6065 426.65 4.00 3790788 0.00 847.292 18246.172
15.1650 0.0400 0.6066 426.51 4.00 3790808 0.00 846.750 18246.185
15.1650 0.0400 0.6066 426.43 4.00 3790828 0.00 846.437 18246.197
15.1650 0.0400 0.6066 426.46 4.00 3790848 0.00 846.533 18246.209
15.1650 0.0400 0.6066 426.41 4.00 3790868 0.00 846.341 18246.221
15.1662 0.0400 0.6066 426.38 4.00 3790888 0.00 846.220 18246.233
15.1662 0.0400 0.6066 426.29 4.00 3790908 0.00 845.860 18246.245
15.1662 0.0400 0.6066 426.13 4.00 3790928 0.00 845.247 18246.257
15.1675 0.0400 0.6067 426.13 4.00 3790948 0.00 845.247 18246.269
15.1675 0.0400 0.6067 426.12 4.00 3790968 0.00 845.187 18246.282
15.1675 0.0400 0.6067 426.00 4.00 3790988 0.00 844.719 18246.294
15.1675 0.0400 0.6067 425.92 4.00 3791008 0.00 844.407 18246.306
15.1687 0.0400 0.6067 425.84 4.00 3791028 0.00 844.071 18246.318
15.1687 0.0400 0.6067 425.86 4.00 3791048 0.00 844.143 18246.330
15.1687 0.0400 0.6067 425.84 4.00 3791068 0.00 844.083 18246.342
15.1687 0.0400 0.6067 425.73 4.00 3791088 0.00 843.664 18246.354
15.1700 0.0400 0.6068 425.69 4.00 3791108 0.00 843.509 18246.367
15.1700 0.0400 0.6068 425.77 4.00 3791128 0.00 843.820 18246.379
15.1700 0.0400 0.6068 425.56 4.00 3791148 0.00 842.958 18246.391
15.1700 0.0400 0.6068 425.50 4.00 3791168 0.00 842.719 18246.403
15.1700 0.0400 0.6068 425.50 4.00 3791188 0.00 842.719 18246.415
15.1700 0.0400 0.6068 425.44 4.00 3791208 0.00 842.492 18246.427
15.1700 0.0400 0.6068 425.45 4.00 3791228 0.00 842.552 18246.439
15.1712 0.0400 0.6068 425.34 4.00 3791248 0.00 842.110 18246.451
15.1712 0.0400 0.6068 425.28 4.00 3791268 0.00 841.871 18246.464
15.1712 0.0400 0.6068 425.30 4.00 3791288 0.00 841.943 18246.476
15.1725 0.0400 0.6069 425.19 4.00 3791308 0.00 841.501 18246.488
15.1725 0.0400 0.6069 425.08 4.00 3791328 0.00 841.072 18246.500
15.1725 0.0400 0.6069 425.09 4.00 3791348 0.00 841.096 18246.512
15.1725 0.0400 0.6069 425.03 4.00 3791368 0.00 840.870 18246.524
15.1737 0.0400 0.6069 424.97 4.00 3791388 0.00 840.655 18246.536
15.1737 0.0400 0.6069 424.87 4.00 3791408 0.00 840.227 18246.549
15.1737 0.0400 0.6069 424.79 4.00 3791428 0.00 839.917 18246.561
15.1737 0.0400 0.6069 424.82 4.00 3791448 0.00 840.036 18246.573
15.1750 0.0400 0.6070 424.81 4.00 3791468 0.00 839.989 18246.585
15.1750 0.0400 0.6070 424.67 4.00 3791488 0.00 839.466 18246.597
15.1750 0.0400 0.6070 424.58 4.00 3791508 0.00 839.109 18246.609
15.1762 0.0400 0.6070 424.66 4.00 3791528 0.00 839.394 18246.621
15.1762 0.0400 0.6070 424.57 4.00 3791548 0.00 839.038 18246.634
15.1762 0.0400 0.6070 424.39 4.00 3791568 0.00 838.350 18246.646
15.1762 0.0400 0.6070 424.39 4.00 3791588 0.00 838.338 18246.658
15.1775 0.0400 0.6071 424.28 4.00 3791608 0.00 837.923 18246.670
15.1775 0.0400 0.6071 424.31 4.00 3791628 0.00 838.030 18246.682
15.1775 0.0400 0.6071 424.26 4.00 3791648 0.00 837.816 18246.694
15.1788 0.0400 0.6071 424.18 4.00 3791668 0.00 837.497 18246.706
15.1788 0.0400 0.6071 424.17 4.00 3791688 0.00 837.485 18246.719
15.1788 0.0400 0.6071 424.13 4.00 3791708 0.00 837.307 18246.731
15.1788 0.0400 0.6071 424.04 4.00 3791728 0.00 836.964 18246.743
15.1788 0.0400 0.6071 423.95 4.00 3791748 0.00 836.621 18246.755
15.1788 0.0400 0.6071 423.91 4.00 3791768 0.00 836.432 18246.767
15.1788 0.0400 0.6071 423.80 4.00 3791788 0.00 836.018 18246.779
15.1788 0.0400 0.6071 423.76 4.00 3791808 0.00 835.853 18246.791
15.1800 0.0400 0.6072 423.73 4.00 3791828 0.00 835.747 18246.804
15.1800 0.0400 0.6072 423.65 4.00 3791848 0.00 835.440 18246.816
15.1800 0.0400 0.6072 423.59 4.00 3791868 0.00 835.180 18246.828
15.1812 0.0400 0.6072 423.61 4.00 3791888 0.00 835.275 18246.840
15.1812 0.0400 0.6072 423.56 4.00 3791908 0.00 835.051 18246.852
15.1812 0.0400 0.6072 423.53 4.00 3791928 0.00 834.945 18246.864
15.1812 0.0400 0.6072 423.38 4.00 3791948 0.00 834.355 18246.876
15.1825 0.0400 0.6073 423.39 4.00 3791968 0.00 834.414 18246.889
15.1825 0.0400 0.6073 423.35 4.00 3791988 0.00 834.226 18246.901
15.1825 0.0400 0.6073 423.25 4.00 3792008 0.00 833.838 18246.913
15.1825 0.0400 0.6073 423.20 4.00 3792028 0.00 833.661 18246.925
15.1825 0.0400 0.6073 423.16 4.00 3792048 0.00 833.473 18246.937
15.1825 0.0400 0.6073 423.12 4.00 3792068 0.00 833.332 18246.949
15.1825 0.0400 0.6073 423.09 4.00 3792088 0.00 833.203 18246.961
15.1837 0.0400 0.6073 423.03 4.00 3792108 0.00 832.968 18246.974
15.1837 0.0400 0.6073 422.94 4.00 3792128 0.00 832.639 18246.986
15.1837 0.0400 0.6073 422.91 4.00 3792148 0.00 832.510 18246.998
15.1850 0.0400 0.6074 422.80 4.00 3792168 0.00 832.076 18247.010
15.1850 0.0400 0.6074 422.78 4.00 3792188 0.00 832.006 18247.022
15.1850 0.0400 0.6074 422.71 4.00 3792208 0.00 831.736 18247.034
15.1850 0.0400 0.6074 422.73 4.00 3792228 0.00 831.783 18247.046
15.1850 0.0400 0.6074 422.56 4.00 3792248 0.00 831.150 18247.059
15.1850 0.0400 0.6074 422.48 4.00 3792268 0.00 830.823 18247.071
15.1850 0.0400 0.6074 422.52 4.00 3792288 0.00 830.963 18247.083
15.1850 0.0400 0.6074 422.43 4.00 3792308 0.00 830.612 18247.095
15.1862 0.0400 0.6074 422.39 4.00 3792328 0.00 830.448 18247.107
15.1862 0.0400 0.6074 422.27 4.00 3792348 0.00 829.981 18247.119
15.1862 0.0400 0.6074 422.28 4.00 3792368 0.00 830.027 18247.132
15.1862 0.0400 0.6074 422.27 4.00 3792388 0.00 829.992 18247.144
15.1862 0.0400 0.6074 422.20 4.00 3792408 0.00 829.700 18247.156
15.1862 0.0400 0.6074 422.11 4.00 3792428 0.00 829.362 18247.168
15.1862 0.0400 0.6074 422.08 4.00 3792448 0.00 829.245 18247.180
15.1875 0.0400 0.6075 422.03 4.00 3792468 0.00 829.059 18247.192
15.1875 0.0400 0.6075 421.99 4.00 3792488 0.00 828.872 18247.204
15.1875 0.0400 0.6075 421.90 4.00 3792508 0.00 828.522 18247.217
15.1887 0.0400 0.6075 421.87 4.00 3792528 0.00 828.406 18247.229
15.1887 0.0400 0.6075 421.85 4.00 3792548 0.00 828.324 18247.241
15.1887 0.0400 0.6075 421.79 4.00 3792568 0.00 828.091 18247.253
15.1887 0.0400 0.6075 421.70 4.00 3792588 0.00 827.742 18247.265
15.1900 0.0400 0.6076 421.62 4.00 3792608 0.00 827.451 18247.277
15.1900 0.0400 0.6076 421.56 4.00 3792628 0.00 827.219 18247.289
15.1900 0.0400 0.6076 421.51 4.00 3792648 0.00 827.021 18247.302
15.1900 0.0400 0.6076 421.51 4.00 3792668 0.00 826.986 18247.314
15.1900 0.0400 0.6076 421.43 4.00 3792688 0.00 826.673 18247.326
15.1900 0.0400 0.6076 421.37 4.00 3792708 0.00 826.441 18247.338
15.1900 0.0400 0.6076 421.37 4.00 3792728 0.00 826.464 18247.350
15.1912 0.0400 0.6076 421.30 4.00 3792748 0.00 826.197 18247.362
15.1912 0.0400 0.6076 421.23 4.00 3792768 0.00 825.907 18247.375
15.1912 0.0400 0.6076 421.16 4.00 3792788 0.00 825.652 18247.387
15.1912 0.0400 0.6076 421.09 4.00 3792808 0.00 825.362 18247.399
15.1912 0.0400 0.6076 421.06 4.00 3792828 0.00 825.258 18247.411
15.1912 0.0400 0.6076 420.92 4.00 3792848 0.00 824.691 18247.423
15.1912 0.0400 0.6076 420.87 4.00 3792868 0.00 824.506 18247.435
15.1925 0.0400 0.6077 420.87 4.00 3792888 0.00 824.482 18247.447
15.1925 0.0400 0.6077 420.87 4.00 3792908 0.00 824.482 18247.460
15.1925 0.0400 0.6077 420.80 4.00 3792928 0.00 824.205 18247.472
15.1925 0.0400 0.6077 420.75 4.00 3792948 0.00 824.020 18247.484
15.1937 0.0400 0.6077 420.62 4.00 3792968 0.00 823.512 18247.496
15.1937 0.0400 0.6077 420.72 4.00 3792988 0.00 823.927 18247.508
15.1937 0.0400 0.6077 420.52 4.00 3793008 0.00 823.131 18247.520
15.1937 0.0400 0.6077 420.45 4.00 3793028 0.00 822.854 18247.533
15.1937 0.0400 0.6077 420.34 4.00 3793048 0.00 822.404 18247.545
15.1937 0.0400 0.6077 420.40 4.00 3793068 0.00 822.669 18247.557
15.1937 0.0400 0.6077 420.34 4.00 3793088 0.00 822.427 18247.569
15.1950 0.0400 0.6078 420.33 4.00 3793108 0.00 822.370 18247.581
15.1950 0.0400 0.6078 420.26 4.00 3793128 0.00 822.093 18247.593
15.1950 0.0400 0.6078 420.09 4.00 3793148 0.00 821.460 18247.605
15.1950 0.0400 0.6078 420.15 4.00 3793168 0.00 821.668 18247.618
15.1950 0.0400 0.6078 420.04 4.00 3793188 0.00 821.242 18247.630
15.1950 0.0400 0.6078 420.03 4.00 3793208 0.00 821.196 18247.642
15.1950 0.0400 0.6078 419.97 4.00 3793228 0.00 820.966 18247.654
15.1962 0.0400 0.6078 419.99 4.00 3793248 0.00 821.069 18247.666
15.1962 0.0400 0.6078 419.87 4.00 3793268 0.00 820.575 18247.678
15.1962 0.0400 0.6078 419.83 4.00 3793288 0.00 820.426 18247.691
15.1962 0.0400 0.6078 419.74 4.00 3793308 0.00 820.082 18247.703
15.1962 0.0400 0.6078 419.70 4.00 3793328 0.00 819.921 18247.715
