15.2975 0.0400 0.6119 357.37 4.00 3817529 0.00 594.456 18262.489
15.2975 0.0400 0.6119 357.45 4.00 3817549 0.00 594.746 18262.501
15.2975 0.0400 0.6119 357.30 4.00 3817569 0.00 594.222 18262.514
15.2975 0.0400 0.6119 357.27 4.00 3817589 0.00 594.123 18262.526
15.2975 0.0400 0.6119 357.16 4.00 3817609 0.00 593.784 18262.538
15.2987 0.0400 0.6119 356.58 4.00 3817856 0.00 591.844 18262.689
15.2987 0.0400 0.6119 356.55 4.00 3817876 0.00 591.760 18262.702
15.2987 0.0400 0.6119 356.50 4.00 3817896 0.00 591.570 18262.714
15.2987 0.0400 0.6119 356.42 4.00 3817916 0.00 591.317 18262.726
15.2987 0.0400 0.6119 356.40 4.00 3817936 0.00 591.261 18262.738
15.2987 0.0400 0.6119 356.33 4.00 3817956 0.00 591.029 18262.751
15.2987 0.0400 0.6119 356.25 4.00 3817976 0.00 590.734 18262.763
15.2987 0.0400 0.6119 356.30 4.00 3817996 0.00 590.910 18262.775
15.2987 0.0400 0.6119 356.18 4.00 3818016 0.00 590.531 18262.787
15.2987 0.0400 0.6119 356.17 4.00 3818036 0.00 590.468 18262.799
15.2987 0.0400 0.6119 356.10 4.00 3818056 0.00 590.258 18262.812
15.2987 0.0400 0.6119 355.99 4.00 3818076 0.00 589.880 18262.824
15.2987 0.0400 0.6119 355.98 4.00 3818096 0.00 589.837 18262.836
15.2987 0.0400 0.6119 355.95 4.00 3818116 0.00 589.767 18262.848
15.2987 0.0400 0.6119 355.89 4.00 3818136 0.00 589.551 18262.861
15.2987 0.0400 0.6119 355.89 4.00 3818156 0.00 589.558 18262.873
15.2987 0.0400 0.6119 355.84 4.00 3818176 0.00 589.397 18262.885
15.2987 0.0400 0.6119 355.80 4.00 3818196 0.00 589.264 18262.897
15.3000 0.0400 0.6120 355.60 4.00 3818216 0.00 588.587 18262.910
15.3000 0.0400 0.6120 355.67 4.00 3818236 0.00 588.831 18262.922
15.3000 0.0400 0.6120 355.67 4.00 3818256 0.00 588.810 18262.934
15.3000 0.0400 0.6120 355.59 4.00 3818276 0.00 588.559 18262.946
15.3000 0.0400 0.6120 355.44 4.00 3818296 0.00 588.050 18262.959
15.3000 0.0400 0.6120 355.44 4.00 3818316 0.00 588.050 18262.971
15.3000 0.0400 0.6120 355.35 4.00 3818336 0.00 587.778 18262.983
15.3000 0.0400 0.6120 355.38 4.00 3818356 0.00 587.862 18262.995
15.3000 0.0400 0.6120 355.35 4.00 3818376 0.00 587.764 18263.008
15.3000 0.0400 0.6120 355.32 4.00 3818396 0.00 587.674 18263.020
15.3000 0.0400 0.6120 355.20 4.00 3818416 0.00 587.263 18263.032
15.3000 0.0400 0.6120 355.11 4.00 3818436 0.00 586.965 18263.044
15.3000 0.0400 0.6120 355.08 4.00 3818456 0.00 586.874 18263.057
15.3000 0.0400 0.6120 355.05 4.00 3818476 0.00 586.777 18263.069
15.3000 0.0400 0.6120 355.00 4.00 3818496 0.00 586.624 18263.081
15.3000 0.0400 0.6120 354.88 4.00 3818516 0.00 586.201 18263.093
15.3000 0.0400 0.6120 354.83 4.00 3818536 0.00 586.042 18263.105
15.3000 0.0400 0.6120 354.81 4.00 3818556 0.00 585.972 18263.118
15.3000 0.0400 0.6120 354.82 4.00 3818576 0.00 586.028 18263.130
15.3000 0.0400 0.6120 354.78 4.00 3818596 0.00 585.896 18263.142
15.3000 0.0400 0.6120 354.69 4.00 3818616 0.00 585.570 18263.154
15.3000 0.0400 0.6120 354.64 4.00 3818636 0.00 585.411 18263.167
15.3000 0.0400 0.6120 354.69 4.00 3818656 0.00 585.598 18263.179
15.3000 0.0400 0.6120 354.51 4.00 3818676 0.00 585.003 18263.191
15.3000 0.0400 0.6120 354.48 4.00 3818696 0.00 584.900 18263.203
15.3012 0.0400 0.6120 354.42 4.00 3818716 0.00 584.678 18263.216
15.3012 0.0400 0.6120 354.40 4.00 3818736 0.00 584.644 18263.228
15.3012 0.0400 0.6120 354.32 4.00 3818756 0.00 584.361 18263.240
14.9513 2.4300 36.3315 354.93 4.00 3818776 0.00 586.388 18263.967
14.9513 2.4300 36.3315 355.00 4.00 3818796 0.00 586.610 18264.693
14.9513 2.4300 36.3315 355.16 4.00 3818816 0.00 587.131 18265.420
14.9513 2.4300 36.3315 355.36 4.00 3818836 0.00 587.792 18266.147
13.8612 9.0075 124.8552 355.69 4.00 3818856 0.00 588.901 18268.644
13.8612 9.0075 124.8552 356.01 4.00 3818876 0.00 589.957 18271.141
13.8612 9.0075 124.8552 356.38 4.00 3818896 0.00 591.177 18273.638
13.8612 9.0075 124.8552 357.01 4.00 3818916 0.00 593.282 18276.135
13.8425 8.8025 121.8486 357.55 4.00 3818936 0.00 595.072 18278.572
13.8425 8.8025 121.8486 357.63 4.00 3818956 0.00 595.349 18281.009
13.8425 8.8025 121.8486 358.20 4.00 3818976 0.00 597.241 18283.446
13.7887 8.8975 122.6854 358.72 4.00 3818996 0.00 598.978 18285.900
13.7887 8.8975 122.6854 359.27 4.00 3819016 0.00 600.816 18288.353
13.7887 8.8975 122.6854 359.90 4.00 3819036 0.00 602.930 18290.807
13.7887 8.8975 122.6854 360.49 4.00 3819056 0.00 604.887 18293.261
13.7125 9.1975 126.1207 361.13 4.00 3819076 0.00 607.052 18295.783
13.7125 9.1975 126.1207 361.59 4.00 3819096 0.00 608.604 18298.306
13.7125 9.1975 126.1207 362.23 4.00 3819116 0.00 610.737 18300.828
13.6900 9.1400 125.1266 362.84 4.00 3819136 0.00 612.799 18303.331
13.6900 9.1400 125.1266 363.30 4.00 3819156 0.00 614.374 18305.833
13.6900 9.1400 125.1266 364.09 4.00 3819176 0.00 617.046 18308.336
13.6900 9.1400 125.1266 364.58 4.00 3819196 0.00 618.682 18310.838
13.6875 9.0150 123.3928 365.16 4.00 3819216 0.00 620.679 18313.306
13.6875 9.0150 123.3928 365.78 4.00 3819236 0.00 622.785 18315.774
13.6875 9.0150 123.3928 366.24 4.00 3819256 0.00 624.352 18318.242
13.6875 9.0150 123.3928 366.88 4.00 3819276 0.00 626.515 18320.710
13.6962 8.7850 120.3216 367.39 4.00 3819296 0.00 628.288 18323.116
13.6962 8.7850 120.3216 367.95 4.00 3819316 0.00 630.177 18325.522
13.6962 8.7850 120.3216 368.54 4.00 3819336 0.00 632.207 18327.929
13.7312 8.4275 115.7201 369.07 4.00 3819356 0.00 634.021 18330.243
13.7312 8.4275 115.7201 369.65 4.00 3819376 0.00 636.022 18332.558
13.7312 8.4275 115.7201 370.16 4.00 3819396 0.00 637.789 18334.872
13.7312 8.4275 115.7201 370.78 4.00 3819416 0.00 639.927 18337.187
13.7062 8.4950 116.4346 371.22 4.00 3819436 0.00 641.425 18339.515
13.7062 8.4950 116.4346 371.70 4.00 3819456 0.00 643.095 18341.844
13.7062 8.4950 116.4346 372.28 4.00 3819476 0.00 645.099 18344.173
13.7800 7.8950 108.7931 372.70 4.00 3819496 0.00 646.567 18346.348
13.7800 7.8950 108.7931 373.28 4.00 3819516 0.00 648.580 18348.524
13.7800 7.8950 108.7931 373.74 4.00 3819536 0.00 650.189 18350.700
13.7800 7.8950 108.7931 374.29 4.00 3819556 0.00 652.088 18352.876
13.8000 7.6750 105.9150 374.81 4.00 3819576 0.00 653.890 18354.994
13.8000 7.6750 105.9150 375.19 4.00 3819596 0.00 655.232 18357.113
13.8000 7.6750 105.9150 375.72 4.00 3819616 0.00 657.088 18359.231
13.8562 7.2525 100.4924 376.21 4.00 3819636 0.00 658.786 18361.241
13.8562 7.2525 100.4924 376.71 4.00 3819656 0.00 660.566 18363.251
13.8562 7.2525 100.4924 377.12 4.00 3819676 0.00 661.995 18365.260
13.8562 7.2525 100.4924 377.56 4.00 3819696 0.00 663.546 18367.270
13.8225 7.3950 102.2174 377.93 4.00 3819716 0.00 664.833 18369.315
13.8225 7.3950 102.2174 378.47 4.00 3819736 0.00 666.722 18371.359
13.8225 7.3950 102.2174 378.92 4.00 3819756 0.00 668.340 18373.403
13.8225 7.3950 102.2174 379.40 4.00 3819776 0.00 670.031 18375.448
13.9050 6.7900 94.4149 379.85 4.00 3819796 0.00 671.610 18377.336
13.9050 6.7900 94.4149 380.20 4.00 3819816 0.00 672.845 18379.224
13.9050 6.7900 94.4149 380.61 4.00 3819836 0.00 674.305 18381.113
13.9738 6.3425 88.6285 380.98 4.00 3819856 0.00 675.616 18382.885
13.9738 6.3425 88.6285 381.47 4.00 3819876 0.00 677.336 18384.658
13.9738 6.3425 88.6285 381.79 4.00 3819896 0.00 678.491 18386.430
13.9738 6.3425 88.6285 382.15 4.00 3819916 0.00 679.780 18388.203
13.9425 6.5100 90.7657 382.64 4.00 3819936 0.00 681.506 18390.018
13.9425 6.5100 90.7657 382.96 4.00 3819956 0.00 682.646 18391.834
13.9425 6.5100 90.7657 383.42 4.00 3819976 0.00 684.296 18393.649
14.0212 5.9425 83.3213 383.77 4.00 3819996 0.00 685.557 18395.315
14.0212 5.9425 83.3213 384.11 4.00 3820016 0.00 686.751 18396.982
14.0212 5.9425 83.3213 384.52 4.00 3820036 0.00 688.213 18398.648
14.0212 5.9425 83.3213 384.85 4.00 3820056 0.00 689.415 18400.315
13.9975 6.0525 84.7199 385.24 4.00 3820076 0.00 690.814 18402.009
13.9975 6.0525 84.7199 385.62 4.00 3820096 0.00 692.156 18403.703
13.9975 6.0525 84.7199 385.99 4.00 3820116 0.00 693.492 18405.398
13.9975 6.0525 84.7199 386.39 4.00 3820136 0.00 694.940 18407.092
13.9725 6.1675 86.1754 386.78 4.00 3820156 0.00 696.347 18408.816
13.9725 6.1675 86.1754 387.06 4.00 3820176 0.00 697.345 18410.539
13.9725 6.1675 86.1754 387.48 4.00 3820196 0.00 698.850 18412.263
13.9875 6.0275 84.3096 387.81 4.00 3820216 0.00 700.043 18413.949
13.9875 6.0275 84.3096 388.23 4.00 3820236 0.00 701.575 18415.635
13.9875 6.0275 84.3096 388.53 4.00 3820256 0.00 702.656 18417.321
13.9875 6.0275 84.3096 388.96 4.00 3820276 0.00 704.197 18419.007
14.0837 5.3875 75.8762 389.27 4.00 3820296 0.00 705.330 18420.525
14.0837 5.3875 75.8762 389.63 4.00 3820316 0.00 706.650 18422.042
14.0837 5.3875 75.8762 389.95 4.00 3820336 0.00 707.799 18423.560
14.0500 5.6025 78.7151 390.24 4.00 3820356 0.00 708.858 18425.134
14.0500 5.6025 78.7151 390.60 4.00 3820376 0.00 710.160 18426.709
14.0500 5.6025 78.7151 390.92 4.00 3820396 0.00 711.326 18428.283
14.0500 5.6025 78.7151 391.24 4.00 3820416 0.00 712.496 18429.857
14.0700 5.3975 75.9428 391.57 4.00 3820436 0.00 713.696 18431.376
14.0700 5.3975 75.9428 391.92 4.00 3820456 0.00 714.964 18432.895
14.0700 5.3975 75.9428 392.23 4.00 3820476 0.00 716.086 18434.414
14.1237 5.0825 71.7840 392.54 4.00 3820496 0.00 717.221 18435.849
14.1237 5.0825 71.7840 392.87 4.00 3820516 0.00 718.433 18437.285
14.1237 5.0825 71.7840 393.19 4.00 3820536 0.00 719.601 18438.721
14.1237 5.0825 71.7840 393.43 4.00 3820556 0.00 720.479 18440.156
14.1750 4.7450 67.2604 393.69 4.00 3820576 0.00 721.444 18441.502
14.1750 4.7450 67.2604 393.98 4.00 3820596 0.00 722.514 18442.847
14.1750 4.7450 67.2604 394.34 4.00 3820616 0.00 723.816 18444.192
14.1750 4.7450 67.2604 394.60 4.00 3820636 0.00 724.788 18445.537
14.1275 5.0250 70.9907 394.92 4.00 3820656 0.00 725.952 18446.957
14.1275 5.0250 70.9907 395.21 4.00 3820676 0.00 727.024 18448.377
14.1275 5.0250 70.9907 395.53 4.00 3820696 0.00 728.184 18449.797
14.1762 4.6650 66.1322 395.81 4.00 3820716 0.00 729.251 18451.119
14.1762 4.6650 66.1322 396.03 4.00 3820736 0.00 730.060 18452.442
14.1762 4.6650 66.1322 396.31 4.00 3820756 0.00 731.073 18453.765
14.1762 4.6650 66.1322 396.54 4.00 3820776 0.00 731.943 18455.087
14.2125 4.4675 63.4943 396.80 4.00 3820796 0.00 732.882 18456.357
14.2125 4.4675 63.4943 397.10 4.00 3820816 0.00 733.988 18457.627
14.2125 4.4675 63.4943 397.40 4.00 3820836 0.00 735.088 18458.897
14.2125 4.4750 63.6009 397.60 4.00 3820856 0.00 735.838 18460.169
14.2125 4.4750 63.6009 397.92 4.00 3820876 0.00 737.019 18461.441
14.2125 4.4750 63.6009 398.20 4.00 3820896 0.00 738.057 18462.713
14.2125 4.4750 63.6009 398.39 4.00 3820916 0.00 738.762 18463.985
14.2112 4.4475 63.2045 398.62 4.00 3820936 0.00 739.616 18465.249
14.2112 4.4475 63.2045 398.86 4.00 3820956 0.00 740.521 18466.513
14.2112 4.4475 63.2045 399.10 4.00 3820976 0.00 741.408 18467.777
14.2112 4.4475 63.2045 399.35 4.00 3820996 0.00 742.317 18469.041
14.1712 4.6650 66.1089 399.68 4.00 3821016 0.00 743.573 18470.364
14.1712 4.6650 66.1089 400.01 4.00 3821036 0.00 744.793 18471.686
14.1712 4.6650 66.1089 400.28 4.00 3821056 0.00 745.807 18473.008
14.2050 4.4075 62.6085 400.45 4.00 3821076 0.00 746.415 18474.260
14.2050 4.4075 62.6085 400.73 4.00 3821096 0.00 747.472 18475.512
14.2050 4.4075 62.6085 401.01 4.00 3821116 0.00 748.521 18476.764
14.2050 4.4075 62.6085 401.19 4.00 3821136 0.00 749.192 18478.017
14.2225 4.3150 61.3701 401.42 4.00 3821156 0.00 750.044 18479.244
14.2225 4.3150 61.3701 401.73 4.00 3821176 0.00 751.200 18480.471
14.2225 4.3150 61.3701 401.95 4.00 3821196 0.00 752.026 18481.699
14.2825 3.9250 56.0588 402.22 4.00 3821216 0.00 753.034 18482.820
14.2825 3.9250 56.0588 402.37 4.00 3821236 0.00 753.620 18483.941
14.2825 3.9250 56.0588 402.63 4.00 3821256 0.00 754.591 18485.062
14.2825 3.9250 56.0588 402.88 4.00 3821276 0.00 755.534 18486.184
14.3387 3.6200 51.9063 403.09 4.00 3821296 0.00 756.296 18487.222
14.3387 3.6200 51.9063 403.25 4.00 3821316 0.00 756.916 18488.260
14.3387 3.6200 51.9063 403.47 4.00 3821336 0.00 757.741 18489.298
14.3387 3.9975 57.3192 403.65 4.00 3821356 0.00 758.393 18490.444
14.2787 3.9975 57.0793 403.88 4.00 3821376 0.00 759.261 18491.586
14.2787 3.9975 57.0793 404.14 4.00 3821396 0.00 760.233 18492.727
14.2787 3.9975 57.0793 404.36 4.00 3821416 0.00 761.094 18493.869
14.3225 3.6600 52.4203 404.56 4.00 3821436 0.00 761.833 18494.917
14.3225 3.6600 52.4203 404.85 4.00 3821456 0.00 762.913 18495.966
14.3225 3.6600 52.4203 405.03 4.00 3821476 0.00 763.604 18497.014
14.3225 3.6600 52.4203 405.18 4.00 3821496 0.00 764.161 18498.063
14.3038 3.7975 54.3185 405.36 4.00 3821516 0.00 764.832 18499.149
14.3038 3.7975 54.3185 405.56 4.00 3821536 0.00 765.607 18500.235
14.3038 3.7975 54.3185 405.85 4.00 3821556 0.00 766.685 18501.322
14.3575 3.4550 49.6052 406.06 4.00 3821576 0.00 767.505 18502.314
14.3575 3.4550 49.6052 406.25 4.00 3821596 0.00 768.223 18503.306
14.3575 3.4550 49.6052 406.28 4.00 3821616 0.00 768.337 18504.298
14.3575 3.4550 49.6052 406.59 4.00 3821636 0.00 769.493 18505.290
14.4137 3.1350 45.1871 406.75 4.00 3821656 0.00 770.109 18506.194
14.4137 3.1350 45.1871 406.96 4.00 3821676 0.00 770.903 18507.098
14.4137 3.1350 45.1871 407.16 4.00 3821696 0.00 771.635 18508.001
14.3937 3.2875 47.3195 407.29 4.00 3821716 0.00 772.149 18508.948
14.3937 3.2875 47.3195 407.45 4.00 3821736 0.00 772.768 18509.894
14.3937 3.2875 47.3195 407.52 4.00 3821756 0.00 773.020 18510.841
14.3937 3.2875 47.3195 407.73 4.00 3821776 0.00 773.829 18511.787
14.4562 2.9000 41.9231 407.90 4.00 3821796 0.00 774.460 18512.625
14.4562 2.9000 41.9231 408.02 4.00 3821816 0.00 774.935 18513.464
14.4562 2.9000 41.9231 408.17 4.00 3821836 0.00 775.493 18514.302
14.4562 2.9000 41.9231 408.32 4.00 3821856 0.00 776.042 18515.141
14.4700 2.8300 40.9501 408.46 4.00 3821876 0.00 776.592 18515.960
14.4700 2.8300 40.9501 408.68 4.00 3821896 0.00 777.417 18516.779
14.4700 2.8300 40.9501 408.86 4.00 3821916 0.00 778.106 18517.598
14.4650 2.8750 41.5869 408.96 4.00 3821936 0.00 778.488 18518.430
14.4650 2.8750 41.5869 409.12 4.00 3821956 0.00 779.083 18519.261
14.4650 2.8750 41.5869 409.21 4.00 3821976 0.00 779.444 18520.093
14.4650 2.8750 41.5869 409.41 4.00 3821996 0.00 780.189 18520.925
14.4625 2.8850 41.7243 409.52 4.00 3822016 0.00 780.626 18521.759
14.4625 2.8850 41.7243 409.63 4.00 3822036 0.00 781.041 18522.594
14.4625 2.8850 41.7243 409.85 4.00 3822056 0.00 781.895 18523.428
14.5200 2.5350 36.8082 409.92 4.00 3822076 0.00 782.141 18524.164
14.5200 2.5350 36.8082 410.13 4.00 3822096 0.00 782.964 18524.901
14.5200 2.5350 36.8082 410.31 4.00 3822116 0.00 783.629 18525.637
14.5200 2.5350 36.8082 410.42 4.00 3822136 0.00 784.057 18526.373
14.5300 2.5175 36.5793 410.49 4.00 3822156 0.00 784.326 18527.105
14.5300 2.5175 36.5793 410.66 4.00 3822176 0.00 784.970 18527.836
14.5300 2.5175 36.5793 410.65 4.00 3822196 0.00 784.948 18528.568
14.5300 2.5175 36.5793 410.82 4.00 3822216 0.00 785.594 18529.299
14.5625 2.3325 33.9670 410.86 4.00 3822236 0.00 785.755 18529.979
14.5625 2.3325 33.9670 411.07 4.00 3822256 0.00 786.541 18530.658
14.5625 2.3325 33.9670 411.12 4.00 3822276 0.00 786.746 18531.337
14.5075 2.6750 38.8076 411.38 4.00 3822296 0.00 787.728 18532.113
14.5075 2.6750 38.8076 411.42 4.00 3822316 0.00 787.879 18532.890
14.5075 2.6750 38.8076 411.55 4.00 3822336 0.00 788.366 18533.666
14.5075 2.6750 38.8076 411.69 4.00 3822356 0.00 788.917 18534.442
14.5450 2.4525 35.6716 411.73 4.00 3822376 0.00 789.080 18535.155
14.5450 2.4525 35.6716 411.86 4.00 3822396 0.00 789.578 18535.869
14.5450 2.4525 35.6716 412.05 4.00 3822416 0.00 790.316 18536.582
14.5325 2.5200 36.6219 412.14 4.00 3822436 0.00 790.663 18537.315
14.5325 2.5200 36.6219 412.23 4.00 3822456 0.00 790.989 18538.047
14.5325 2.5200 36.6219 412.42 4.00 3822476 0.00 791.740 18538.780
14.5325 2.5200 36.6219 412.53 4.00 3822496 0.00 792.154 18539.512
14.5462 2.4325 35.3838 412.56 4.00 3822516 0.00 792.252 18540.220
14.5462 2.4325 35.3838 412.72 4.00 3822536 0.00 792.862 18540.927
14.5462 2.4325 35.3838 412.84 4.00 3822556 0.00 793.342 18541.635
14.5962 2.1250 31.0170 412.88 4.00 3822576 0.00 793.506 18542.255
14.5962 2.1250 31.0170 413.01 4.00 3822596 0.00 793.998 18542.876
14.5962 2.1250 31.0170 413.16 4.00 3822616 0.00 794.555 18543.496
14.5962 2.1250 31.0170 413.27 4.00 3822636 0.00 794.971 18544.116
14.5700 2.3275 33.9117 413.40 4.00 3822656 0.00 795.497 18544.795
14.5700 2.3275 33.9117 413.38 4.00 3822676 0.00 795.421 18545.473
14.5700 2.3275 33.9117 413.54 4.00 3822696 0.00 796.013 18546.151
14.5700 2.3275 33.9117 413.66 4.00 3822716 0.00 796.507 18546.829
14.5887 2.2125 32.2776 413.83 4.00 3822736 0.00 797.155 18547.475
14.5887 2.2125 32.2776 413.82 4.00 3822756 0.00 797.111 18548.120
14.5887 2.2125 32.2776 413.94 4.00 3822776 0.00 797.551 18548.766
14.5912 2.1925 31.9913 414.09 4.00 3822796 0.00 798.157 18549.406
14.5912 2.1925 31.9913 414.19 4.00 3822816 0.00 798.532 18550.046
14.5912 2.1925 31.9913 414.33 4.00 3822836 0.00 799.083 18550.685
14.5912 2.1925 31.9913 414.42 4.00 3822856 0.00 799.414 18551.325
14.6087 2.1025 30.7149 414.42 4.00 3822876 0.00 799.425 18551.940
14.6087 2.1025 30.7149 414.59 4.00 3822896 0.00 800.077 18552.554
14.6087 2.1025 30.7149 414.63 4.00 3822916 0.00 800.232 18553.168
14.6137 2.0775 30.3601 414.69 4.00 3822936 0.00 800.453 18553.775
14.6137 2.0775 30.3601 414.80 4.00 3822956 0.00 800.896 18554.383
14.6137 2.0775 30.3601 414.95 4.00 3822976 0.00 801.461 18554.990
14.6137 2.0775 30.3601 414.98 4.00 3822996 0.00 801.561 18555.597
14.6337 1.9700 28.8285 415.12 4.00 3823016 0.00 802.105 18556.173
14.6337 1.9700 28.8285 415.19 4.00 3823036 0.00 802.404 18556.750
14.6337 1.9700 28.8285 415.28 4.00 3823056 0.00 802.727 18557.327
14.6337 1.9700 28.8285 415.26 4.00 3823076 0.00 802.671 18557.903
14.5900 2.2525 32.8640 415.32 4.00 3823096 0.00 802.882 18558.560
14.5900 2.2525 32.8640 415.47 4.00 3823116 0.00 803.460 18559.218
14.5900 2.2525 32.8640 415.64 4.00 3823136 0.00 804.128 18559.875
14.5837 2.2350 32.5947 415.79 4.00 3823156 0.00 804.719 18560.527
14.5837 2.2350 32.5947 415.84 4.00 3823176 0.00 804.909 18561.179
14.5837 2.2350 32.5947 415.94 4.00 3823196 0.00 805.277 18561.831
14.5837 2.2350 32.5947 416.06 4.00 3823216 0.00 805.769 18562.483
14.6700 1.7500 25.6725 416.09 4.00 3823236 0.00 805.880 18562.996
14.6700 1.7500 25.6725 416.13 4.00 3823256 0.00 806.026 18563.510
14.6700 1.7500 25.6725 416.21 4.00 3823276 0.00 806.350 18564.023
14.6987 1.6250 23.8855 416.33 4.00 3823296 0.00 806.786 18564.501
14.6987 1.6250 23.8855 416.38 4.00 3823316 0.00 806.999 18564.978
14.6987 1.6250 23.8855 416.51 4.00 3823336 0.00 807.515 18565.456
14.6987 1.6250 23.8855 416.53 4.00 3823356 0.00 807.593 18565.934
14.6512 1.9200 28.1304 416.59 4.00 3823376 0.00 807.806 18566.496
14.6512 1.9200 28.1304 416.70 4.00 3823396 0.00 808.221 18567.059
14.6512 1.9200 28.1304 416.72 4.00 3823416 0.00 808.334 18567.622
14.6512 1.8750 27.4711 416.80 4.00 3823436 0.00 808.615 18568.171
14.6575 1.8750 27.4828 416.79 4.00 3823456 0.00 808.603 18568.721
14.6575 1.8750 27.4828 416.91 4.00 3823476 0.00 809.042 18569.270
14.6575 1.8750 27.4828 416.92 4.00 3823496 0.00 809.109 18569.820
14.6375 1.9925 29.1652 417.07 4.00 3823516 0.00 809.660 18570.403
14.6375 1.9925 29.1652 417.17 4.00 3823536 0.00 810.066 18570.987
14.6375 1.9925 29.1652 417.22 4.00 3823556 0.00 810.257 18571.570
14.6375 1.9925 29.1652 417.31 4.00 3823576 0.00 810.595 18572.153
14.7000 1.6125 23.7037 417.31 4.00 3823596 0.00 810.607 18572.627
14.7000 1.6125 23.7037 417.38 4.00 3823616 0.00 810.889 18573.101
14.7000 1.6125 23.7037 417.46 4.00 3823636 0.00 811.171 18573.575
14.6925 1.6975 24.9405 417.57 4.00 3823656 0.00 811.600 18574.074
14.6925 1.6975 24.9405 417.57 4.00 3823676 0.00 811.600 18574.573
14.6925 1.6975 24.9405 417.71 4.00 3823696 0.00 812.165 18575.072
14.6925 1.6975 24.9405 417.84 4.00 3823716 0.00 812.651 18575.571
14.7037 1.6150 23.7466 417.78 4.00 3823736 0.00 812.436 18576.046
14.7037 1.6150 23.7466 417.84 4.00 3823756 0.00 812.685 18576.521
14.7037 1.6150 23.7466 417.87 4.00 3823776 0.00 812.787 18576.995
14.6875 1.7525 25.7398 417.90 4.00 3823796 0.00 812.901 18577.510
14.6875 1.7525 25.7398 418.04 4.00 3823816 0.00 813.444 18578.025
14.6875 1.7525 25.7398 418.05 4.00 3823836 0.00 813.490 18578.540
14.6875 1.7525 25.7398 418.17 4.00 3823856 0.00 813.932 18579.055
14.7050 1.6200 23.8221 418.24 4.00 3823876 0.00 814.216 18579.531
14.7050 1.6200 23.8221 418.28 4.00 3823896 0.00 814.363 18580.008
14.7050 1.6200 23.8221 418.34 4.00 3823916 0.00 814.625 18580.484
14.7050 1.6200 23.8221 418.34 4.00 3823936 0.00 814.613 18580.960
14.7100 1.6075 23.6463 418.37 4.00 3823956 0.00 814.727 18581.433
14.7100 1.6075 23.6463 418.44 4.00 3823976 0.00 815.000 18581.906
14.7100 1.6075 23.6463 418.62 4.00 3823996 0.00 815.716 18582.379
14.7200 1.5625 23.0000 418.66 4.00 3824016 0.00 815.841 18582.839
14.7200 1.5625 23.0000 418.70 4.00 3824036 0.00 816.024 18583.299
14.7200 1.5625 23.0000 418.76 4.00 3824056 0.00 816.251 18583.759
14.7200 1.5625 23.0000 418.82 4.00 3824076 0.00 816.468 18584.219
14.7238 1.5475 22.7850 418.80 4.00 3824096 0.00 816.399 18584.675
14.7238 1.5475 22.7850 418.92 4.00 3824116 0.00 816.856 18585.131
14.7238 1.5475 22.7850 418.89 4.00 3824136 0.00 816.764 18585.586
14.6775 1.8300 26.8598 419.01 4.00 3824156 0.00 817.232 18586.124
14.6775 1.8300 26.8598 419.15 4.00 3824176 0.00 817.769 18586.661
14.6775 1.8300 26.8598 419.18 4.00 3824196 0.00 817.895 18587.198
14.6775 1.8300 26.8598 419.26 4.00 3824216 0.00 818.203 18587.735
14.6900 1.7350 25.4871 419.26 4.00 3824236 0.00 818.215 18588.245
14.6900 1.7350 25.4871 419.30 4.00 3824256 0.00 818.375 18588.755
14.6900 1.7350 25.4871 419.37 4.00 3824276 0.00 818.615 18589.264
14.6900 1.7350 25.4871 419.32 4.00 3824296 0.00 818.443 18589.774
14.7050 1.6500 24.2632 419.43 4.00 3824316 0.00 818.878 18590.259
14.7050 1.6500 24.2632 419.55 4.00 3824336 0.00 819.313 18590.745
14.7050 1.6500 24.2632 419.62 4.00 3824356 0.00 819.589 18591.230
14.6912 1.7350 25.4893 419.68 4.00 3824376 0.00 819.841 18591.740
14.6912 1.7350 25.4893 419.77 4.00 3824396 0.00 820.197 18592.249
14.6912 1.7350 25.4893 419.80 4.00 3824416 0.00 820.311 18592.759
14.6912 1.7350 25.4893 419.83 4.00 3824436 0.00 820.426 18593.269
14.7013 1.6500 24.2571 419.91 4.00 3824456 0.00 820.736 18593.754
14.7013 1.6500 24.2571 420.00 4.00 3824476 0.00 821.092 18594.239
14.7013 1.6500 24.2571 419.94 4.00 3824496 0.00 820.840 18594.724
14.7575 1.3550 19.9964 420.05 4.00 3824516 0.00 821.288 18595.124
14.7575 1.3550 19.9964 420.17 4.00 3824536 0.00 821.737 18595.524
14.7575 1.3550 19.9964 420.22 4.00 3824556 0.00 821.955 18595.924
14.7575 1.3550 19.9964 420.13 4.00 3824576 0.00 821.610 18596.324
14.7287 1.5375 22.6455 420.27 4.00 3824596 0.00 822.128 18596.777
14.7287 1.5375 22.6455 420.36 4.00 3824616 0.00 822.485 18597.230
14.7287 1.5375 22.6455 420.34 4.00 3824636 0.00 822.427 18597.683
14.6975 1.7075 25.0960 420.36 4.00 3824656 0.00 822.485 18598.185
14.6975 1.7075 25.0960 420.54 4.00 3824676 0.00 823.212 18598.687
14.6975 1.7075 25.0960 420.57 4.00 3824696 0.00 823.315 18599.189
14.6975 1.7075 25.0960 420.58 4.00 3824716 0.00 823.362 18599.691
14.7087 1.6425 24.1591 420.70 4.00 3824736 0.00 823.835 18600.174
14.7087 1.6425 24.1591 420.67 4.00 3824756 0.00 823.720 18600.657
14.7087 1.6425 24.1591 420.79 4.00 3824776 0.00 824.182 18601.140
14.7087 1.6425 24.1591 420.76 4.00 3824796 0.00 824.066 18601.623
14.7525 1.3875 20.4691 420.89 4.00 3824816 0.00 824.587 18602.033
14.7525 1.3875 20.4691 420.88 4.00 3824836 0.00 824.529 18602.442
14.7525 1.3875 20.4691 420.92 4.00 3824856 0.00 824.679 18602.851
14.7125 1.6350 24.0549 421.03 4.00 3824876 0.00 825.119 18603.333
14.7125 1.6350 24.0549 421.12 4.00 3824896 0.00 825.466 18603.814
14.7125 1.6350 24.0549 421.11 4.00 3824916 0.00 825.432 18604.295
14.7125 1.6350 24.0549 421.18 4.00 3824936 0.00 825.698 18604.776
14.7825 1.2250 18.1086 421.11 4.00 3824956 0.00 825.443 18605.138
14.7825 1.2250 18.1086 421.20 4.00 3824976 0.00 825.779 18605.500
14.7825 1.2250 18.1086 421.25 4.00 3824996 0.00 825.988 18605.862
14.7825 1.2525 18.5151 421.24 4.00 3825016 0.00 825.953 18606.233
14.7825 1.2525 18.5151 421.38 4.00 3825036 0.00 826.487 18606.603
14.7825 1.2525 18.5151 421.36 4.00 3825056 0.00 826.429 18606.973
14.7825 1.2525 18.5151 421.45 4.00 3825076 0.00 826.789 18607.344
14.7337 1.5575 22.9478 421.38 4.00 3825096 0.00 826.487 18607.803
14.7337 1.5575 22.9478 421.52 4.00 3825116 0.00 827.033 18608.261
14.7337 1.5575 22.9478 421.66 4.00 3825136 0.00 827.603 18608.720
14.7337 1.5575 22.9478 421.61 4.00 3825156 0.00 827.393 18609.179
14.7387 1.5000 22.1081 421.64 4.00 3825176 0.00 827.498 18609.622
14.7387 1.5000 22.1081 421.77 4.00 3825196 0.00 828.010 18610.064
14.7387 1.5000 22.1081 421.75 4.00 3825216 0.00 827.929 18610.506
14.7850 1.2375 18.2964 421.81 4.00 3825236 0.00 828.185 18610.872
14.7850 1.2375 18.2964 421.81 4.00 3825256 0.00 828.185 18611.238
14.7850 1.2375 18.2964 421.79 4.00 3825276 0.00 828.115 18611.604
14.7850 1.2375 18.2964 421.91 4.00 3825296 0.00 828.592 18611.970
14.7937 1.2150 17.9744 421.86 4.00 3825316 0.00 828.394 18612.329
14.7937 1.2150 17.9744 421.88 4.00 3825336 0.00 828.453 18612.689
14.7937 1.2150 17.9744 421.90 4.00 3825356 0.00 828.534 18613.048
14.7937 1.2225 18.0854 422.02 4.00 3825376 0.00 828.989 18613.410
14.7937 1.2225 18.0854 422.04 4.00 3825396 0.00 829.105 18613.771
14.7937 1.2225 18.0854 421.99 4.00 3825416 0.00 828.872 18614.133
14.7937 1.2225 18.0854 422.02 4.00 3825436 0.00 829.012 18614.495
14.8162 1.0775 15.9645 422.02 4.00 3825456 0.00 829.012 18614.814
14.8162 1.0775 15.9645 422.11 4.00 3825476 0.00 829.374 18615.133
14.8162 1.0775 15.9645 422.07 4.00 3825496 0.00 829.222 18615.453
14.8162 1.2600 18.6685 422.11 4.00 3825516 0.00 829.362 18615.826
14.7937 1.2600 18.6401 422.13 4.00 3825536 0.00 829.455 18616.199
14.7937 1.2600 18.6401 422.21 4.00 3825556 0.00 829.747 18616.572
14.7937 1.2600 18.6401 422.21 4.00 3825576 0.00 829.771 18616.945
14.7700 1.3800 20.3826 422.26 4.00 3825596 0.00 829.934 18617.352
14.7700 1.3800 20.3826 422.24 4.00 3825616 0.00 829.876 18617.760
14.7700 1.3800 20.3826 422.31 4.00 3825636 0.00 830.133 18618.167
14.7700 1.3800 20.3826 422.29 4.00 3825656 0.00 830.086 18618.575
14.7875 1.2500 18.4844 422.31 4.00 3825676 0.00 830.156 18618.945
14.7875 1.2500 18.4844 422.40 4.00 3825696 0.00 830.495 18619.315
14.7875 1.2500 18.4844 422.38 4.00 3825716 0.00 830.425 18619.684
14.7750 1.3600 20.0940 422.45 4.00 3825736 0.00 830.682 18620.086
14.7750 1.3600 20.0940 422.53 4.00 3825756 0.00 830.998 18620.488
14.7750 1.3600 20.0940 422.61 4.00 3825776 0.00 831.326 18620.890
14.7750 1.3600 20.0940 422.56 4.00 3825796 0.00 831.138 18621.292
14.7987 1.2175 18.0175 422.59 4.00 3825816 0.00 831.232 18621.652
14.7987 1.2175 18.0175 422.61 4.00 3825836 0.00 831.338 18622.012
14.7987 1.2175 18.0175 422.80 4.00 3825856 0.00 832.076 18622.373
14.7238 1.6475 24.2574 422.75 4.00 3825876 0.00 831.877 18622.858
14.7238 1.6475 24.2574 422.80 4.00 3825896 0.00 832.064 18623.343
14.7238 1.6475 24.2574 422.79 4.00 3825916 0.00 832.041 18623.828
14.7238 1.6475 24.2574 422.93 4.00 3825936 0.00 832.568 18624.313
14.7737 1.3075 19.3167 422.91 4.00 3825956 0.00 832.522 18624.700
14.7737 1.3075 19.3167 422.97 4.00 3825976 0.00 832.733 18625.086
14.7737 1.3075 19.3167 423.00 4.00 3825996 0.00 832.862 18625.472
14.7737 1.3075 19.3167 423.02 4.00 3826016 0.00 832.956 18625.859
14.8275 1.0425 15.4577 423.06 4.00 3826036 0.00 833.097 18626.168
14.8275 1.0425 15.4577 423.11 4.00 3826056 0.00 833.297 18626.477
14.8275 1.0425 15.4577 423.14 4.00 3826076 0.00 833.414 18626.786
14.8175 1.1275 16.7067 423.10 4.00 3826096 0.00 833.238 18627.120
14.8175 1.1275 16.7067 423.11 4.00 3826116 0.00 833.297 18627.454
14.8175 1.1275 16.7067 423.08 4.00 3826136 0.00 833.179 18627.789
14.8175 1.1275 16.7067 423.16 4.00 3826156 0.00 833.497 18628.123
14.8762 0.7750 11.5291 423.09 4.00 3826176 0.00 833.214 18628.353
14.8762 0.7750 11.5291 423.07 4.00 3826196 0.00 833.144 18628.584
14.8762 0.7750 11.5291 423.16 4.00 3826216 0.00 833.497 18628.814
14.7825 1.3675 20.2151 423.20 4.00 3826236 0.00 833.638 18629.219
14.7825 1.3675 20.2151 423.19 4.00 3826256 0.00 833.626 18629.623
14.7825 1.3675 20.2151 423.21 4.00 3826276 0.00 833.685 18630.027
14.7825 1.3675 20.2151 423.18 4.00 3826296 0.00 833.567 18630.432
14.8263 1.0800 16.0123 423.24 4.00 3826316 0.00 833.791 18630.752
14.8263 1.0800 16.0123 423.30 4.00 3826336 0.00 834.038 18631.072
14.8263 1.0800 16.0123 423.26 4.00 3826356 0.00 833.873 18631.392
14.8263 1.0800 16.0123 423.32 4.00 3826376 0.00 834.108 18631.713
14.8237 1.1100 16.4544 423.39 4.00 3826396 0.00 834.403 18632.042
14.8237 1.1100 16.4544 423.31 4.00 3826416 0.00 834.096 18632.371
14.8237 1.1100 16.4544 423.39 4.00 3826436 0.00 834.414 18632.700
14.7850 1.3375 19.7749 423.40 4.00 3826456 0.00 834.426 18633.095
14.7850 1.3375 19.7749 423.40 4.00 3826476 0.00 834.438 18633.491
14.7850 1.3375 19.7749 423.47 4.00 3826496 0.00 834.697 18633.886
14.7850 1.3375 19.7749 423.39 4.00 3826516 0.00 834.414 18634.282
14.8212 1.1100 16.4516 423.47 4.00 3826536 0.00 834.697 18634.611
14.8212 1.1100 16.4516 423.55 4.00 3826556 0.00 835.027 18634.940
14.8212 1.1100 16.4516 423.56 4.00 3826576 0.00 835.051 18635.269
14.8087 1.2025 17.8075 423.63 4.00 3826596 0.00 835.346 18635.625
14.8087 1.2025 17.8075 423.65 4.00 3826616 0.00 835.440 18635.981
14.8087 1.2025 17.8075 423.64 4.00 3826636 0.00 835.381 18636.337
14.8087 1.2025 17.8075 423.70 4.00 3826656 0.00 835.641 18636.694
14.8525 0.9375 13.9242 423.69 4.00 3826676 0.00 835.593 18636.972
14.8525 0.9375 13.9242 423.70 4.00 3826696 0.00 835.617 18637.251
14.8525 0.9375 13.9242 423.70 4.00 3826716 0.00 835.605 18637.529
14.8462 0.9975 14.8091 423.68 4.00 3826736 0.00 835.546 18637.825
14.8462 0.9975 14.8091 423.79 4.00 3826756 0.00 835.959 18638.121
14.8462 0.9975 14.8091 423.81 4.00 3826776 0.00 836.066 18638.418
14.8462 0.9975 14.8091 423.77 4.00 3826796 0.00 835.912 18638.714
14.8325 1.0875 16.1303 423.76 4.00 3826816 0.00 835.853 18639.036
14.8325 1.0875 16.1303 423.78 4.00 3826836 0.00 835.924 18639.359
14.8325 1.0875 16.1303 423.72 4.00 3826856 0.00 835.688 18639.682
14.8325 1.0875 16.1303 423.69 4.00 3826876 0.00 835.581 18640.004
14.8312 1.1075 16.4256 423.76 4.00 3826896 0.00 835.865 18640.333
14.8312 1.1075 16.4256 423.80 4.00 3826916 0.00 836.007 18640.661
14.8312 1.1075 16.4256 423.84 4.00 3826936 0.00 836.184 18640.990
14.8562 0.9400 13.9649 423.84 4.00 3826956 0.00 836.172 18641.269
14.8562 0.9400 13.9649 423.92 4.00 3826976 0.00 836.491 18641.548
14.8562 0.9400 13.9649 423.90 4.00 3826996 0.00 836.396 18641.828
14.8562 0.9400 13.9649 423.91 4.00 3827016 0.00 836.444 18642.107
14.8525 0.9925 14.7411 423.87 4.00 3827036 0.00 836.278 18642.402
14.8525 0.9925 14.7411 423.88 4.00 3827056 0.00 836.326 18642.697
14.8525 0.9925 14.7411 423.94 4.00 3827076 0.00 836.550 18642.991
14.7937 1.3075 19.3428 424.00 4.00 3827096 0.00 836.786 18643.378
14.7937 1.3075 19.3428 423.97 4.00 3827116 0.00 836.680 18643.765
14.7937 1.3075 19.3428 423.96 4.00 3827136 0.00 836.633 18644.152
14.7937 1.3075 19.3428 424.03 4.00 3827156 0.00 836.905 18644.539
14.8625 0.9200 13.6735 424.03 4.00 3827176 0.00 836.905 18644.812
14.8625 0.9200 13.6735 424.01 4.00 3827196 0.00 836.858 18645.086
14.8625 0.9200 13.6735 424.09 4.00 3827216 0.00 837.165 18645.359
14.8625 0.9200 13.6735 424.12 4.00 3827236 0.00 837.283 18645.633
14.8362 1.0850 16.0973 424.18 4.00 3827256 0.00 837.520 18645.955
14.8362 1.0850 16.0973 424.16 4.00 3827276 0.00 837.449 18646.277
14.8362 1.0850 16.0973 424.17 4.00 3827296 0.00 837.461 18646.599
14.8500 1.0175 15.1099 424.12 4.00 3827316 0.00 837.272 18646.901
14.8500 1.0175 15.1099 424.19 4.00 3827336 0.00 837.568 18647.203
14.8500 1.0175 15.1099 424.18 4.00 3827356 0.00 837.508 18647.505
14.8500 1.0175 15.1099 424.16 4.00 3827376 0.00 837.425 18647.807
14.7762 1.4300 21.1300 424.21 4.00 3827396 0.00 837.651 18648.230
14.7762 1.4300 21.1300 424.25 4.00 3827416 0.00 837.781 18648.653
14.7762 1.4300 21.1300 424.31 4.00 3827436 0.00 838.018 18649.075
14.7625 1.5000 22.1437 424.33 4.00 3827456 0.00 838.089 18649.518
14.7625 1.5000 22.1437 424.42 4.00 3827476 0.00 838.480 18649.961
14.7625 1.5000 22.1437 424.42 4.00 3827496 0.00 838.468 18650.404
14.7625 1.5000 22.1437 424.47 4.00 3827516 0.00 838.646 18650.847
14.8987 0.6650 9.9077 424.41 4.00 3827536 0.00 838.421 18651.045
14.8987 0.6650 9.9077 424.49 4.00 3827556 0.00 838.753 18651.243
14.8987 0.6650 9.9077 424.51 4.00 3827576 0.00 838.824 18651.441
14.8550 1.0075 14.9664 424.56 4.00 3827596 0.00 839.014 18651.740
14.8550 1.0075 14.9664 424.49 4.00 3827616 0.00 838.729 18652.040
14.8550 1.0075 14.9664 424.51 4.00 3827636 0.00 838.824 18652.339
14.8550 1.0075 14.9664 424.49 4.00 3827656 0.00 838.729 18652.638
14.8400 1.0750 15.9530 424.49 4.00 3827676 0.00 838.753 18652.957
14.8400 1.0750 15.9530 424.51 4.00 3827696 0.00 838.824 18653.277
14.8400 1.0750 15.9530 424.42 4.00 3827716 0.00 838.468 18653.596
14.8400 1.0750 15.9530 424.50 4.00 3827736 0.00 838.765 18653.915
14.8337 1.1150 16.5396 424.54 4.00 3827756 0.00 838.943 18654.245
14.8337 1.1150 16.5396 424.57 4.00 3827776 0.00 839.050 18654.576
14.8337 1.1150 16.5396 424.63 4.00 3827796 0.00 839.288 18654.907
14.8225 1.1675 17.3053 424.55 4.00 3827816 0.00 838.967 18655.253
14.8225 1.1675 17.3053 424.59 4.00 3827836 0.00 839.133 18655.599
14.8225 1.1675 17.3053 424.65 4.00 3827856 0.00 839.371 18655.945
14.8225 1.1675 17.3053 424.68 4.00 3827876 0.00 839.478 18656.291
14.8687 0.9050 13.4562 424.65 4.00 3827896 0.00 839.359 18656.561
14.8687 0.9050 13.4562 424.73 4.00 3827916 0.00 839.703 18656.830
14.8687 0.9050 13.4562 424.69 4.00 3827936 0.00 839.549 18657.099
14.7700 1.4950 22.0811 424.79 4.00 3827956 0.00 839.929 18657.540
14.7700 1.4950 22.0811 424.77 4.00 3827976 0.00 839.846 18657.982
14.7700 1.4950 22.0811 424.84 4.00 3827996 0.00 840.108 18658.424
14.7700 1.4950 22.0811 424.78 4.00 3828016 0.00 839.870 18658.865
14.7850 1.3525 19.9967 424.90 4.00 3828036 0.00 840.370 18659.265
14.7850 1.3525 19.9967 424.85 4.00 3828056 0.00 840.179 18659.665
14.7850 1.3525 19.9967 424.94 4.00 3828076 0.00 840.524 18660.065
14.7850 1.3525 19.9967 425.00 4.00 3828096 0.00 840.751 18660.465
14.8925 0.7550 11.2438 425.01 4.00 3828116 0.00 840.798 18660.690
14.8925 0.7550 11.2438 424.96 4.00 3828136 0.00 840.596 18660.915
14.8925 0.7550 11.2438 425.02 4.00 3828156 0.00 840.834 18661.140
14.8337 1.1250 16.6880 424.97 4.00 3828176 0.00 840.655 18661.473
14.8337 1.1250 16.6880 424.98 4.00 3828196 0.00 840.691 18661.807
14.8337 1.1250 16.6880 424.96 4.00 3828216 0.00 840.596 18662.141
14.8337 1.1250 16.6880 424.91 4.00 3828236 0.00 840.417 18662.475
14.8438 1.0625 15.7715 424.95 4.00 3828256 0.00 840.548 18662.790
14.8438 1.0625 15.7715 425.06 4.00 3828276 0.00 840.977 18663.106
14.8438 1.0625 15.7715 425.12 4.00 3828296 0.00 841.227 18663.421
14.8575 0.9725 14.4489 425.09 4.00 3828316 0.00 841.108 18663.710
14.8575 0.9725 14.4489 425.15 4.00 3828336 0.00 841.335 18663.999
14.8575 0.9725 14.4489 425.12 4.00 3828356 0.00 841.239 18664.288
14.8575 0.9725 14.4489 425.17 4.00 3828376 0.00 841.430 18664.577
14.8187 1.2250 18.1530 425.12 4.00 3828396 0.00 841.239 18664.940
14.8187 1.2250 18.1530 425.17 4.00 3828416 0.00 841.418 18665.303
14.8187 1.2250 18.1530 425.21 4.00 3828436 0.00 841.597 18665.666
14.8187 1.2250 18.1530 425.22 4.00 3828456 0.00 841.609 18666.029
14.8488 1.0050 14.9230 425.21 4.00 3828476 0.00 841.573 18666.328
14.8488 1.0050 14.9230 425.28 4.00 3828496 0.00 841.871 18666.626
14.8488 1.0050 14.9230 425.28 4.00 3828516 0.00 841.859 18666.925
14.8862 0.8175 12.1695 425.32 4.00 3828536 0.00 842.026 18667.168
14.8862 0.8175 12.1695 425.24 4.00 3828556 0.00 841.704 18667.411
14.8862 0.8175 12.1695 425.36 4.00 3828576 0.00 842.194 18667.655
14.8862 0.8175 12.1695 425.32 4.00 3828596 0.00 842.014 18667.898
14.8775 0.8900 13.2410 425.33 4.00 3828616 0.00 842.062 18668.163
14.8775 0.8900 13.2410 425.28 4.00 3828636 0.00 841.859 18668.428
14.8775 0.8900 13.2410 425.21 4.00 3828656 0.00 841.573 18668.693
14.8537 1.0300 15.2994 425.26 4.00 3828676 0.00 841.800 18668.999
14.8537 1.0300 15.2994 425.30 4.00 3828696 0.00 841.931 18669.305
14.8537 1.0300 15.2994 425.16 4.00 3828716 0.00 841.382 18669.610
14.8537 1.0300 15.2994 425.23 4.00 3828736 0.00 841.680 18669.916
14.8337 1.1550 17.1330 425.27 4.00 3828756 0.00 841.836 18670.259
14.8337 1.1550 17.1330 425.40 4.00 3828776 0.00 842.337 18670.602
14.8337 1.1550 17.1330 425.37 4.00 3828796 0.00 842.230 18670.944
14.8587 0.9725 14.4501 425.30 4.00 3828816 0.00 841.943 18671.233
14.8587 0.9725 14.4501 425.33 4.00 3828836 0.00 842.074 18671.522
14.8587 0.9725 14.4501 425.42 4.00 3828856 0.00 842.432 18671.811
14.8587 0.9725 14.4501 425.37 4.00 3828876 0.00 842.206 18672.100
14.8263 1.1850 17.5691 425.37 4.00 3828896 0.00 842.230 18672.452
14.8263 1.1850 17.5691 425.37 4.00 3828916 0.00 842.206 18672.803
14.8263 1.1850 17.5691 425.44 4.00 3828936 0.00 842.492 18673.155
14.8263 1.1850 17.5691 425.47 4.00 3828956 0.00 842.612 18673.506
14.8488 1.0275 15.2571 425.51 4.00 3828976 0.00 842.791 18673.811
14.8488 1.0275 15.2571 425.44 4.00 3828996 0.00 842.492 18674.116
14.8488 1.0275 15.2571 425.49 4.00 3829016 0.00 842.707 18674.421
14.8962 0.7850 11.6936 425.51 4.00 3829036 0.00 842.791 18674.655
14.8962 0.7850 11.6936 425.56 4.00 3829056 0.00 842.958 18674.889
14.8962 0.7850 11.6936 425.48 4.00 3829076 0.00 842.659 18675.123
14.8962 0.7850 11.6936 425.47 4.00 3829096 0.00 842.612 18675.357
14.8850 0.8700 12.9499 425.53 4.00 3829116 0.00 842.839 18675.616
14.8850 0.8700 12.9499 425.51 4.00 3829136 0.00 842.779 18675.875
14.8850 0.8700 12.9499 425.54 4.00 3829156 0.00 842.899 18676.134
14.8325 1.1450 16.9832 425.58 4.00 3829176 0.00 843.042 18676.474
14.8325 1.1450 16.9832 425.53 4.00 3829196 0.00 842.875 18676.813
14.8325 1.1450 16.9832 425.55 4.00 3829216 0.00 842.935 18677.153
14.8325 1.1450 16.9832 425.57 4.00 3829236 0.00 843.030 18677.493
14.8800 0.8825 13.1316 425.58 4.00 3829256 0.00 843.042 18677.755
14.8800 0.8825 13.1316 425.59 4.00 3829276 0.00 843.090 18678.018
14.8800 0.8825 13.1316 425.67 4.00 3829296 0.00 843.413 18678.280
14.8800 0.8825 13.1316 425.68 4.00 3829316 0.00 843.461 18678.543
14.8462 1.0700 15.8855 425.67 4.00 3829336 0.00 843.401 18678.861
14.8462 1.0700 15.8855 425.63 4.00 3829356 0.00 843.269 18679.179
14.8462 1.0700 15.8855 425.64 4.00 3829376 0.00 843.281 18679.496
14.8937 0.8000 11.9150 425.59 4.00 3829396 0.00 843.102 18679.735
14.8937 0.8000 11.9150 425.67 4.00 3829416 0.00 843.413 18679.973
14.8937 0.8000 11.9150 425.67 4.00 3829436 0.00 843.413 18680.211
14.8937 0.8000 11.9150 425.66 4.00 3829456 0.00 843.365 18680.449
14.8687 0.9650 14.3483 425.64 4.00 3829476 0.00 843.293 18680.736
14.8687 0.9650 14.3483 425.67 4.00 3829496 0.00 843.425 18681.023
14.8687 0.9650 14.3483 425.73 4.00 3829516 0.00 843.652 18681.310
14.8212 1.2575 18.6377 425.70 4.00 3829536 0.00 843.521 18681.683
14.8212 1.2575 18.6377 425.67 4.00 3829556 0.00 843.401 18682.056
14.8212 1.2575 18.6377 425.66 4.00 3829576 0.00 843.377 18682.429
14.8212 1.2575 18.6377 425.75 4.00 3829596 0.00 843.736 18682.801
14.8750 0.8875 13.2016 425.77 4.00 3829616 0.00 843.796 18683.065
14.8750 0.8875 13.2016 425.82 4.00 3829636 0.00 844.000 18683.329
14.8750 0.8875 13.2016 425.73 4.00 3829656 0.00 843.664 18683.593
14.8425 1.1200 16.6236 425.89 4.00 3829676 0.00 844.263 18683.926
14.8425 1.1200 16.6236 425.85 4.00 3829696 0.00 844.107 18684.258
14.8425 1.1200 16.6236 425.82 4.00 3829716 0.00 844.000 18684.591
14.8425 1.1200 16.6236 425.78 4.00 3829736 0.00 843.832 18684.923
14.8700 0.9350 13.9034 425.79 4.00 3829756 0.00 843.868 18685.201
14.8700 0.9350 13.9034 425.83 4.00 3829776 0.00 844.036 18685.479
14.8700 0.9350 13.9034 425.90 4.00 3829796 0.00 844.335 18685.758
14.8700 0.9350 13.9034 425.75 4.00 3829816 0.00 843.712 18686.036
14.9262 0.6150 9.1796 425.83 4.00 3829836 0.00 844.047 18686.219
14.9262 0.6150 9.1796 425.84 4.00 3829856 0.00 844.095 18686.403
14.9262 0.6150 9.1796 425.81 4.00 3829876 0.00 843.964 18686.586
14.8612 1.0500 15.6043 425.83 4.00 3829896 0.00 844.036 18686.898
14.8612 1.0500 15.6043 425.77 4.00 3829916 0.00 843.796 18687.211
14.8612 1.0500 15.6043 425.80 4.00 3829936 0.00 843.928 18687.523
14.8612 1.0500 15.6043 425.85 4.00 3829956 0.00 844.107 18687.835
14.8350 1.1600 17.2086 425.91 4.00 3829976 0.00 844.371 18688.179
14.8350 1.1600 17.2086 425.89 4.00 3829996 0.00 844.263 18688.523
14.8350 1.1600 17.2086 425.89 4.00 3830016 0.00 844.263 18688.867
14.8712 0.9250 13.7559 425.98 4.00 3830036 0.00 844.635 18689.142
14.8712 0.9250 13.7559 425.93 4.00 3830056 0.00 844.455 18689.417
14.8712 0.9250 13.7559 425.92 4.00 3830076 0.00 844.383 18689.693
14.8712 0.9250 13.7559 426.00 4.00 3830096 0.00 844.707 18689.968
14.9063 0.7550 11.2542 425.86 4.00 3830116 0.00 844.179 18690.193
14.9063 0.7550 11.2542 425.92 4.00 3830136 0.00 844.419 18690.418
14.9063 0.7550 11.2542 425.91 4.00 3830156 0.00 844.371 18690.643
14.9063 0.7550 11.2542 425.88 4.00 3830176 0.00 844.239 18690.868
14.8462 1.1150 16.5536 425.89 4.00 3830196 0.00 844.287 18691.199
14.8462 1.1150 16.5536 425.95 4.00 3830216 0.00 844.527 18691.530
14.8462 1.1150 16.5536 425.94 4.00 3830236 0.00 844.479 18691.861
14.8650 0.9750 14.4934 425.98 4.00 3830256 0.00 844.647 18692.151
14.8650 0.9750 14.4934 425.97 4.00 3830276 0.00 844.599 18692.441
14.8650 0.9750 14.4934 426.08 4.00 3830296 0.00 845.031 18692.731
14.8650 0.9750 14.4934 426.02 4.00 3830316 0.00 844.815 18693.021
14.8712 0.9475 14.0905 426.06 4.00 3830336 0.00 844.947 18693.303
14.8712 0.9475 14.0905 426.00 4.00 3830356 0.00 844.707 18693.584
14.8712 0.9475 14.0905 426.03 4.00 3830376 0.00 844.827 18693.866
14.8875 0.8550 12.7288 426.10 4.00 3830396 0.00 845.103 18694.121
14.8875 0.8550 12.7288 426.03 4.00 3830416 0.00 844.839 18694.375
14.8875 0.8550 12.7288 425.99 4.00 3830436 0.00 844.659 18694.630
14.8875 0.8550 12.7288 426.02 4.00 3830456 0.00 844.815 18694.884
14.9175 0.7025 10.4795 426.04 4.00 3830476 0.00 844.863 18695.094
14.9175 0.7025 10.4795 426.02 4.00 3830496 0.00 844.815 18695.304
14.9175 0.7025 10.4795 425.90 4.00 3830516 0.00 844.335 18695.513
14.9175 0.8200 12.2323 425.96 4.00 3830536 0.00 844.563 18695.758
14.9000 0.8200 12.2180 425.98 4.00 3830556 0.00 844.635 18696.002
14.9000 0.8200 12.2180 425.96 4.00 3830576 0.00 844.575 18696.247
14.9000 0.8200 12.2180 425.90 4.00 3830596 0.00 844.335 18696.491
14.8825 0.9400 13.9895 425.95 4.00 3830616 0.00 844.515 18696.771
14.8825 0.9400 13.9895 426.00 4.00 3830636 0.00 844.707 18697.051
14.8825 0.9400 13.9895 425.99 4.00 3830656 0.00 844.683 18697.330
14.8825 0.9400 13.9895 425.99 4.00 3830676 0.00 844.671 18697.610
14.8825 0.9025 13.4315 425.97 4.00 3830696 0.00 844.599 18697.879
14.8825 0.9025 13.4315 425.96 4.00 3830716 0.00 844.563 18698.147
14.8825 0.9025 13.4315 426.02 4.00 3830736 0.00 844.815 18698.416
14.9012 0.7975 11.8837 425.96 4.00 3830756 0.00 844.575 18698.654
14.9012 0.7975 11.8837 425.99 4.00 3830776 0.00 844.683 18698.891
14.9012 0.7975 11.8837 426.03 4.00 3830796 0.00 844.839 18699.129
14.9012 0.7975 11.8837 426.02 4.00 3830816 0.00 844.803 18699.367
14.8275 1.2525 18.5714 426.02 4.00 3830836 0.00 844.779 18699.738
14.8275 1.2525 18.5714 426.04 4.00 3830856 0.00 844.863 18700.110
14.8275 1.2525 18.5714 426.00 4.00 3830876 0.00 844.731 18700.481
14.8687 0.9775 14.5342 426.07 4.00 3830896 0.00 844.983 18700.772
14.8687 0.9775 14.5342 426.02 4.00 3830916 0.00 844.803 18701.062
14.8687 0.9775 14.5342 426.16 4.00 3830936 0.00 845.367 18701.353
14.8687 0.9775 14.5342 426.15 4.00 3830956 0.00 845.295 18701.644
14.8462 1.1100 16.4793 426.22 4.00 3830976 0.00 845.607 18701.973
14.8462 1.1100 16.4793 426.22 4.00 3830996 0.00 845.595 18702.303
14.8462 1.1100 16.4793 426.13 4.00 3831016 0.00 845.223 18702.632
14.8462 1.1100 16.4793 426.11 4.00 3831036 0.00 845.151 18702.962
14.8975 0.8125 12.1042 426.17 4.00 3831056 0.00 845.379 18703.204
14.8975 0.8125 12.1042 426.15 4.00 3831076 0.00 845.331 18703.446
14.8975 0.8125 12.1042 426.17 4.00 3831096 0.00 845.379 18703.688
14.8512 1.1125 16.5220 426.13 4.00 3831116 0.00 845.247 18704.019
14.8512 1.1125 16.5220 426.16 4.00 3831136 0.00 845.367 18704.349
14.8512 1.1125 16.5220 426.27 4.00 3831156 0.00 845.787 18704.680
14.8512 1.1125 16.5220 426.22 4.00 3831176 0.00 845.583 18705.010
14.8712 0.9600 14.2764 426.26 4.00 3831196 0.00 845.751 18705.296
14.8712 0.9600 14.2764 426.15 4.00 3831216 0.00 845.319 18705.581
14.8712 0.9600 14.2764 426.27 4.00 3831236 0.00 845.799 18705.867
14.8925 0.8300 12.3608 426.22 4.00 3831256 0.00 845.583 18706.114
14.8925 0.8300 12.3608 426.19 4.00 3831276 0.00 845.463 18706.361
14.8925 0.8300 12.3608 426.15 4.00 3831296 0.00 845.331 18706.608
14.8925 0.8300 12.3608 426.23 4.00 3831316 0.00 845.619 18706.856
14.9050 0.7700 11.4768 426.18 4.00 3831336 0.00 845.439 18707.085
14.9050 0.7700 11.4768 426.20 4.00 3831356 0.00 845.511 18707.315
14.9050 0.7700 11.4768 426.14 4.00 3831376 0.00 845.271 18707.544
14.9050 0.7700 11.4768 426.13 4.00 3831396 0.00 845.235 18707.774
14.9050 0.8075 12.0358 426.15 4.00 3831416 0.00 845.307 18708.014
14.9050 0.8075 12.0358 426.20 4.00 3831436 0.00 845.523 18708.255
14.9050 0.8075 12.0358 426.18 4.00 3831456 0.00 845.415 18708.496
14.9063 0.7800 11.6269 426.21 4.00 3831476 0.00 845.547 18708.728
14.9063 0.7800 11.6269 426.21 4.00 3831496 0.00 845.547 18708.961
14.9063 0.7800 11.6269 426.23 4.00 3831516 0.00 845.619 18709.193
14.9063 0.7800 11.6269 426.20 4.00 3831536 0.00 845.511 18709.426
14.8950 0.8575 12.7725 426.20 4.00 3831556 0.00 845.499 18709.681
14.8950 0.8575 12.7725 426.16 4.00 3831576 0.00 845.355 18709.937
14.8950 0.8575 12.7725 426.15 4.00 3831596 0.00 845.307 18710.192
14.8550 1.0975 16.3034 426.12 4.00 3831616 0.00 845.187 18710.518
14.8550 1.0975 16.3034 426.16 4.00 3831636 0.00 845.367 18710.844
14.8550 1.0975 16.3034 426.22 4.00 3831656 0.00 845.607 18711.171
14.8550 1.0975 16.3034 426.22 4.00 3831676 0.00 845.583 18711.497
14.8587 1.0400 15.4531 426.25 4.00 3831696 0.00 845.703 18711.806
14.8587 1.0400 15.4531 426.24 4.00 3831716 0.00 845.667 18712.115
14.8587 1.0400 15.4531 426.25 4.00 3831736 0.00 845.727 18712.424
14.9125 0.7375 10.9980 426.29 4.00 3831756 0.00 845.860 18712.644
14.9125 0.7375 10.9980 426.25 4.00 3831776 0.00 845.715 18712.864
14.9125 0.7375 10.9980 426.33 4.00 3831796 0.00 846.040 18713.084
14.9125 0.7375 10.9980 426.32 4.00 3831816 0.00 845.992 18713.304
14.8300 1.2400 18.3892 426.33 4.00 3831836 0.00 846.016 18713.671
14.8300 1.2400 18.3892 426.30 4.00 3831856 0.00 845.920 18714.039
14.8300 1.2400 18.3892 426.32 4.00 3831876 0.00 846.004 18714.407
14.8300 1.2400 18.3892 426.32 4.00 3831896 0.00 845.992 18714.775
14.8762 0.9475 14.0952 426.45 4.00 3831916 0.00 846.509 18715.057
14.8762 0.9475 14.0952 426.27 4.00 3831936 0.00 845.787 18715.339
14.8762 0.9475 14.0952 426.38 4.00 3831956 0.00 846.208 18715.620
14.8750 0.9775 14.5403 426.36 4.00 3831976 0.00 846.148 18715.911
14.8750 0.9775 14.5403 426.38 4.00 3831996 0.00 846.208 18716.202
14.8750 0.9775 14.5403 426.39 4.00 3832016 0.00 846.268 18716.493
14.8750 0.9775 14.5403 426.35 4.00 3832036 0.00 846.100 18716.784
14.8387 1.1500 17.0646 426.22 4.00 3832056 0.00 845.571 18717.125
14.8387 1.1500 17.0646 426.40 4.00 3832076 0.00 846.316 18717.466
14.8387 1.1500 17.0646 426.36 4.00 3832096 0.00 846.148 18717.808
14.8675 1.0125 15.0533 426.36 4.00 3832116 0.00 846.136 18718.109
14.8675 1.0125 15.0533 426.43 4.00 3832136 0.00 846.425 18718.410
14.8675 1.0125 15.0533 426.43 4.00 3832156 0.00 846.437 18718.711
14.8675 1.0125 15.0533 426.51 4.00 3832176 0.00 846.726 18719.012
14.8537 1.0750 15.9678 426.51 4.00 3832196 0.00 846.738 18719.331
14.8537 1.0750 15.9678 426.46 4.00 3832216 0.00 846.557 18719.651
14.8537 1.0750 15.9678 426.48 4.00 3832236 0.00 846.617 18719.970
14.8537 1.0750 15.9678 426.54 4.00 3832256 0.00 846.858 18720.289
14.9000 0.7975 11.8827 426.46 4.00 3832276 0.00 846.557 18720.527
14.9000 0.7975 11.8827 426.48 4.00 3832296 0.00 846.617 18720.765
14.9000 0.7975 11.8827 426.50 4.00 3832316 0.00 846.713 18721.002
14.8812 0.9300 13.8396 426.56 4.00 3832336 0.00 846.942 18721.279
14.8812 0.9300 13.8396 426.55 4.00 3832356 0.00 846.918 18721.556
14.8812 0.9300 13.8396 426.60 4.00 3832376 0.00 847.111 18721.833
14.8812 0.9300 13.8396 426.57 4.00 3832396 0.00 846.966 18722.109
14.8438 1.1325 16.8105 426.62 4.00 3832416 0.00 847.195 18722.446
14.8438 1.1325 16.8105 426.58 4.00 3832436 0.00 847.015 18722.782
14.8438 1.1325 16.8105 426.60 4.00 3832456 0.00 847.099 18723.118
14.8962 0.8400 12.5128 426.60 4.00 3832476 0.00 847.087 18723.368
14.8962 0.8400 12.5128 426.62 4.00 3832496 0.00 847.183 18723.619
14.8962 0.8400 12.5128 426.56 4.00 3832516 0.00 846.930 18723.869
14.8962 0.8400 12.5128 426.62 4.00 3832536 0.00 847.195 18724.119
14.9125 0.7325 10.9234 426.55 4.00 3832556 0.00 846.894 18724.338
14.9125 0.7325 10.9234 426.56 4.00 3832576 0.00 846.942 18724.556
14.9125 0.7325 10.9234 426.67 4.00 3832596 0.00 847.364 18724.774
14.9125 0.9250 13.7941 426.51 4.00 3832616 0.00 846.750 18725.050
14.8862 0.9250 13.7698 426.53 4.00 3832636 0.00 846.822 18725.326
14.8862 0.9250 13.7698 426.55 4.00 3832656 0.00 846.918 18725.601
14.8862 0.9250 13.7698 426.57 4.00 3832676 0.00 846.990 18725.877
14.8900 0.8625 12.8426 426.57 4.00 3832696 0.00 846.990 18726.133
14.8900 0.8625 12.8426 426.53 4.00 3832716 0.00 846.834 18726.390
14.8900 0.8625 12.8426 426.53 4.00 3832736 0.00 846.834 18726.647
14.8900 0.8625 12.8426 426.58 4.00 3832756 0.00 847.027 18726.904
14.8737 0.9900 14.7250 426.58 4.00 3832776 0.00 847.015 18727.198
14.8737 0.9900 14.7250 426.57 4.00 3832796 0.00 846.990 18727.493
14.8737 0.9900 14.7250 426.63 4.00 3832816 0.00 847.219 18727.787
14.8737 0.9675 14.3904 426.68 4.00 3832836 0.00 847.400 18728.075
14.8737 0.9675 14.3904 426.69 4.00 3832856 0.00 847.448 18728.363
14.8737 0.9675 14.3904 426.60 4.00 3832876 0.00 847.099 18728.651
14.8737 0.9675 14.3904 426.58 4.00 3832896 0.00 847.039 18728.939
14.9362 0.6025 8.9991 426.63 4.00 3832916 0.00 847.219 18729.119
14.9362 0.6025 8.9991 426.59 4.00 3832936 0.00 847.075 18729.299
14.9362 0.6025 8.9991 426.61 4.00 3832956 0.00 847.123 18729.479
14.8800 0.9750 14.5080 426.57 4.00 3832976 0.00 846.966 18729.769
14.8800 0.9750 14.5080 426.52 4.00 3832996 0.00 846.774 18730.059
14.8800 0.9750 14.5080 426.58 4.00 3833016 0.00 847.027 18730.349
14.8800 0.9750 14.5080 426.62 4.00 3833036 0.00 847.195 18730.639
14.8812 0.9250 13.7652 426.53 4.00 3833056 0.00 846.834 18730.915
14.8812 0.9250 13.7652 426.58 4.00 3833076 0.00 847.039 18731.190
14.8812 0.9250 13.7652 426.57 4.00 3833096 0.00 846.978 18731.465
14.8812 0.9250 13.7652 426.58 4.00 3833116 0.00 847.003 18731.740
14.9212 0.7075 10.5568 426.59 4.00 3833136 0.00 847.075 18731.952
14.9212 0.7075 10.5568 426.64 4.00 3833156 0.00 847.243 18732.163
14.9212 0.7075 10.5568 426.61 4.00 3833176 0.00 847.135 18732.374
14.8275 1.2725 18.8680 426.67 4.00 3833196 0.00 847.388 18732.751
14.8275 1.2725 18.8680 426.61 4.00 3833216 0.00 847.135 18733.129
14.8275 1.2725 18.8680 426.59 4.00 3833236 0.00 847.051 18733.506
14.8275 1.2725 18.8680 426.60 4.00 3833256 0.00 847.111 18733.883
14.9000 0.8050 11.9945 426.58 4.00 3833276 0.00 847.003 18734.123
14.9000 0.8050 11.9945 426.60 4.00 3833296 0.00 847.099 18734.363
14.9000 0.8050 11.9945 426.58 4.00 3833316 0.00 847.027 18734.603
14.8975 0.8550 12.7374 426.65 4.00 3833336 0.00 847.280 18734.858
14.8975 0.8550 12.7374 426.65 4.00 3833356 0.00 847.280 18735.112
14.8975 0.8550 12.7374 426.60 4.00 3833376 0.00 847.111 18735.367
14.8975 0.8550 12.7374 426.64 4.00 3833396 0.00 847.243 18735.622
14.9137 0.7350 10.9616 426.66 4.00 3833416 0.00 847.352 18735.841
14.9137 0.7350 10.9616 426.59 4.00 3833436 0.00 847.051 18736.060
14.9137 0.7350 10.9616 426.60 4.00 3833456 0.00 847.111 18736.280
14.9137 0.7350 10.9616 426.54 4.00 3833476 0.00 846.858 18736.499
14.9262 0.6950 10.3737 426.60 4.00 3833496 0.00 847.099 18736.706
14.9262 0.6950 10.3737 426.55 4.00 3833516 0.00 846.906 18736.914
14.9262 0.6950 10.3737 426.53 4.00 3833536 0.00 846.834 18737.121
15.0375 0.0425 0.6391 426.46 4.00 3833556 0.00 846.533 18737.134
15.0375 0.0425 0.6391 426.43 4.00 3833576 0.00 846.413 18737.147
15.0375 0.0425 0.6391 426.40 4.00 3833596 0.00 846.316 18737.160
15.0375 0.0425 0.6391 426.39 4.00 3833616 0.00 846.256 18737.172
15.0475 0.0400 0.6019 426.28 4.00 3833636 0.00 845.823 18737.184
15.0475 0.0400 0.6019 426.29 4.00 3833656 0.00 845.884 18737.197
15.0475 0.0400 0.6019 426.25 4.00 3833676 0.00 845.703 18737.209
15.0500 0.0400 0.6020 426.18 4.00 3833696 0.00 845.415 18737.221
15.0500 0.0400 0.6020 426.11 4.00 3833716 0.00 845.163 18737.233
15.0500 0.0400 0.6020 426.06 4.00 3833736 0.00 844.947 18737.245
15.0500 0.0400 0.6020 425.89 4.00 3833756 0.00 844.263 18737.257
15.0538 0.0400 0.6021 425.95 4.00 3833776 0.00 844.539 18737.269
15.0538 0.0400 0.6021 425.82 4.00 3833796 0.00 843.988 18737.281
15.0538 0.0400 0.6021 425.78 4.00 3833816 0.00 843.832 18737.293
15.0575 0.0400 0.6023 425.81 4.00 3833836 0.00 843.964 18737.305
15.0575 0.0400 0.6023 425.73 4.00 3833856 0.00 843.664 18737.317
15.0575 0.0400 0.6023 425.66 4.00 3833876 0.00 843.353 18737.329
15.0575 0.0400 0.6023 425.63 4.00 3833896 0.00 843.233 18737.341
15.0600 0.0400 0.6024 425.49 4.00 3833916 0.00 842.707 18737.353
15.0600 0.0400 0.6024 425.53 4.00 3833936 0.00 842.851 18737.365
15.0600 0.0400 0.6024 425.40 4.00 3833956 0.00 842.325 18737.377
15.0600 0.0400 0.6024 425.36 4.00 3833976 0.00 842.170 18737.389
15.0612 0.0400 0.6024 425.37 4.00 3833996 0.00 842.206 18737.401
15.0612 0.0400 0.6024 425.28 4.00 3834016 0.00 841.847 18737.413
15.0612 0.0400 0.6024 425.20 4.00 3834036 0.00 841.561 18737.425
15.0637 0.0400 0.6025 425.20 4.00 3834056 0.00 841.537 18737.437
15.0637 0.0400 0.6025 425.07 4.00 3834076 0.00 841.048 18737.449
15.0637 0.0400 0.6025 424.99 4.00 3834096 0.00 840.715 18737.462
15.0637 0.0400 0.6025 424.93 4.00 3834116 0.00 840.489 18737.474
15.0662 0.0400 0.6026 424.89 4.00 3834136 0.00 840.310 18737.486
15.0662 0.0400 0.6026 424.91 4.00 3834156 0.00 840.417 18737.498
15.0662 0.0400 0.6026 424.90 4.00 3834176 0.00 840.358 18737.510
15.0687 0.0400 0.6027 424.81 4.00 3834196 0.00 840.013 18737.522
15.0687 0.0400 0.6027 424.69 4.00 3834216 0.00 839.549 18737.534
15.0687 0.0400 0.6027 424.69 4.00 3834236 0.00 839.549 18737.546
15.0687 0.0400 0.6027 424.68 4.00 3834256 0.00 839.501 18737.558
15.0700 0.0400 0.6028 424.63 4.00 3834276 0.00 839.311 18737.570
15.0700 0.0400 0.6028 424.50 4.00 3834296 0.00 838.789 18737.582
15.0700 0.0400 0.6028 424.45 4.00 3834316 0.00 838.599 18737.594
15.0700 0.0400 0.6028 424.45 4.00 3834336 0.00 838.575 18737.606
15.0725 0.0400 0.6029 424.45 4.00 3834356 0.00 838.587 18737.618
15.0725 0.0400 0.6029 424.32 4.00 3834376 0.00 838.053 18737.630
15.0725 0.0400 0.6029 424.22 4.00 3834396 0.00 837.674 18737.642
15.0737 0.0400 0.6029 424.14 4.00 3834416 0.00 837.366 18737.654
15.0737 0.0400 0.6029 424.16 4.00 3834436 0.00 837.425 18737.666
15.0737 0.0400 0.6029 424.09 4.00 3834456 0.00 837.141 18737.679
15.0737 0.0400 0.6029 423.93 4.00 3834476 0.00 836.538 18737.691
15.0763 0.0400 0.6030 423.87 4.00 3834496 0.00 836.290 18737.703
15.0763 0.0400 0.6030 423.84 4.00 3834516 0.00 836.172 18737.715
15.0763 0.0400 0.6030 423.86 4.00 3834536 0.00 836.243 18737.727
15.0775 0.0400 0.6031 423.80 4.00 3834556 0.00 836.007 18737.739
15.0775 0.0400 0.6031 423.71 4.00 3834576 0.00 835.664 18737.751
15.0775 0.0400 0.6031 423.60 4.00 3834596 0.00 835.239 18737.763
15.0775 0.0400 0.6031 423.61 4.00 3834616 0.00 835.263 18737.775
15.0787 0.0400 0.6031 423.58 4.00 3834636 0.00 835.145 18737.787
15.0787 0.0400 0.6031 423.53 4.00 3834656 0.00 834.933 18737.799
15.0787 0.0400 0.6031 423.43 4.00 3834676 0.00 834.556 18737.811
15.0812 0.0400 0.6032 423.41 4.00 3834696 0.00 834.485 18737.823
15.0812 0.0400 0.6032 423.39 4.00 3834716 0.00 834.403 18737.835
15.0812 0.0400 0.6032 423.29 4.00 3834736 0.00 834.014 18737.847
15.0812 0.0400 0.6032 423.25 4.00 3834756 0.00 833.861 18737.859
15.0825 0.0400 0.6033 423.20 4.00 3834776 0.00 833.650 18737.872
15.0825 0.0400 0.6033 423.14 4.00 3834796 0.00 833.403 18737.884
15.0825 0.0400 0.6033 423.06 4.00 3834816 0.00 833.109 18737.896
15.0825 0.0400 0.6033 422.98 4.00 3834836 0.00 832.768 18737.908
15.0837 0.0400 0.6033 423.01 4.00 3834856 0.00 832.897 18737.920
15.0837 0.0400 0.6033 422.87 4.00 3834876 0.00 832.369 18737.932
15.0837 0.0400 0.6033 422.91 4.00 3834896 0.00 832.522 18737.944
15.0850 0.0400 0.6034 422.83 4.00 3834916 0.00 832.181 18737.956
15.0850 0.0400 0.6034 422.77 4.00 3834936 0.00 831.959 18737.968
15.0850 0.0400 0.6034 422.74 4.00 3834956 0.00 831.841 18737.980
15.0850 0.0400 0.6034 422.68 4.00 3834976 0.00 831.595 18737.992
15.0862 0.0400 0.6034 422.58 4.00 3834996 0.00 831.220 18738.004
15.0862 0.0400 0.6034 422.52 4.00 3835016 0.00 830.963 18738.016
15.0862 0.0400 0.6034 422.54 4.00 3835036 0.00 831.033 18738.028
15.0875 0.0400 0.6035 422.49 4.00 3835056 0.00 830.858 18738.040
15.0875 0.0400 0.6035 422.36 4.00 3835076 0.00 830.343 18738.053
15.0875 0.0400 0.6035 422.34 4.00 3835096 0.00 830.261 18738.065
15.0875 0.0400 0.6035 422.25 4.00 3835116 0.00 829.922 18738.077
15.0887 0.0400 0.6035 422.27 4.00 3835136 0.00 830.004 18738.089
15.0887 0.0400 0.6035 422.17 4.00 3835156 0.00 829.584 18738.101
15.0887 0.0400 0.6035 422.16 4.00 3835176 0.00 829.572 18738.113
15.0887 0.0400 0.6035 422.03 4.00 3835196 0.00 829.047 18738.125
15.0900 0.0400 0.6036 422.04 4.00 3835216 0.00 829.070 18738.137
15.0900 0.0400 0.6036 421.87 4.00 3835236 0.00 828.418 18738.149
15.0900 0.0400 0.6036 421.92 4.00 3835256 0.00 828.615 18738.161
15.0912 0.0400 0.6036 421.75 4.00 3835276 0.00 827.929 18738.173
15.0912 0.0400 0.6036 421.72 4.00 3835296 0.00 827.847 18738.185
15.0912 0.0400 0.6036 421.67 4.00 3835316 0.00 827.614 18738.197
15.0912 0.0400 0.6036 421.60 4.00 3835336 0.00 827.347 18738.209
15.0925 0.0400 0.6037 421.56 4.00 3835356 0.00 827.219 18738.222
15.0925 0.0400 0.6037 421.61 4.00 3835376 0.00 827.382 18738.234
15.0925 0.0400 0.6037 421.54 4.00 3835396 0.00 827.138 18738.246
15.0950 0.0400 0.6038 421.48 4.00 3835416 0.00 826.894 18738.258
15.0950 0.0400 0.6038 421.46 4.00 3835436 0.00 826.801 18738.270
15.0950 0.0400 0.6038 421.35 4.00 3835456 0.00 826.383 18738.282
15.0950 0.0400 0.6038 421.34 4.00 3835476 0.00 826.336 18738.294
15.0962 0.0400 0.6038 421.18 4.00 3835496 0.00 825.698 18738.306
15.0962 0.0400 0.6038 421.13 4.00 3835516 0.00 825.513 18738.318
15.0962 0.0400 0.6038 421.15 4.00 3835536 0.00 825.582 18738.330
15.0962 0.0400 0.6038 421.12 4.00 3835556 0.00 825.466 18738.342
15.0962 0.0400 0.6038 421.10 4.00 3835576 0.00 825.409 18738.354
15.0962 0.0400 0.6038 421.03 4.00 3835596 0.00 825.119 18738.366
15.0962 0.0400 0.6038 420.91 4.00 3835616 0.00 824.644 18738.379
15.0988 0.0400 0.6039 420.86 4.00 3835636 0.00 824.459 18738.391
15.0988 0.0400 0.6039 420.84 4.00 3835656 0.00 824.367 18738.403
15.0988 0.0400 0.6039 420.74 4.00 3835676 0.00 823.985 18738.415
15.0988 0.0400 0.6039 420.70 4.00 3835696 0.00 823.847 18738.427
15.0988 0.0400 0.6039 420.59 4.00 3835716 0.00 823.385 18738.439
15.0988 0.0400 0.6039 420.72 4.00 3835736 0.00 823.927 18738.451
15.0988 0.0400 0.6039 420.62 4.00 3835756 0.00 823.500 18738.463
15.1000 0.0400 0.6040 420.47 4.00 3835776 0.00 822.946 18738.475
15.1000 0.0400 0.6040 420.49 4.00 3835796 0.00 823.004 18738.487
15.1000 0.0400 0.6040 420.34 4.00 3835816 0.00 822.404 18738.499
15.1000 0.0400 0.6040 420.26 4.00 3835836 0.00 822.093 18738.511
15.1012 0.0400 0.6040 420.27 4.00 3835856 0.00 822.162 18738.524
15.1012 0.0400 0.6040 420.22 4.00 3835876 0.00 821.967 18738.536
15.1012 0.0400 0.6040 420.16 4.00 3835896 0.00 821.725 18738.548
15.1025 0.0400 0.6041 420.10 4.00 3835916 0.00 821.495 18738.560
15.1025 0.0400 0.6041 420.00 4.00 3835936 0.00 821.104 18738.572
15.1025 0.0400 0.6041 420.01 4.00 3835956 0.00 821.127 18738.584
15.1025 0.0400 0.6041 419.95 4.00 3835976 0.00 820.897 18738.596
15.1037 0.0400 0.6041 419.89 4.00 3835996 0.00 820.667 18738.608
15.1037 0.0400 0.6041 419.90 4.00 3836016 0.00 820.690 18738.620
15.1037 0.0400 0.6041 419.83 4.00 3836036 0.00 820.414 18738.632
15.1037 0.0400 0.6041 419.76 4.00 3836056 0.00 820.151 18738.644
15.1050 0.0400 0.6042 419.66 4.00 3836076 0.00 819.761 18738.656
15.1050 0.0400 0.6042 419.63 4.00 3836096 0.00 819.646 18738.669
15.1050 0.0400 0.6042 419.59 4.00 3836116 0.00 819.474 18738.681
15.1062 0.0400 0.6042 419.54 4.00 3836136 0.00 819.279 18738.693
15.1062 0.0400 0.6042 419.39 4.00 3836156 0.00 818.707 18738.705
15.1062 0.0400 0.6042 419.36 4.00 3836176 0.00 818.581 18738.717
15.1062 0.0400 0.6042 419.32 4.00 3836196 0.00 818.443 18738.729
15.1075 0.0400 0.6043 419.33 4.00 3836216 0.00 818.455 18738.741
15.1075 0.0400 0.6043 419.30 4.00 3836236 0.00 818.340 18738.753
15.1075 0.0400 0.6043 419.27 4.00 3836256 0.00 818.237 18738.765
15.1075 0.0400 0.6043 419.13 4.00 3836276 0.00 817.700 18738.777
15.1075 0.0400 0.6043 419.04 4.00 3836296 0.00 817.335 18738.789
15.1075 0.0400 0.6043 419.05 4.00 3836316 0.00 817.380 18738.801
15.1075 0.0400 0.6043 418.95 4.00 3836336 0.00 817.004 18738.814
15.1100 0.0400 0.6044 418.85 4.00 3836356 0.00 816.605 18738.826
15.1100 0.0400 0.6044 418.89 4.00 3836376 0.00 816.776 18738.838
15.1100 0.0400 0.6044 418.88 4.00 3836396 0.00 816.719 18738.850
15.1100 0.0400 0.6044 418.80 4.00 3836416 0.00 816.422 18738.862
15.1100 0.0400 0.6044 418.73 4.00 3836436 0.00 816.138 18738.874
15.1100 0.0400 0.6044 418.58 4.00 3836456 0.00 815.557 18738.886
15.1100 0.0400 0.6044 418.57 4.00 3836476 0.00 815.500 18738.898
15.1112 0.0400 0.6044 418.54 4.00 3836496 0.00 815.397 18738.910
15.1112 0.0400 0.6044 418.38 4.00 3836516 0.00 814.761 18738.922
15.1112 0.0400 0.6044 418.40 4.00 3836536 0.00 814.852 18738.934
15.1112 0.0400 0.6044 418.38 4.00 3836556 0.00 814.749 18738.947
15.1125 0.0400 0.6045 418.25 4.00 3836576 0.00 814.250 18738.959
15.1125 0.0400 0.6045 418.31 4.00 3836596 0.00 814.488 18738.971
15.1125 0.0400 0.6045 418.23 4.00 3836616 0.00 814.182 18738.983
15.1125 0.0400 0.6045 418.12 4.00 3836636 0.00 813.773 18738.995
15.1125 0.0400 0.6045 418.08 4.00 3836656 0.00 813.603 18739.007
15.1125 0.0400 0.6045 418.03 4.00 3836676 0.00 813.388 18739.019
15.1125 0.0400 0.6045 417.94 4.00 3836696 0.00 813.048 18739.031
15.1137 0.0400 0.6045 417.93 4.00 3836716 0.00 813.002 18739.043
15.1137 0.0400 0.6045 417.95 4.00 3836736 0.00 813.104 18739.055
15.1137 0.0400 0.6045 417.86 4.00 3836756 0.00 812.731 18739.067
15.1150 0.0400 0.6046 417.73 4.00 3836776 0.00 812.233 18739.079
15.1150 0.0400 0.6046 417.80 4.00 3836796 0.00 812.493 18739.092
15.1150 0.0400 0.6046 417.59 4.00 3836816 0.00 811.679 18739.104
15.1150 0.0400 0.6046 417.61 4.00 3836836 0.00 811.769 18739.116
15.1163 0.0400 0.6046 417.54 4.00 3836856 0.00 811.498 18739.128
15.1163 0.0400 0.6046 417.45 4.00 3836876 0.00 811.137 18739.140
15.1163 0.0400 0.6046 417.43 4.00 3836896 0.00 811.080 18739.152
15.1163 0.0400 0.6046 417.39 4.00 3836916 0.00 810.934 18739.164
15.1175 0.0400 0.6047 417.32 4.00 3836936 0.00 810.641 18739.176
15.1175 0.0400 0.6047 417.20 4.00 3836956 0.00 810.167 18739.188
15.1175 0.0400 0.6047 417.27 4.00 3836976 0.00 810.460 18739.200
15.1175 0.0400 0.6047 417.20 4.00 3836996 0.00 810.178 18739.213
15.1175 0.0400 0.6047 417.10 4.00 3837016 0.00 809.795 18739.225
15.1175 0.0400 0.6047 417.07 4.00 3837036 0.00 809.672 18739.237
15.1175 0.0400 0.6047 416.99 4.00 3837056 0.00 809.368 18739.249
15.1187 0.0400 0.6047 416.99 4.00 3837076 0.00 809.345 18739.261
15.1187 0.0400 0.6047 416.93 4.00 3837096 0.00 809.120 18739.273
15.1187 0.0400 0.6047 416.90 4.00 3837116 0.00 809.019 18739.285
15.1200 0.0400 0.6048 416.81 4.00 3837136 0.00 808.671 18739.297
15.1200 0.0400 0.6048 416.67 4.00 3837156 0.00 808.132 18739.309
15.1200 0.0400 0.6048 416.71 4.00 3837176 0.00 808.289 18739.321
15.1200 0.0400 0.6048 416.64 4.00 3837196 0.00 808.008 18739.333
15.1200 0.0400 0.6048 416.55 4.00 3837216 0.00 807.672 18739.346
15.1200 0.0400 0.6048 416.47 4.00 3837236 0.00 807.347 18739.358
15.1200 0.0400 0.6048 416.46 4.00 3837256 0.00 807.302 18739.370
15.1200 0.0400 0.6048 416.48 4.00 3837276 0.00 807.369 18739.382
15.1212 0.0400 0.6048 416.37 4.00 3837296 0.00 806.966 18739.394
15.1212 0.0400 0.6048 416.21 4.00 3837316 0.00 806.328 18739.406
15.1212 0.0400 0.6048 416.31 4.00 3837336 0.00 806.708 18739.418
15.1225 0.0400 0.6049 416.26 4.00 3837356 0.00 806.540 18739.430
15.1225 0.0400 0.6049 416.07 4.00 3837376 0.00 805.780 18739.442
15.1225 0.0400 0.6049 416.13 4.00 3837396 0.00 806.026 18739.454
15.1225 0.0400 0.6049 416.06 4.00 3837416 0.00 805.757 18739.467
15.1225 0.0400 0.6049 416.03 4.00 3837436 0.00 805.635 18739.479
15.1225 0.0400 0.6049 415.89 4.00 3837456 0.00 805.087 18739.491
15.1225 0.0400 0.6049 415.94 4.00 3837476 0.00 805.288 18739.503
15.1237 0.0400 0.6049 415.81 4.00 3837496 0.00 804.775 18739.515
15.1237 0.0400 0.6049 415.80 4.00 3837516 0.00 804.764 18739.527
15.1237 0.0400 0.6049 415.73 4.00 3837536 0.00 804.485 18739.539
15.1237 0.0400 0.6049 415.60 4.00 3837556 0.00 803.961 18739.551
15.1237 0.0400 0.6049 415.64 4.00 3837576 0.00 804.128 18739.563
15.1237 0.0400 0.6049 415.64 4.00 3837596 0.00 804.117 18739.575
15.1237 0.0400 0.6049 415.56 4.00 3837616 0.00 803.839 18739.588
15.1237 0.0400 0.6049 415.54 4.00 3837636 0.00 803.739 18739.600
15.1250 0.0400 0.6050 415.52 4.00 3837656 0.00 803.683 18739.612
15.1250 0.0400 0.6050 415.40 4.00 3837676 0.00 803.193 18739.624
15.1250 0.0400 0.6050 415.36 4.00 3837696 0.00 803.038 18739.636
15.1262 0.0400 0.6050 415.27 4.00 3837716 0.00 802.682 18739.648
15.1262 0.0400 0.6050 415.16 4.00 3837736 0.00 802.293 18739.660
15.1262 0.0400 0.6050 415.05 4.00 3837756 0.00 801.849 18739.672
15.1262 0.0400 0.6050 415.08 4.00 3837776 0.00 801.971 18739.684
15.1262 0.0400 0.6050 415.04 4.00 3837796 0.00 801.794 18739.696
15.1262 0.0400 0.6050 414.97 4.00 3837816 0.00 801.528 18739.709
15.1262 0.0400 0.6050 414.95 4.00 3837836 0.00 801.461 18739.721
15.1275 0.0400 0.6051 414.85 4.00 3837856 0.00 801.084 18739.733
15.1275 0.0400 0.6051 414.82 4.00 3837876 0.00 800.974 18739.745
15.1275 0.0400 0.6051 414.74 4.00 3837896 0.00 800.653 18739.757
15.1275 0.0400 0.6051 414.70 4.00 3837916 0.00 800.498 18739.769
15.1287 0.0400 0.6051 414.65 4.00 3837936 0.00 800.321 18739.781
15.1287 0.0400 0.6051 414.64 4.00 3837956 0.00 800.265 18739.793
15.1287 0.0400 0.6051 414.55 4.00 3837976 0.00 799.923 18739.805
15.1287 0.0400 0.6051 414.55 4.00 3837996 0.00 799.901 18739.817
15.1287 0.0400 0.6051 414.44 4.00 3838016 0.00 799.492 18739.830
15.1287 0.0400 0.6051 414.38 4.00 3838036 0.00 799.260 18739.842
15.1287 0.0400 0.6051 414.31 4.00 3838056 0.00 798.984 18739.854
