11.98 0.00 0.03 342.62 4.00 666971 0.00 546.40 4217.56
11.98 0.00 0.03 342.62 4.00 666981 0.00 546.40 4217.56
11.98 0.00 0.03 342.62 4.00 666991 0.00 546.40 4217.56
11.98 0.00 0.03 342.51 4.00 667001 0.00 546.07 4217.56
11.98 0.00 0.03 342.51 4.00 667011 0.00 546.07 4217.56
11.98 0.00 0.03 342.51 4.00 667021 0.00 546.07 4217.56
11.98 0.00 0.03 342.41 4.00 667031 0.00 545.73 4217.56
11.98 0.00 0.03 342.51 4.00 667041 0.00 546.07 4217.56
11.98 0.00 0.03 342.51 4.00 667051 0.00 546.07 4217.56
11.98 0.00 0.03 342.41 4.00 667061 0.00 545.73 4217.56
11.98 0.00 0.03 220.28 4.00 739945 0.00 225.87 4219.82
11.98 0.00 0.03 220.28 4.00 739955 0.00 225.87 4219.82
11.98 0.00 0.03 220.33 4.00 739965 0.00 225.96 4219.82
11.98 0.00 0.03 220.24 4.00 739975 0.00 225.78 4219.82
11.98 0.00 0.03 220.24 4.00 739985 0.00 225.78 4219.82
11.98 0.00 0.03 220.20 4.00 739995 0.00 225.69 4219.82
11.98 0.00 0.03 220.28 4.00 740005 0.00 225.87 4219.82
11.98 0.00 0.03 220.15 4.00 740015 0.00 225.60 4219.82
11.98 0.00 0.03 220.20 4.00 740025 0.00 225.69 4219.82
11.98 0.00 0.03 220.15 4.00 740035 0.00 225.60 4219.82
11.98 0.00 0.03 220.15 4.00 740045 0.00 225.60 4219.82
11.98 0.00 0.03 220.15 4.00 740055 0.00 225.60 4219.82
11.98 0.00 0.03 220.11 4.00 740065 0.00 225.51 4219.82
11.98 0.00 0.03 220.11 4.00 740075 0.00 225.51 4219.82
11.98 0.00 0.03 220.11 4.00 740085 0.00 225.51 4219.82
11.98 0.00 0.03 220.11 4.00 740095 0.00 225.51 4219.82
11.98 0.00 0.03 220.07 4.00 740105 0.00 225.42 4219.82
11.98 0.00 0.03 220.07 4.00 740115 0.00 225.42 4219.82
11.98 0.00 0.03 220.02 4.00 740125 0.00 225.33 4219.82
11.98 0.00 0.03 220.02 4.00 740135 0.00 225.33 4219.83
11.98 0.00 0.03 219.98 4.00 740145 0.00 225.24 4219.83
11.98 0.00 0.03 220.02 4.00 740155 0.00 225.33 4219.83
11.98 0.00 0.03 219.98 4.00 740165 0.00 225.24 4219.83
11.98 0.00 0.03 219.98 4.00 740175 0.00 225.24 4219.83
11.98 0.00 0.03 219.98 4.00 740185 0.00 225.24 4219.83
11.98 0.00 0.03 219.93 4.00 740195 0.00 225.15 4219.83
11.98 0.00 0.03 219.93 4.00 740205 0.00 225.15 4219.83
11.98 0.00 0.03 219.89 4.00 740215 0.00 225.07 4219.83
11.98 0.00 0.03 219.89 4.00 740225 0.00 225.07 4219.83
11.98 0.00 0.03 219.89 4.00 740235 0.00 225.07 4219.83
11.98 0.00 0.03 219.85 4.00 740245 0.00 224.98 4219.83
11.98 0.00 0.03 219.85 4.00 740255 0.00 224.98 4219.83
11.98 0.00 0.03 219.85 4.00 740265 0.00 224.98 4219.83
11.98 0.00 0.03 219.80 4.00 740275 0.00 224.89 4219.83
11.98 0.00 0.03 219.85 4.00 740285 0.00 224.98 4219.83
11.98 0.00 0.03 219.80 4.00 740295 0.00 224.89 4219.83
11.98 0.00 0.03 219.76 4.00 740305 0.00 224.80 4219.83
11.98 0.00 0.03 219.72 4.00 740315 0.00 224.71 4219.83
11.98 0.00 0.03 219.76 4.00 740325 0.00 224.80 4219.83
11.98 0.00 0.03 219.72 4.00 740335 0.00 224.71 4219.83
11.98 0.00 0.03 219.72 4.00 740345 0.00 224.71 4219.83
11.98 0.00 0.03 219.67 4.00 740355 0.00 224.62 4219.83
11.98 0.00 0.03 219.67 4.00 740365 0.00 224.62 4219.83
11.98 0.00 0.03 219.67 4.00 740375 0.00 224.62 4219.83
11.98 0.00 0.03 219.67 4.00 740385 0.00 224.62 4219.83
11.98 0.00 0.03 219.67 4.00 740395 0.00 224.62 4219.83
11.98 0.00 0.03 219.63 4.00 740405 0.00 224.53 4219.83
11.98 0.00 0.03 219.63 4.00 740415 0.00 224.53 4219.83
11.98 0.00 0.03 219.59 4.00 740425 0.00 224.44 4219.83
11.98 0.00 0.03 219.54 4.00 740435 0.00 224.35 4219.83
11.98 0.00 0.03 219.59 4.00 740445 0.00 224.44 4219.83
11.98 0.00 0.03 219.54 4.00 740455 0.00 224.35 4219.84
11.98 0.00 0.03 219.54 4.00 740465 0.00 224.35 4219.84
11.98 0.00 0.03 219.54 4.00 740475 0.00 224.35 4219.84
11.98 0.00 0.03 219.50 4.00 740485 0.00 224.27 4219.84
11.98 0.00 0.03 219.50 4.00 740495 0.00 224.27 4219.84
11.98 0.00 0.03 219.50 4.00 740505 0.00 224.27 4219.84
11.98 0.00 0.03 219.46 4.00 740515 0.00 224.18 4219.84
11.98 0.00 0.03 219.46 4.00 740525 0.00 224.18 4219.84
11.98 0.00 0.03 219.46 4.00 740535 0.00 224.18 4219.84
11.98 0.00 0.03 219.46 4.00 740545 0.00 224.18 4219.84
11.98 0.00 0.03 219.41 4.00 740555 0.00 224.09 4219.84
11.98 0.00 0.03 219.37 4.00 740565 0.00 224.00 4219.84
11.98 0.00 0.03 219.37 4.00 740575 0.00 224.00 4219.84
11.98 0.00 0.03 219.37 4.00 740585 0.00 224.00 4219.84
11.98 0.00 0.03 219.37 4.00 740595 0.00 224.00 4219.84
11.98 0.00 0.03 219.33 4.00 740605 0.00 223.91 4219.84
11.98 0.00 0.03 219.28 4.00 740615 0.00 223.82 4219.84
11.98 0.00 0.03 219.33 4.00 740625 0.00 223.91 4219.84
11.98 0.00 0.03 219.28 4.00 740635 0.00 223.82 4219.84
11.98 0.00 0.03 219.24 4.00 740645 0.00 223.74 4219.84
11.98 0.00 0.03 219.24 4.00 740655 0.00 223.74 4219.84
11.98 0.00 0.03 219.24 4.00 740665 0.00 223.74 4219.84
11.98 0.00 0.03 219.20 4.00 740675 0.00 223.65 4219.84
11.98 0.00 0.03 219.20 4.00 740685 0.00 223.65 4219.84
11.98 0.00 0.03 219.15 4.00 740695 0.00 223.56 4219.84
11.98 0.00 0.03 219.15 4.00 740705 0.00 223.56 4219.84
11.98 0.00 0.03 219.15 4.00 740715 0.00 223.56 4219.84
11.98 0.00 0.03 219.11 4.00 740725 0.00 223.47 4219.84
11.98 0.00 0.03 219.15 4.00 740735 0.00 223.56 4219.84
11.98 0.00 0.03 219.11 4.00 740745 0.00 223.47 4219.84
11.98 0.00 0.03 219.11 4.00 740755 0.00 223.47 4219.84
11.98 0.00 0.03 219.07 4.00 740765 0.00 223.38 4219.84
11.98 0.00 0.03 219.07 4.00 740775 0.00 223.38 4219.85
11.98 0.00 0.03 219.02 4.00 740785 0.00 223.29 4219.85
11.98 0.00 0.03 219.02 4.00 740795 0.00 223.29 4219.85
11.98 0.00 0.03 219.02 4.00 740805 0.00 223.29 4219.85
11.98 0.00 0.03 218.98 4.00 740815 0.00 223.21 4219.85
11.98 0.00 0.03 218.94 4.00 740825 0.00 223.12 4219.85
11.98 0.00 0.03 218.98 4.00 740835 0.00 223.21 4219.85
11.98 0.00 0.03 218.94 4.00 740845 0.00 223.12 4219.85
11.98 0.00 0.03 218.94 4.00 740855 0.00 223.12 4219.85
11.98 0.00 0.03 218.90 4.00 740865 0.00 223.03 4219.85
11.98 0.00 0.03 218.90 4.00 740875 0.00 223.03 4219.85
11.98 0.00 0.03 218.85 4.00 740885 0.00 222.94 4219.85
11.98 0.00 0.03 218.85 4.00 740895 0.00 222.94 4219.85
11.98 0.00 0.03 218.85 4.00 740905 0.00 222.94 4219.85
11.98 0.00 0.03 218.85 4.00 740915 0.00 222.94 4219.85
11.98 0.00 0.03 218.85 4.00 740925 0.00 222.94 4219.85
11.98 0.00 0.03 218.81 4.00 740935 0.00 222.85 4219.85
11.98 0.00 0.03 218.81 4.00 740945 0.00 222.85 4219.85
11.98 0.00 0.03 218.77 4.00 740955 0.00 222.77 4219.85
11.98 0.00 0.03 218.77 4.00 740965 0.00 222.77 4219.85
11.98 0.00 0.03 218.77 4.00 740975 0.00 222.77 4219.85
11.98 0.00 0.03 218.68 4.00 740985 0.00 222.59 4219.85
11.98 0.00 0.03 218.68 4.00 740995 0.00 222.59 4219.85
11.98 0.00 0.03 218.68 4.00 741005 0.00 222.59 4219.85
11.98 0.00 0.03 218.68 4.00 741015 0.00 222.59 4219.85
11.98 0.00 0.03 218.64 4.00 741025 0.00 222.50 4219.85
11.98 0.00 0.03 218.64 4.00 741035 0.00 222.50 4219.85
11.98 0.00 0.03 218.59 4.00 741045 0.00 222.42 4219.85
11.98 0.00 0.03 218.59 4.00 741055 0.00 222.42 4219.85
11.98 0.00 0.03 218.59 4.00 741065 0.00 222.42 4219.85
11.98 0.00 0.03 218.55 4.00 741075 0.00 222.33 4219.85
11.98 0.00 0.03 218.55 4.00 741085 0.00 222.33 4219.85
11.98 0.00 0.03 218.51 4.00 741095 0.00 222.24 4219.85
11.98 0.00 0.03 218.55 4.00 741105 0.00 222.33 4219.86
11.98 0.00 0.03 218.51 4.00 741115 0.00 222.24 4219.86
11.98 0.00 0.03 218.51 4.00 741125 0.00 222.24 4219.86
11.98 0.00 0.05 218.46 4.00 741135 0.00 222.15 4219.86
11.98 0.00 0.05 218.46 4.00 741145 0.00 222.15 4219.86
11.98 0.00 0.05 218.46 4.00 741155 0.00 222.15 4219.86
11.98 0.00 0.05 218.42 4.00 741165 0.00 222.07 4219.86
11.98 0.00 0.05 218.42 4.00 741175 0.00 222.07 4219.86
11.98 0.00 0.05 218.42 4.00 741185 0.00 222.07 4219.86
11.98 0.00 0.05 218.42 4.00 741195 0.00 222.07 4219.86
11.98 0.00 0.05 218.42 4.00 741205 0.00 222.07 4219.86
11.98 0.00 0.05 218.38 4.00 741215 0.00 221.98 4219.86
11.98 0.00 0.05 218.42 4.00 741225 0.00 222.07 4219.86
11.98 0.00 0.05 218.42 4.00 741235 0.00 222.07 4219.86
11.98 0.00 0.05 218.46 4.00 741245 0.00 222.15 4219.86
11.98 0.00 0.05 218.55 4.00 741255 0.00 222.33 4219.86
11.98 0.00 0.05 218.64 4.00 741265 0.00 222.50 4219.86
11.98 0.00 0.05 218.68 4.00 741275 0.00 222.59 4219.86
11.74 6.61 77.57 218.81 4.00 741285 0.00 222.85 4220.68
11.74 6.61 77.57 218.94 4.00 741295 0.00 223.12 4221.44
11.74 6.61 77.57 219.11 4.00 741305 0.00 223.47 4222.20
11.74 6.61 77.57 219.28 4.00 741315 0.00 223.82 4223.01
11.74 6.61 77.57 219.50 4.00 741325 0.00 224.27 4223.77
11.74 6.61 77.57 219.76 4.00 741335 0.00 224.80 4224.53
11.74 6.61 77.57 219.98 4.00 741345 0.00 225.24 4225.30
11.74 6.61 77.57 220.28 4.00 741355 0.00 225.87 4226.11
11.74 6.61 77.57 220.55 4.00 741365 0.00 226.41 4226.87
11.74 6.61 77.57 220.85 4.00 741375 0.00 227.04 4227.63
11.74 6.61 77.57 221.20 4.00 741385 0.00 227.76 4228.44
11.74 6.61 77.57 221.56 4.00 741395 0.00 228.49 4229.20
11.74 6.61 77.57 221.96 4.00 741405 0.00 229.31 4229.96
11.74 6.61 77.57 222.36 4.00 741415 0.00 230.14 4230.73
11.48 16.17 185.67 222.98 4.00 741425 0.00 231.43 4232.39
11.48 16.17 185.67 223.38 4.00 741435 0.00 232.27 4234.22
11.48 16.17 185.67 223.88 4.00 741445 0.00 233.30 4236.04
11.48 16.17 185.67 224.42 4.00 741455 0.00 234.43 4237.99
11.48 16.17 185.67 224.92 4.00 741465 0.00 235.48 4239.81
11.48 16.17 185.67 225.42 4.00 741475 0.00 236.53 4241.63
11.48 16.17 185.67 225.97 4.00 741485 0.00 237.69 4243.46
11.48 16.17 185.67 226.53 4.00 741495 0.00 238.85 4245.40
11.48 16.17 185.67 227.08 4.00 741505 0.00 240.03 4247.23
11.48 16.17 185.67 227.55 4.00 741515 0.00 241.01 4249.05
11.48 16.17 185.67 228.20 4.00 741525 0.00 242.40 4250.87
11.48 16.17 185.67 229.00 4.00 741535 0.00 244.10 4252.82
11.48 16.17 185.67 229.52 4.00 741545 0.00 245.21 4254.64
11.48 16.17 185.67 230.09 4.00 741555 0.00 246.43 4256.46
11.52 14.90 171.69 230.62 4.00 741565 0.00 247.56 4258.31
11.52 14.90 171.69 231.19 4.00 741575 0.00 248.79 4260.00
11.52 14.90 171.69 231.67 4.00 741585 0.00 249.83 4261.68
11.52 14.90 171.69 232.45 4.00 741595 0.00 251.51 4263.46
11.52 14.90 171.69 232.99 4.00 741605 0.00 252.67 4265.15
11.52 14.90 171.69 233.52 4.00 741615 0.00 253.84 4266.83
11.52 14.90 171.69 233.97 4.00 741625 0.00 254.80 4268.61
11.52 14.90 171.69 234.51 4.00 741635 0.00 255.99 4270.30
11.52 14.90 171.69 235.01 4.00 741645 0.00 257.07 4271.98
11.52 14.90 171.69 235.75 4.00 741655 0.00 258.71 4273.77
11.52 14.90 171.69 236.31 4.00 741665 0.00 259.92 4275.44
11.52 14.90 171.69 236.76 4.00 741675 0.00 260.92 4277.13
11.52 14.90 171.69 237.26 4.00 741685 0.00 262.03 4278.91
11.52 14.90 171.69 237.77 4.00 741695 0.00 263.16 4280.59
11.54 14.32 165.14 238.28 4.00 741705 0.00 264.29 4282.25
11.54 14.32 165.14 238.95 4.00 741715 0.00 265.77 4283.98
11.54 14.32 165.14 239.41 4.00 741725 0.00 266.80 4285.61
11.54 14.32 165.14 239.88 4.00 741735 0.00 267.84 4287.22
11.54 14.32 165.14 240.34 4.00 741745 0.00 268.88 4288.85
11.54 14.32 165.14 241.07 4.00 741755 0.00 270.52 4290.57
11.54 14.32 165.14 241.49 4.00 741765 0.00 271.46 4292.20
11.54 14.32 165.14 242.02 4.00 741775 0.00 272.64 4293.82
11.54 14.32 165.14 242.39 4.00 741785 0.00 273.48 4295.54
11.54 14.32 165.14 242.87 4.00 741795 0.00 274.55 4297.17
11.54 14.32 165.14 243.56 4.00 741805 0.00 276.12 4298.79
11.54 14.32 165.14 243.99 4.00 741815 0.00 277.09 4300.41
11.54 14.32 165.14 244.47 4.00 741825 0.00 278.19 4302.14
11.54 14.32 165.14 244.90 4.00 741835 0.00 279.17 4303.76
11.54 13.28 153.14 245.55 4.00 741845 0.00 280.65 4305.36
11.58 13.28 153.72 245.98 4.00 741855 0.00 281.65 4306.97
11.58 13.28 153.72 246.37 4.00 741865 0.00 282.52 4308.48
11.58 13.28 153.72 247.08 4.00 741875 0.00 284.16 4309.99
11.58 13.28 153.72 247.46 4.00 741885 0.00 285.05 4311.51
11.58 13.28 153.72 247.91 4.00 741895 0.00 286.06 4313.11
11.58 13.28 153.72 248.29 4.00 741905 0.00 286.96 4314.62
11.58 13.28 153.72 248.90 4.00 741915 0.00 288.38 4316.13
11.58 13.28 153.72 249.35 4.00 741925 0.00 289.41 4317.64
11.58 13.28 153.72 249.74 4.00 741935 0.00 290.32 4319.25
11.58 13.28 153.72 250.36 4.00 741945 0.00 291.76 4320.76
11.58 13.28 153.72 250.70 4.00 741955 0.00 292.56 4322.27
11.58 13.28 153.72 251.10 4.00 741965 0.00 293.48 4323.88
11.58 13.28 153.72 251.72 4.00 741975 0.00 294.95 4325.39
11.58 13.28 153.72 252.12 4.00 741985 0.00 295.88 4326.90
11.61 12.47 144.79 252.53 4.00 741995 0.00 296.83 4328.33
11.61 12.47 144.79 252.93 4.00 742005 0.00 297.77 4329.84
11.61 12.47 144.79 253.50 4.00 742015 0.00 299.13 4331.26
11.61 12.47 144.79 253.79 4.00 742025 0.00 299.82 4332.68
11.61 12.47 144.79 254.32 4.00 742035 0.00 301.05 4334.11
11.61 12.47 144.79 254.78 4.00 742045 0.00 302.16 4335.62
11.61 12.47 144.79 255.19 4.00 742055 0.00 303.13 4337.04
11.61 12.47 144.79 255.60 4.00 742065 0.00 304.11 4338.46
11.61 12.47 144.79 256.19 4.00 742075 0.00 305.51 4339.98
11.61 12.47 144.79 256.49 4.00 742085 0.00 306.22 4341.41
11.61 12.47 144.79 256.90 4.00 742095 0.00 307.21 4342.83
11.61 12.47 144.79 257.44 4.00 742105 0.00 308.49 4344.25
11.61 12.47 144.79 257.86 4.00 742115 0.00 309.50 4345.77
11.61 12.47 144.79 258.34 4.00 742125 0.00 310.65 4347.19
11.62 11.80 137.17 258.70 4.00 742135 0.00 311.52 4348.56
11.62 11.80 137.17 259.00 4.00 742145 0.00 312.24 4349.91
11.62 11.80 137.17 259.54 4.00 742155 0.00 313.56 4351.34
11.62 11.80 137.17 259.91 4.00 742165 0.00 314.44 4352.69
11.62 11.80 137.17 260.27 4.00 742175 0.00 315.32 4354.03
11.62 11.80 137.17 260.82 4.00 742185 0.00 316.66 4355.47
11.62 11.80 137.17 261.19 4.00 742195 0.00 317.55 4356.82
11.62 11.80 137.17 261.68 4.00 742205 0.00 318.75 4358.16
11.62 11.80 137.17 261.99 4.00 742215 0.00 319.50 4359.51
11.62 11.80 137.17 262.36 4.00 742225 0.00 320.41 4360.94
11.62 11.80 137.17 262.86 4.00 742235 0.00 321.62 4362.29
11.62 11.80 137.17 263.17 4.00 742245 0.00 322.38 4363.64
11.62 11.80 137.17 263.67 4.00 742255 0.00 323.61 4365.08
11.62 11.80 137.17 264.05 4.00 742265 0.00 324.53 4366.42
11.63 10.96 127.50 264.36 4.00 742275 0.00 325.30 4367.72
11.63 10.96 127.50 264.87 4.00 742285 0.00 326.55 4368.97
11.63 10.96 127.50 265.18 4.00 742295 0.00 327.33 4370.30
11.63 10.96 127.50 265.63 4.00 742305 0.00 328.42 4371.56
11.63 10.96 127.50 266.01 4.00 742315 0.00 329.37 4372.81
11.63 10.96 127.50 266.45 4.00 742325 0.00 330.47 4374.06
11.63 10.96 127.50 266.84 4.00 742335 0.00 331.43 4375.40
11.63 10.96 127.50 267.09 4.00 742345 0.00 332.06 4376.65
11.63 10.96 127.50 267.54 4.00 742355 0.00 333.18 4377.90
11.63 10.96 127.50 267.87 4.00 742365 0.00 333.99 4379.23
11.63 10.96 127.50 268.32 4.00 742375 0.00 335.12 4380.49
11.63 10.96 127.50 268.58 4.00 742385 0.00 335.77 4381.74
11.63 10.96 127.50 269.10 4.00 742395 0.00 337.07 4382.99
11.63 10.96 127.50 269.36 4.00 742405 0.00 337.72 4384.32
11.66 10.40 121.22 269.82 4.00 742415 0.00 338.87 4385.56
11.66 10.40 121.22 270.15 4.00 742425 0.00 339.70 4386.75
11.66 10.40 121.22 270.61 4.00 742435 0.00 340.85 4387.94
11.66 10.40 121.22 270.94 4.00 742445 0.00 341.69 4389.21
11.66 10.40 121.22 271.40 4.00 742455 0.00 342.86 4390.40
11.66 10.40 121.22 271.67 4.00 742465 0.00 343.53 4391.59
11.66 10.40 121.22 272.06 4.00 742475 0.00 344.54 4392.86
11.66 10.40 121.22 272.40 4.00 742485 0.00 345.38 4394.05
11.66 10.40 121.22 272.67 4.00 742495 0.00 346.06 4395.24
11.66 10.40 121.22 273.13 4.00 742505 0.00 347.25 4396.43
11.66 10.40 121.22 273.54 4.00 742515 0.00 348.28 4397.70
11.66 10.40 121.22 273.88 4.00 742525 0.00 349.14 4398.89
11.66 10.40 121.22 274.08 4.00 742535 0.00 349.66 4400.08
11.66 10.40 121.22 274.62 4.00 742545 0.00 351.04 4401.35
11.66 10.18 118.68 274.96 4.00 742555 0.00 351.91 4402.54
11.66 10.18 118.72 275.16 4.00 742565 0.00 352.43 4403.70
11.66 10.18 118.72 275.57 4.00 742575 0.00 353.48 4404.87
11.66 10.18 118.72 276.05 4.00 742585 0.00 354.71 4406.11
11.66 10.18 118.72 276.40 4.00 742595 0.00 355.59 4407.28
11.66 10.18 118.72 276.67 4.00 742605 0.00 356.30 4408.44
11.66 10.18 118.72 277.09 4.00 742615 0.00 357.37 4409.61
11.66 10.18 118.72 277.36 4.00 742625 0.00 358.08 4410.85
11.66 10.18 118.72 277.85 4.00 742635 0.00 359.34 4412.02
11.66 10.18 118.72 278.06 4.00 742645 0.00 359.88 4413.18
11.66 10.18 118.72 278.47 4.00 742655 0.00 360.96 4414.42
11.66 10.18 118.72 278.75 4.00 742665 0.00 361.69 4415.59
11.66 10.18 118.72 279.17 4.00 742675 0.00 362.78 4416.76
11.66 10.18 118.72 279.38 4.00 742685 0.00 363.33 4417.93
11.66 10.18 118.72 279.81 4.00 742695 0.00 364.42 4419.17
11.68 9.58 111.86 280.09 4.00 742705 0.00 365.16 4420.27
11.68 9.58 111.86 280.44 4.00 742715 0.00 366.08 4421.36
11.68 9.58 111.86 280.65 4.00 742725 0.00 366.64 4422.46
11.68 9.58 111.86 281.15 4.00 742735 0.00 367.94 4423.63
11.68 9.58 111.86 281.51 4.00 742745 0.00 368.87 4424.73
11.68 9.58 111.86 281.79 4.00 742755 0.00 369.62 4425.83
11.68 9.58 111.86 282.15 4.00 742765 0.00 370.56 4427.00
11.68 9.58 111.86 282.37 4.00 742775 0.00 371.12 4428.10
11.68 9.58 111.86 282.73 4.00 742785 0.00 372.07 4429.20
11.68 9.58 111.86 283.01 4.00 742795 0.00 372.83 4430.30
11.68 9.58 111.86 283.37 4.00 742805 0.00 373.78 4431.47
11.68 9.58 111.86 283.81 4.00 742815 0.00 374.92 4432.57
11.68 9.58 111.86 283.95 4.00 742825 0.00 375.31 4433.67
11.68 9.58 111.86 284.32 4.00 742835 0.00 376.27 4434.84
11.71 8.55 100.11 284.54 4.00 742845 0.00 376.85 4435.85
11.71 8.55 100.11 284.90 4.00 742855 0.00 377.81 4436.84
11.71 8.55 100.11 285.27 4.00 742865 0.00 378.78 4437.82
11.71 8.55 100.11 285.41 4.00 742875 0.00 379.17 4438.87
11.71 8.55 100.11 285.85 4.00 742885 0.00 380.35 4439.85
11.71 8.55 100.11 286.00 4.00 742895 0.00 380.74 4440.83
11.71 8.55 100.11 286.44 4.00 742905 0.00 381.92 4441.82
11.71 8.55 100.11 286.66 4.00 742915 0.00 382.51 4442.86
11.71 8.55 100.11 286.96 4.00 742925 0.00 383.30 4443.85
11.71 8.55 100.11 287.33 4.00 742935 0.00 384.29 4444.83
11.71 8.55 100.11 287.63 4.00 742945 0.00 385.09 4445.88
11.71 8.55 100.11 287.85 4.00 742955 0.00 385.69 4446.86
11.71 8.55 100.11 288.23 4.00 742965 0.00 386.69 4447.84
11.71 8.55 100.11 288.38 4.00 742975 0.00 387.09 4448.83
11.72 8.27 97.01 288.75 4.00 742985 0.00 388.09 4449.86
11.72 8.27 97.01 289.13 4.00 742995 0.00 389.10 4450.81
11.72 8.27 97.01 289.28 4.00 743005 0.00 389.51 4451.76
11.72 8.27 97.01 289.65 4.00 743015 0.00 390.53 4452.78
11.72 8.27 97.01 289.96 4.00 743025 0.00 391.34 4453.73
11.72 8.27 97.01 290.11 4.00 743035 0.00 391.75 4454.68
11.72 8.27 97.01 290.49 4.00 743045 0.00 392.78 4455.63
11.72 8.27 97.01 290.64 4.00 743055 0.00 393.19 4456.65
11.72 8.27 97.01 291.02 4.00 743065 0.00 394.22 4457.60
11.72 8.27 97.01 291.32 4.00 743075 0.00 395.04 4458.55
11.72 8.27 97.01 291.48 4.00 743085 0.00 395.46 4459.57
11.72 8.27 97.01 291.86 4.00 743095 0.00 396.50 4460.52
11.72 8.27 97.01 292.17 4.00 743105 0.00 397.33 4461.47
11.72 8.27 97.01 292.32 4.00 743115 0.00 397.75 4462.43
11.73 8.08 94.73 292.71 4.00 743125 0.00 398.80 4463.43
11.73 8.08 94.73 292.94 4.00 743135 0.00 399.43 4464.36
11.73 8.08 94.73 293.25 4.00 743145 0.00 400.27 4465.29
11.73 8.08 94.73 293.48 4.00 743155 0.00 400.91 4466.28
11.73 8.08 94.73 293.79 4.00 743165 0.00 401.76 4467.21
11.73 8.08 94.73 293.87 4.00 743175 0.00 401.97 4468.14
11.73 8.08 94.73 294.26 4.00 743185 0.00 403.04 4469.07
11.73 8.08 94.73 294.57 4.00 743195 0.00 403.89 4470.06
11.73 8.08 94.73 294.80 4.00 743205 0.00 404.53 4470.99
11.73 8.08 94.73 295.04 4.00 743215 0.00 405.18 4471.92
11.73 8.08 94.73 295.43 4.00 743225 0.00 406.26 4472.91
11.73 8.08 94.73 295.59 4.00 743235 0.00 406.69 4473.84
11.73 8.08 94.73 295.90 4.00 743245 0.00 407.56 4474.77
11.73 8.08 94.73 296.22 4.00 743255 0.00 408.43 4475.70
11.73 7.70 90.29 296.38 4.00 743265 0.00 408.86 4476.69
11.74 7.70 90.33 296.69 4.00 743275 0.00 409.74 4477.58
11.74 7.70 90.33 297.01 4.00 743285 0.00 410.61 4478.46
11.74 7.70 90.33 297.25 4.00 743295 0.00 411.27 4479.41
11.74 7.70 90.33 297.49 4.00 743305 0.00 411.93 4480.30
11.74 7.70 90.33 297.73 4.00 743315 0.00 412.60 4481.18
11.74 7.70 90.33 298.04 4.00 743325 0.00 413.48 4482.07
11.74 7.70 90.33 298.20 4.00 743335 0.00 413.93 4483.01
11.74 7.70 90.33 298.45 4.00 743345 0.00 414.59 4483.90
11.74 7.70 90.33 298.77 4.00 743355 0.00 415.48 4484.78
11.74 7.70 90.33 299.01 4.00 743365 0.00 416.16 4485.73
11.74 7.70 90.33 299.25 4.00 743375 0.00 416.83 4486.62
11.74 7.70 90.33 299.49 4.00 743385 0.00 417.50 4487.50
11.74 7.70 90.33 299.65 4.00 743395 0.00 417.95 4488.39
11.74 7.70 90.33 299.98 4.00 743405 0.00 418.86 4489.33
11.75 7.43 87.30 300.30 4.00 743415 0.00 419.76 4490.19
11.75 7.43 87.30 300.54 4.00 743425 0.00 420.44 4491.05
11.75 7.43 87.30 300.71 4.00 743435 0.00 420.90 4491.96
11.75 7.43 87.30 300.95 4.00 743445 0.00 421.58 4492.82
11.75 7.43 87.30 301.28 4.00 743455 0.00 422.50 4493.68
11.75 7.43 87.30 301.44 4.00 743465 0.00 422.96 4494.54
11.75 7.43 87.30 301.69 4.00 743475 0.00 423.65 4495.45
11.75 7.43 87.30 301.93 4.00 743485 0.00 424.34 4496.31
11.75 7.43 87.30 302.18 4.00 743495 0.00 425.03 4497.16
11.75 7.43 87.30 302.34 4.00 743505 0.00 425.49 4498.02
11.75 7.43 87.30 302.59 4.00 743515 0.00 426.19 4498.94
11.75 7.43 87.30 302.84 4.00 743525 0.00 426.89 4499.79
11.75 7.43 87.30 303.00 4.00 743535 0.00 427.35 4500.65
11.75 7.43 87.30 303.25 4.00 743545 0.00 428.05 4501.56
11.79 6.33 74.56 303.50 4.00 743555 0.00 428.75 4502.34
11.79 6.33 74.56 303.67 4.00 743565 0.00 429.22 4503.07
11.79 6.33 74.56 303.91 4.00 743575 0.00 429.93 4503.80
11.79 6.33 74.56 304.16 4.00 743585 0.00 430.63 4504.58
11.79 6.33 74.56 304.33 4.00 743595 0.00 431.11 4505.31
11.79 6.33 74.56 304.58 4.00 743605 0.00 431.82 4506.05
11.79 6.33 74.56 304.75 4.00 743615 0.00 432.29 4506.82
11.79 6.33 74.56 305.08 4.00 743625 0.00 433.24 4507.56
11.79 6.33 74.56 305.25 4.00 743635 0.00 433.72 4508.29
11.79 6.33 74.56 305.50 4.00 743645 0.00 434.43 4509.02
11.79 6.33 74.56 305.67 4.00 743655 0.00 434.91 4509.80
11.79 6.33 74.56 305.92 4.00 743665 0.00 435.63 4510.53
11.79 6.33 74.56 306.09 4.00 743675 0.00 436.11 4511.27
11.79 6.33 74.56 306.26 4.00 743685 0.00 436.59 4512.05
11.78 6.45 76.00 306.51 4.00 743695 0.00 437.31 4512.79
11.78 6.45 76.00 306.68 4.00 743705 0.00 437.80 4513.53
11.78 6.45 76.00 307.02 4.00 743715 0.00 438.76 4514.28
11.78 6.45 76.00 307.19 4.00 743725 0.00 439.25 4515.07
11.78 6.45 76.00 307.36 4.00 743735 0.00 439.74 4515.82
11.78 6.45 76.00 307.62 4.00 743745 0.00 440.47 4516.57
11.78 6.45 76.00 307.79 4.00 743755 0.00 440.95 4517.31
11.78 6.45 76.00 307.96 4.00 743765 0.00 441.44 4518.11
11.78 6.45 76.00 308.21 4.00 743775 0.00 442.18 4518.85
11.78 6.45 76.00 308.38 4.00 743785 0.00 442.67 4519.60
11.78 6.45 76.00 308.64 4.00 743795 0.00 443.41 4520.39
11.78 6.45 76.00 308.81 4.00 743805 0.00 443.90 4521.14
11.78 6.45 76.00 308.99 4.00 743815 0.00 444.39 4521.88
11.78 6.45 76.00 309.24 4.00 743825 0.00 445.14 4522.68
11.78 6.22 73.23 309.42 4.00 743835 0.00 445.63 4523.42
11.78 6.22 73.23 309.67 4.00 743845 0.00 446.38 4524.14
11.78 6.22 73.23 309.85 4.00 743855 0.00 446.88 4524.86
11.78 6.22 73.23 310.11 4.00 743865 0.00 447.62 4525.62
11.78 6.22 73.23 310.19 4.00 743875 0.00 447.87 4526.34
11.78 6.22 73.23 310.45 4.00 743885 0.00 448.63 4527.06
11.78 6.22 73.23 310.63 4.00 743895 0.00 449.13 4527.78
11.78 6.22 73.23 310.89 4.00 743905 0.00 449.88 4528.55
11.78 6.22 73.23 311.06 4.00 743915 0.00 450.39 4529.27
11.78 6.22 73.23 311.24 4.00 743925 0.00 450.89 4529.99
11.78 6.22 73.23 311.41 4.00 743935 0.00 451.40 4530.75
11.78 6.22 73.23 311.67 4.00 743945 0.00 452.16 4531.47
11.78 6.22 73.23 311.85 4.00 743955 0.00 452.66 4532.19
11.78 6.22 73.23 312.11 4.00 743965 0.00 453.43 4532.91
11.78 5.54 65.28 312.20 4.00 743975 0.00 453.68 4533.67
11.80 5.54 65.41 312.37 4.00 743985 0.00 454.19 4534.32
11.80 5.54 65.41 312.55 4.00 743995 0.00 454.70 4534.96
11.80 5.54 65.41 312.72 4.00 744005 0.00 455.22 4535.64
11.80 5.54 65.41 312.90 4.00 744015 0.00 455.73 4536.28
11.80 5.54 65.41 313.17 4.00 744025 0.00 456.50 4536.93
11.80 5.54 65.41 313.34 4.00 744035 0.00 457.01 4537.57
11.80 5.54 65.41 313.52 4.00 744045 0.00 457.53 4538.25
11.80 5.54 65.41 313.61 4.00 744055 0.00 457.79 4538.89
11.80 5.54 65.41 313.87 4.00 744065 0.00 458.57 4539.54
11.80 5.54 65.41 314.14 4.00 744075 0.00 459.34 4540.18
11.80 5.54 65.41 314.32 4.00 744085 0.00 459.86 4540.86
11.80 5.54 65.41 314.50 4.00 744095 0.00 460.38 4541.51
11.80 5.54 65.41 314.58 4.00 744105 0.00 460.64 4542.15
11.80 5.54 65.41 314.85 4.00 744115 0.00 461.43 4542.83
11.79 6.11 72.08 315.03 4.00 744125 0.00 461.95 4543.53
11.79 6.11 72.08 315.21 4.00 744135 0.00 462.48 4544.24
11.79 6.11 72.08 315.48 4.00 744145 0.00 463.26 4544.95
11.79 6.11 72.08 315.66 4.00 744155 0.00 463.79 4545.70
11.79 6.11 72.08 315.75 4.00 744165 0.00 464.05 4546.41
11.79 6.11 72.08 316.02 4.00 744175 0.00 464.85 4547.12
11.79 6.11 72.08 316.11 4.00 744185 0.00 465.11 4547.83
11.79 6.11 72.08 316.38 4.00 744195 0.00 465.91 4548.58
11.79 6.11 72.08 316.47 4.00 744205 0.00 466.17 4549.29
11.79 6.11 72.08 316.74 4.00 744215 0.00 466.97 4550.00
11.79 6.11 72.08 316.92 4.00 744225 0.00 467.50 4550.75
11.79 6.11 72.08 317.19 4.00 744235 0.00 468.30 4551.46
11.79 6.11 72.08 317.28 4.00 744245 0.00 468.57 4552.17
11.79 6.11 72.08 317.37 4.00 744255 0.00 468.84 4552.87
11.82 5.28 62.41 317.55 4.00 744265 0.00 469.37 4553.56
11.82 5.28 62.41 317.82 4.00 744275 0.00 470.18 4554.17
11.82 5.28 62.41 318.01 4.00 744285 0.00 470.72 4554.79
11.82 5.28 62.41 318.19 4.00 744295 0.00 471.26 4555.44
11.82 5.28 62.41 318.28 4.00 744305 0.00 471.53 4556.06
11.82 5.28 62.41 318.37 4.00 744315 0.00 471.80 4556.67
11.82 5.28 62.41 318.64 4.00 744325 0.00 472.61 4557.28
11.82 5.28 62.41 318.74 4.00 744335 0.00 472.88 4557.93
11.82 5.28 62.41 318.83 4.00 744345 0.00 473.15 4558.55
11.82 5.28 62.41 319.10 4.00 744355 0.00 473.97 4559.16
11.82 5.28 62.41 319.28 4.00 744365 0.00 474.51 4559.81
11.82 5.28 62.41 319.47 4.00 744375 0.00 475.06 4560.43
11.82 5.28 62.41 319.65 4.00 744385 0.00 475.61 4561.04
11.82 5.28 62.41 319.74 4.00 744395 0.00 475.88 4561.65
11.83 4.86 57.45 319.93 4.00 744405 0.00 476.43 4562.28
11.83 4.86 57.45 320.11 4.00 744415 0.00 476.98 4562.84
11.83 4.86 57.45 320.20 4.00 744425 0.00 477.25 4563.40
11.83 4.86 57.45 320.39 4.00 744435 0.00 477.80 4564.00
11.83 4.86 57.45 320.48 4.00 744445 0.00 478.08 4564.56
11.83 4.86 57.45 320.67 4.00 744455 0.00 478.63 4565.16
11.83 4.86 57.45 320.94 4.00 744465 0.00 479.46 4565.72
11.83 4.86 57.45 321.13 4.00 744475 0.00 480.02 4566.28
11.83 4.86 57.45 321.22 4.00 744485 0.00 480.29 4566.88
11.83 4.86 57.45 321.41 4.00 744495 0.00 480.85 4567.44
11.83 4.86 57.45 321.50 4.00 744505 0.00 481.13 4568.00
11.83 4.86 57.45 321.69 4.00 744515 0.00 481.68 4568.60
11.83 4.86 57.45 321.78 4.00 744525 0.00 481.96 4569.16
11.83 4.86 57.45 322.06 4.00 744535 0.00 482.80 4569.72
11.82 5.02 59.32 322.25 4.00 744545 0.00 483.36 4570.33
11.82 5.02 59.32 322.25 4.00 744555 0.00 483.36 4570.91
11.82 5.02 59.32 322.44 4.00 744565 0.00 483.92 4571.49
11.82 5.02 59.32 322.62 4.00 744575 0.00 484.49 4572.11
11.82 5.02 59.32 322.81 4.00 744585 0.00 485.05 4572.70
11.82 5.02 59.32 323.00 4.00 744595 0.00 485.61 4573.28
11.82 5.02 59.32 323.09 4.00 744605 0.00 485.90 4573.86
11.82 5.02 59.32 323.19 4.00 744615 0.00 486.18 4574.48
11.82 5.02 59.32 323.37 4.00 744625 0.00 486.74 4575.06
11.82 5.02 59.32 323.56 4.00 744635 0.00 487.31 4575.65
11.82 5.02 59.32 323.56 4.00 744645 0.00 487.31 4576.26
11.82 5.02 59.32 323.75 4.00 744655 0.00 487.88 4576.85
11.82 5.02 59.32 323.94 4.00 744665 0.00 488.45 4577.43
11.82 5.02 59.32 324.03 4.00 744675 0.00 488.73 4578.01
11.82 4.74 55.99 324.32 4.00 744685 0.00 489.59 4578.63
11.84 4.74 56.06 324.41 4.00 744695 0.00 489.88 4579.18
11.84 4.74 56.06 324.51 4.00 744705 0.00 490.16 4579.73
11.84 4.74 56.06 324.70 4.00 744715 0.00 490.74 4580.32
11.84 4.74 56.06 324.89 4.00 744725 0.00 491.31 4580.87
11.84 4.74 56.06 325.08 4.00 744735 0.00 491.88 4581.42
11.84 4.74 56.06 325.17 4.00 744745 0.00 492.17 4581.97
11.84 4.74 56.06 325.27 4.00 744755 0.00 492.46 4582.56
11.84 4.74 56.06 325.46 4.00 744765 0.00 493.04 4583.11
11.84 4.74 56.06 325.55 4.00 744775 0.00 493.33 4583.66
11.84 4.74 56.06 325.74 4.00 744785 0.00 493.91 4584.25
11.84 4.74 56.06 325.84 4.00 744795 0.00 494.20 4584.80
11.84 4.74 56.06 326.03 4.00 744805 0.00 494.78 4585.35
11.84 4.74 56.06 326.13 4.00 744815 0.00 495.07 4585.90
11.84 4.74 56.06 326.22 4.00 744825 0.00 495.36 4586.48
11.83 4.69 55.43 326.32 4.00 744835 0.00 495.65 4587.03
11.83 4.69 55.43 326.51 4.00 744845 0.00 496.23 4587.57
11.83 4.69 55.43 326.70 4.00 744855 0.00 496.81 4588.12
11.83 4.69 55.43 326.80 4.00 744865 0.00 497.11 4588.70
11.83 4.69 55.43 326.99 4.00 744875 0.00 497.69 4589.24
11.83 4.69 55.43 327.09 4.00 744885 0.00 497.99 4589.79
11.83 4.69 55.43 327.28 4.00 744895 0.00 498.57 4590.36
11.83 4.69 55.43 327.38 4.00 744905 0.00 498.87 4590.91
11.83 4.69 55.43 327.57 4.00 744915 0.00 499.45 4591.45
11.83 4.69 55.43 327.66 4.00 744925 0.00 499.75 4592.00
11.83 4.69 55.43 327.76 4.00 744935 0.00 500.04 4592.58
11.83 4.69 55.43 327.95 4.00 744945 0.00 500.63 4593.12
11.83 4.69 55.43 328.05 4.00 744955 0.00 500.93 4593.67
11.83 4.69 55.43 328.25 4.00 744965 0.00 501.52 4594.24
11.85 4.01 47.53 328.44 4.00 744975 0.00 502.12 4594.74
11.85 4.01 47.53 328.44 4.00 744985 0.00 502.12 4595.20
11.85 4.01 47.53 328.54 4.00 744995 0.00 502.41 4595.67
11.85 4.01 47.53 328.73 4.00 745005 0.00 503.01 4596.17
11.85 4.01 47.53 328.83 4.00 745015 0.00 503.30 4596.64
11.85 4.01 47.53 328.93 4.00 745025 0.00 503.60 4597.10
11.85 4.01 47.53 329.02 4.00 745035 0.00 503.90 4597.60
11.85 4.01 47.53 329.22 4.00 745045 0.00 504.50 4598.07
11.85 4.01 47.53 329.41 4.00 745055 0.00 505.10 4598.53
11.85 4.01 47.53 329.41 4.00 745065 0.00 505.10 4599.00
11.85 4.01 47.53 329.61 4.00 745075 0.00 505.70 4599.49
11.85 4.01 47.53 329.80 4.00 745085 0.00 506.30 4599.96
11.85 4.01 47.53 329.90 4.00 745095 0.00 506.60 4600.43
11.85 4.01 47.53 330.00 4.00 745105 0.00 506.90 4600.92
11.85 4.00 47.36 330.10 4.00 745115 0.00 507.20 4601.39
11.85 4.00 47.36 330.20 4.00 745125 0.00 507.50 4601.85
11.85 4.00 47.36 330.39 4.00 745135 0.00 508.11 4602.35
11.85 4.00 47.36 330.49 4.00 745145 0.00 508.41 4602.81
11.85 4.00 47.36 330.59 4.00 745155 0.00 508.71 4603.28
11.85 4.00 47.36 330.69 4.00 745165 0.00 509.01 4603.74
11.85 4.00 47.36 330.88 4.00 745175 0.00 509.62 4604.24
11.85 4.00 47.36 330.98 4.00 745185 0.00 509.92 4604.70
11.85 4.00 47.36 331.18 4.00 745195 0.00 510.53 4605.17
11.85 4.00 47.36 331.28 4.00 745205 0.00 510.84 4605.66
11.85 4.00 47.36 331.38 4.00 745215 0.00 511.14 4606.13
11.85 4.00 47.36 331.48 4.00 745225 0.00 511.45 4606.59
11.85 4.00 47.36 331.58 4.00 745235 0.00 511.75 4607.06
11.85 4.00 47.36 331.77 4.00 745245 0.00 512.36 4607.55
11.85 3.91 46.35 331.87 4.00 745255 0.00 512.67 4608.02
11.85 3.91 46.35 331.87 4.00 745265 0.00 512.67 4608.47
11.85 3.91 46.35 332.17 4.00 745275 0.00 513.59 4608.93
11.85 3.91 46.35 332.17 4.00 745285 0.00 513.59 4609.41
11.85 3.91 46.35 332.37 4.00 745295 0.00 514.20 4609.87
11.85 3.91 46.35 332.47 4.00 745305 0.00 514.51 4610.32
11.85 3.91 46.35 332.47 4.00 745315 0.00 514.51 4610.81
11.85 3.91 46.35 332.67 4.00 745325 0.00 515.13 4611.26
11.85 3.91 46.35 332.77 4.00 745335 0.00 515.44 4611.72
11.85 3.91 46.35 332.97 4.00 745345 0.00 516.05 4612.17
11.85 3.91 46.35 333.07 4.00 745355 0.00 516.36 4612.66
11.85 3.91 46.35 333.17 4.00 745365 0.00 516.67 4613.11
11.85 3.91 46.35 333.17 4.00 745375 0.00 516.67 4613.57
11.85 3.91 46.35 333.37 4.00 745385 0.00 517.29 4614.02
11.85 3.59 42.52 333.47 4.00 745395 0.00 517.60 4614.51
11.87 3.59 42.57 333.57 4.00 745405 0.00 517.91 4614.92
11.87 3.59 42.57 333.67 4.00 745415 0.00 518.23 4615.34
11.87 3.59 42.57 333.77 4.00 745425 0.00 518.54 4615.78
11.87 3.59 42.57 333.97 4.00 745435 0.00 519.16 4616.20
11.87 3.59 42.57 334.07 4.00 745445 0.00 519.47 4616.62
11.87 3.59 42.57 334.07 4.00 745455 0.00 519.47 4617.06
11.87 3.59 42.57 334.17 4.00 745465 0.00 519.79 4617.48
11.87 3.59 42.57 334.27 4.00 745475 0.00 520.10 4617.92
11.87 3.59 42.57 334.47 4.00 745485 0.00 520.72 4618.34
11.87 3.59 42.57 334.57 4.00 745495 0.00 521.04 4618.75
11.87 3.59 42.57 334.57 4.00 745505 0.00 521.04 4619.20
11.87 3.59 42.57 334.77 4.00 745515 0.00 521.67 4619.61
11.87 3.59 42.57 334.77 4.00 745525 0.00 521.67 4620.03
11.87 3.59 42.57 334.87 4.00 745535 0.00 521.98 4620.47
11.88 3.59 42.62 334.97 4.00 745545 0.00 522.30 4620.89
11.88 3.59 42.62 335.08 4.00 745555 0.00 522.61 4621.31
11.88 3.59 42.62 335.18 4.00 745565 0.00 522.93 4621.73
11.88 3.59 42.62 335.28 4.00 745575 0.00 523.24 4622.17
11.88 3.59 42.62 335.48 4.00 745585 0.00 523.87 4622.59
11.88 3.59 42.62 335.58 4.00 745595 0.00 524.19 4623.01
11.88 3.59 42.62 335.68 4.00 745605 0.00 524.51 4623.46
11.88 3.59 42.62 335.68 4.00 745615 0.00 524.51 4623.88
11.88 3.59 42.62 335.89 4.00 745625 0.00 525.14 4624.29
11.88 3.59 42.62 335.99 4.00 745635 0.00 525.46 4624.71
11.88 3.59 42.62 336.09 4.00 745645 0.00 525.78 4625.16
11.88 3.59 42.62 336.19 4.00 745655 0.00 526.10 4625.58
11.88 3.59 42.62 336.29 4.00 745665 0.00 526.41 4626.00
11.88 3.59 42.62 336.39 4.00 745675 0.00 526.73 4626.44
11.88 3.21 38.13 336.50 4.00 745685 0.00 527.05 4626.83
11.88 3.21 38.13 336.60 4.00 745695 0.00 527.37 4627.21
11.88 3.21 38.13 336.70 4.00 745705 0.00 527.69 4627.58
11.88 3.21 38.13 336.70 4.00 745715 0.00 527.69 4627.98
11.88 3.21 38.13 336.90 4.00 745725 0.00 528.33 4628.35
11.88 3.21 38.13 337.01 4.00 745735 0.00 528.65 4628.73
11.88 3.21 38.13 337.01 4.00 745745 0.00 528.65 4629.10
11.88 3.21 38.13 337.11 4.00 745755 0.00 528.97 4629.50
11.88 3.21 38.13 337.31 4.00 745765 0.00 529.62 4629.88
11.88 3.21 38.13 337.42 4.00 745775 0.00 529.94 4630.25
11.88 3.21 38.13 337.42 4.00 745785 0.00 529.94 4630.65
11.88 3.21 38.13 337.52 4.00 745795 0.00 530.26 4631.03
11.88 3.21 38.13 337.52 4.00 745805 0.00 530.26 4631.40
11.88 3.21 38.13 337.72 4.00 745815 0.00 530.90 4631.77
11.87 3.14 37.27 337.83 4.00 745825 0.00 531.23 4632.17
11.87 3.14 37.27 337.93 4.00 745835 0.00 531.55 4632.53
11.87 3.14 37.27 337.93 4.00 745845 0.00 531.55 4632.90
11.87 3.14 37.27 338.03 4.00 745855 0.00 531.87 4633.29
11.87 3.14 37.27 338.24 4.00 745865 0.00 532.52 4633.65
11.87 3.14 37.27 338.24 4.00 745875 0.00 532.52 4634.01
11.87 3.14 37.27 338.34 4.00 745885 0.00 532.85 4634.40
11.87 3.14 37.27 338.44 4.00 745895 0.00 533.17 4634.77
11.87 3.14 37.27 338.55 4.00 745905 0.00 533.49 4635.13
11.87 3.14 37.27 338.65 4.00 745915 0.00 533.82 4635.52
11.87 3.14 37.27 338.75 4.00 745925 0.00 534.15 4635.89
11.87 3.14 37.27 338.86 4.00 745935 0.00 534.47 4636.25
11.87 3.14 37.27 338.96 4.00 745945 0.00 534.80 4636.64
11.87 3.14 37.27 339.06 4.00 745955 0.00 535.12 4637.00
11.87 2.87 34.11 339.17 4.00 745965 0.00 535.45 4637.36
11.88 2.87 34.15 339.17 4.00 745975 0.00 535.45 4637.72
11.88 2.87 34.15 339.17 4.00 745985 0.00 535.45 4638.06
11.88 2.87 34.15 339.37 4.00 745995 0.00 536.11 4638.39
11.88 2.87 34.15 339.37 4.00 746005 0.00 536.11 4638.73
11.88 2.87 34.15 339.48 4.00 746015 0.00 536.43 4639.09
11.88 2.87 34.15 339.58 4.00 746025 0.00 536.76 4639.42
11.88 2.87 34.15 339.69 4.00 746035 0.00 537.09 4639.76
11.88 2.87 34.15 339.79 4.00 746045 0.00 537.42 4640.11
11.88 2.87 34.15 339.89 4.00 746055 0.00 537.75 4640.45
11.88 2.87 34.15 339.89 4.00 746065 0.00 537.75 4640.78
11.88 2.87 34.15 340.00 4.00 746075 0.00 538.08 4641.12
11.88 2.87 34.15 340.21 4.00 746085 0.00 538.73 4641.48
11.88 2.87 34.15 340.21 4.00 746095 0.00 538.73 4641.81
11.88 2.87 34.15 340.31 4.00 746105 0.00 539.07 4642.15
11.89 2.94 35.02 340.31 4.00 746115 0.00 539.07 4642.49
11.89 2.94 35.02 340.41 4.00 746125 0.00 539.40 4642.86
11.89 2.94 35.02 340.52 4.00 746135 0.00 539.73 4643.20
11.89 2.94 35.02 340.52 4.00 746145 0.00 539.73 4643.55
11.89 2.94 35.02 340.73 4.00 746155 0.00 540.39 4643.91
11.89 2.94 35.02 340.73 4.00 746165 0.00 540.39 4644.26
11.89 2.94 35.02 340.83 4.00 746175 0.00 540.72 4644.60
11.89 2.94 35.02 340.83 4.00 746185 0.00 540.72 4644.94
11.89 2.94 35.02 341.04 4.00 746195 0.00 541.38 4645.31
11.89 2.94 35.02 341.04 4.00 746205 0.00 541.38 4645.66
11.89 2.94 35.02 341.15 4.00 746215 0.00 541.72 4646.00
11.89 2.94 35.02 341.15 4.00 746225 0.00 541.72 4646.37
11.89 2.94 35.02 341.25 4.00 746235 0.00 542.05 4646.71
11.89 2.94 35.02 341.36 4.00 746245 0.00 542.38 4647.05
11.90 2.49 29.64 341.36 4.00 746255 0.00 542.38 4647.35
11.90 2.49 29.64 341.46 4.00 746265 0.00 542.72 4647.67
11.90 2.49 29.64 341.57 4.00 746275 0.00 543.05 4647.96
11.90 2.49 29.64 341.57 4.00 746285 0.00 543.05 4648.25
11.90 2.49 29.64 341.67 4.00 746295 0.00 543.38 4648.56
11.90 2.49 29.64 341.67 4.00 746305 0.00 543.38 4648.85
11.90 2.49 29.64 341.78 4.00 746315 0.00 543.72 4649.14
11.90 2.49 29.64 341.88 4.00 746325 0.00 544.05 4649.43
11.90 2.49 29.64 341.99 4.00 746335 0.00 544.39 4649.74
11.90 2.49 29.64 342.09 4.00 746345 0.00 544.72 4650.03
11.90 2.49 29.64 342.09 4.00 746355 0.00 544.72 4650.32
11.90 2.49 29.64 342.20 4.00 746365 0.00 545.06 4650.63
11.90 2.49 29.64 342.20 4.00 746375 0.00 545.06 4650.92
11.90 2.49 29.64 342.30 4.00 746385 0.00 545.39 4651.21
11.90 2.72 32.36 342.41 4.00 746395 0.00 545.73 4651.52
11.90 2.72 32.36 342.51 4.00 746405 0.00 546.07 4651.86
11.90 2.72 32.36 342.51 4.00 746415 0.00 546.07 4652.18
11.90 2.72 32.36 342.62 4.00 746425 0.00 546.40 4652.49
11.90 2.72 32.36 342.72 4.00 746435 0.00 546.74 4652.83
11.90 2.72 32.36 342.83 4.00 746445 0.00 547.08 4653.15
11.90 2.72 32.36 342.94 4.00 746455 0.00 547.42 4653.47
11.90 2.72 32.36 343.04 4.00 746465 0.00 547.75 4653.78
11.90 2.72 32.36 343.04 4.00 746475 0.00 547.75 4654.12
11.90 2.72 32.36 343.15 4.00 746485 0.00 548.09 4654.44
11.90 2.72 32.36 343.25 4.00 746495 0.00 548.43 4654.76
11.90 2.72 32.36 343.25 4.00 746505 0.00 548.43 4655.10
11.90 2.72 32.36 343.36 4.00 746515 0.00 548.77 4655.42
11.90 2.72 32.36 343.47 4.00 746525 0.00 549.11 4655.73
11.89 2.68 31.89 343.57 4.00 746535 0.00 549.45 4656.05
11.89 2.68 31.89 343.57 4.00 746545 0.00 549.45 4656.38
11.89 2.68 31.89 343.68 4.00 746555 0.00 549.79 4656.70
11.89 2.68 31.89 343.68 4.00 746565 0.00 549.79 4657.01
11.89 2.68 31.89 343.78 4.00 746575 0.00 550.13 4657.34
11.89 2.68 31.89 343.89 4.00 746585 0.00 550.47 4657.66
11.89 2.68 31.89 343.89 4.00 746595 0.00 550.47 4657.97
11.89 2.68 31.89 344.10 4.00 746605 0.00 551.15 4658.28
11.89 2.68 31.89 344.00 4.00 746615 0.00 550.81 4658.62
11.89 2.68 31.89 344.21 4.00 746625 0.00 551.49 4658.93
11.89 2.68 31.89 344.21 4.00 746635 0.00 551.49 4659.24
11.89 2.68 31.89 344.32 4.00 746645 0.00 551.84 4659.56
11.89 2.68 31.89 344.42 4.00 746655 0.00 552.18 4659.89
11.89 2.68 31.89 344.42 4.00 746665 0.00 552.18 4660.20
11.89 2.50 29.77 344.53 4.00 746675 0.00 552.52 4660.51
11.90 2.50 29.80 344.64 4.00 746685 0.00 552.86 4660.83
11.90 2.50 29.80 344.53 4.00 746695 0.00 552.52 4661.12
11.90 2.50 29.80 344.74 4.00 746705 0.00 553.21 4661.41
11.90 2.50 29.80 344.74 4.00 746715 0.00 553.21 4661.70
11.90 2.50 29.80 344.85 4.00 746725 0.00 553.55 4662.02
11.90 2.50 29.80 344.85 4.00 746735 0.00 553.55 4662.31
11.90 2.50 29.80 344.96 4.00 746745 0.00 553.89 4662.60
11.90 2.50 29.80 345.07 4.00 746755 0.00 554.24 4662.91
11.90 2.50 29.80 345.07 4.00 746765 0.00 554.24 4663.20
11.90 2.50 29.80 345.17 4.00 746775 0.00 554.58 4663.49
11.90 2.50 29.80 345.17 4.00 746785 0.00 554.58 4663.81
11.90 2.50 29.80 345.39 4.00 746795 0.00 555.27 4664.10
11.90 2.50 29.80 345.39 4.00 746805 0.00 555.27 4664.39
11.90 2.50 29.80 345.49 4.00 746815 0.00 555.62 4664.68
11.90 2.44 29.06 345.60 4.00 746825 0.00 555.96 4664.99
11.90 2.44 29.06 345.60 4.00 746835 0.00 555.96 4665.27
11.90 2.44 29.06 345.71 4.00 746845 0.00 556.31 4665.56
11.90 2.44 29.06 345.71 4.00 746855 0.00 556.31 4665.86
11.90 2.44 29.06 345.82 4.00 746865 0.00 556.66 4666.15
11.90 2.44 29.06 345.82 4.00 746875 0.00 556.66 4666.43
11.90 2.44 29.06 345.92 4.00 746885 0.00 557.00 4666.73
11.90 2.44 29.06 346.03 4.00 746895 0.00 557.35 4667.02
11.90 2.44 29.06 346.03 4.00 746905 0.00 557.35 4667.31
11.90 2.44 29.06 346.03 4.00 746915 0.00 557.35 4667.59
11.90 2.44 29.06 346.14 4.00 746925 0.00 557.70 4667.89
11.90 2.44 29.06 346.25 4.00 746935 0.00 558.04 4668.18
11.90 2.44 29.06 346.25 4.00 746945 0.00 558.04 4668.46
11.90 2.44 29.06 346.36 4.00 746955 0.00 558.39 4668.77
11.91 2.30 27.36 346.36 4.00 746965 0.00 558.39 4669.04
11.91 2.30 27.36 346.46 4.00 746975 0.00 558.74 4669.31
11.91 2.30 27.36 346.57 4.00 746985 0.00 559.09 4669.58
11.91 2.30 27.36 346.57 4.00 746995 0.00 559.09 4669.86
11.91 2.30 27.36 346.68 4.00 747005 0.00 559.44 4670.13
11.91 2.30 27.36 346.68 4.00 747015 0.00 559.44 4670.40
11.91 2.30 27.36 346.90 4.00 747025 0.00 560.14 4670.69
11.91 2.30 27.36 346.90 4.00 747035 0.00 560.14 4670.96
11.91 2.30 27.36 346.90 4.00 747045 0.00 560.14 4671.22
11.91 2.30 27.36 347.01 4.00 747055 0.00 560.49 4671.49
11.91 2.30 27.36 347.01 4.00 747065 0.00 560.49 4671.78
11.91 2.30 27.36 347.11 4.00 747075 0.00 560.84 4672.05
11.91 2.30 27.36 347.22 4.00 747085 0.00 561.19 4672.32
11.91 2.30 27.36 347.22 4.00 747095 0.00 561.19 4672.60
11.91 2.23 26.52 347.33 4.00 747105 0.00 561.54 4672.87
11.91 2.23 26.52 347.22 4.00 747115 0.00 561.19 4673.13
11.91 2.23 26.52 347.44 4.00 747125 0.00 561.89 4673.39
11.91 2.23 26.52 347.44 4.00 747135 0.00 561.89 4673.66
11.91 2.23 26.52 347.44 4.00 747145 0.00 561.89 4673.92
11.91 2.23 26.52 347.55 4.00 747155 0.00 562.24 4674.19
11.91 2.23 26.52 347.66 4.00 747165 0.00 562.59 4674.46
11.91 2.23 26.52 347.66 4.00 747175 0.00 562.59 4674.72
11.91 2.23 26.52 347.66 4.00 747185 0.00 562.59 4674.98
11.91 2.23 26.52 347.77 4.00 747195 0.00 562.94 4675.25
11.91 2.23 26.52 347.87 4.00 747205 0.00 563.30 4675.52
11.91 2.23 26.52 347.98 4.00 747215 0.00 563.65 4675.78
11.91 2.23 26.52 347.98 4.00 747225 0.00 563.65 4676.04
11.91 2.23 26.52 347.98 4.00 747235 0.00 563.65 4676.30
11.91 2.17 25.90 348.09 4.00 747245 0.00 564.00 4676.58
11.91 2.17 25.90 348.20 4.00 747255 0.00 564.36 4676.83
11.91 2.17 25.90 348.20 4.00 747265 0.00 564.36 4677.09
11.91 2.17 25.90 348.20 4.00 747275 0.00 564.36 4677.36
11.91 2.17 25.90 348.31 4.00 747285 0.00 564.71 4677.61
11.91 2.17 25.90 348.42 4.00 747295 0.00 565.07 4677.87
11.91 2.17 25.90 348.42 4.00 747305 0.00 565.07 4678.12
11.91 2.17 25.90 348.53 4.00 747315 0.00 565.42 4678.39
11.91 2.17 25.90 348.53 4.00 747325 0.00 565.42 4678.65
11.91 2.17 25.90 348.64 4.00 747335 0.00 565.77 4678.90
11.91 2.17 25.90 348.64 4.00 747345 0.00 565.77 4679.17
11.91 2.17 25.90 348.75 4.00 747355 0.00 566.13 4679.42
11.91 2.17 25.90 348.75 4.00 747365 0.00 566.13 4679.68
11.91 2.17 25.90 348.86 4.00 747375 0.00 566.49 4679.93
11.91 2.47 29.46 348.86 4.00 747385 0.00 566.49 4680.21
11.90 2.47 29.44 348.97 4.00 747395 0.00 566.84 4680.50
11.90 2.47 29.44 349.08 4.00 747405 0.00 567.20 4680.79
11.90 2.47 29.44 349.08 4.00 747415 0.00 567.20 4681.10
11.90 2.47 29.44 349.19 4.00 747425 0.00 567.55 4681.39
11.90 2.47 29.44 349.19 4.00 747435 0.00 567.55 4681.68
11.90 2.47 29.44 349.30 4.00 747445 0.00 567.91 4681.96
11.90 2.47 29.44 349.30 4.00 747455 0.00 567.91 4682.27
11.90 2.47 29.44 349.41 4.00 747465 0.00 568.27 4682.56
11.90 2.47 29.44 349.52 4.00 747475 0.00 568.63 4682.85
11.90 2.47 29.44 349.52 4.00 747485 0.00 568.63 4683.16
11.90 2.47 29.44 349.63 4.00 747495 0.00 568.98 4683.45
11.90 2.47 29.44 349.63 4.00 747505 0.00 568.98 4683.74
11.90 2.47 29.44 349.74 4.00 747515 0.00 569.34 4684.03
11.90 2.47 29.44 349.74 4.00 747525 0.00 569.34 4684.33
11.92 2.04 24.26 349.85 4.00 747535 0.00 569.70 4684.57
11.92 2.04 24.26 349.85 4.00 747545 0.00 569.70 4684.81
11.92 2.04 24.26 349.85 4.00 747555 0.00 569.70 4685.06
11.92 2.04 24.26 350.07 4.00 747565 0.00 570.42 4685.30
11.92 2.04 24.26 349.96 4.00 747575 0.00 570.06 4685.54
11.92 2.04 24.26 350.07 4.00 747585 0.00 570.42 4685.78
11.92 2.04 24.26 350.07 4.00 747595 0.00 570.42 4686.03
11.92 2.04 24.26 350.18 4.00 747605 0.00 570.78 4686.27
11.92 2.04 24.26 350.18 4.00 747615 0.00 570.78 4686.51
11.92 2.04 24.26 350.18 4.00 747625 0.00 570.78 4686.76
11.92 2.04 24.26 350.29 4.00 747635 0.00 571.14 4687.00
11.92 2.04 24.26 350.29 4.00 747645 0.00 571.14 4687.24
11.92 2.04 24.26 350.40 4.00 747655 0.00 571.50 4687.49
11.92 2.04 24.26 350.40 4.00 747665 0.00 571.50 4687.73
11.92 2.01 23.90 350.51 4.00 747675 0.00 571.86 4687.96
11.92 2.01 23.90 350.51 4.00 747685 0.00 571.86 4688.20
11.92 2.01 23.90 350.62 4.00 747695 0.00 572.22 4688.45
11.92 2.01 23.90 350.73 4.00 747705 0.00 572.58 4688.68
11.92 2.01 23.90 350.73 4.00 747715 0.00 572.58 4688.92
11.92 2.01 23.90 350.73 4.00 747725 0.00 572.58 4689.17
11.92 2.01 23.90 350.73 4.00 747735 0.00 572.58 4689.40
11.92 2.01 23.90 350.84 4.00 747745 0.00 572.94 4689.64
11.92 2.01 23.90 350.95 4.00 747755 0.00 573.30 4689.87
11.92 2.01 23.90 350.95 4.00 747765 0.00 573.30 4690.12
11.92 2.01 23.90 350.95 4.00 747775 0.00 573.30 4690.36
11.92 2.01 23.90 351.06 4.00 747785 0.00 573.67 4690.59
11.92 2.01 23.90 351.06 4.00 747795 0.00 573.67 4690.84
11.92 2.01 23.90 351.17 4.00 747805 0.00 574.03 4691.07
11.92 1.86 22.20 351.17 4.00 747815 0.00 574.03 4691.30
11.92 1.86 22.20 351.17 4.00 747825 0.00 574.03 4691.52
11.92 1.86 22.20 351.28 4.00 747835 0.00 574.39 4691.75
11.92 1.86 22.20 351.28 4.00 747845 0.00 574.39 4691.97
11.92 1.86 22.20 351.40 4.00 747855 0.00 574.76 4692.19
11.92 1.86 22.20 351.40 4.00 747865 0.00 574.76 4692.42
11.92 1.86 22.20 351.51 4.00 747875 0.00 575.12 4692.64
11.92 1.86 22.20 351.62 4.00 747885 0.00 575.48 4692.85
11.92 1.86 22.20 351.62 4.00 747895 0.00 575.48 4693.07
11.92 1.86 22.20 351.62 4.00 747905 0.00 575.48 4693.31
11.92 1.86 22.20 351.62 4.00 747915 0.00 575.48 4693.52
11.92 1.86 22.20 351.73 4.00 747925 0.00 575.85 4693.74
11.92 1.86 22.20 351.84 4.00 747935 0.00 576.21 4693.97
11.92 1.86 22.20 351.84 4.00 747945 0.00 576.21 4694.19
11.92 1.76 21.01 351.95 4.00 747955 0.00 576.58 4694.41
11.92 1.76 21.01 351.95 4.00 747965 0.00 576.58 4694.61
11.92 1.76 21.01 351.95 4.00 747975 0.00 576.58 4694.83
11.92 1.76 21.01 351.95 4.00 747985 0.00 576.58 4695.04
11.92 1.76 21.01 351.95 4.00 747995 0.00 576.58 4695.24
11.92 1.76 21.01 352.06 4.00 748005 0.00 576.94 4695.46
11.92 1.76 21.01 352.06 4.00 748015 0.00 576.94 4695.67
11.92 1.76 21.01 352.17 4.00 748025 0.00 577.31 4695.88
11.92 1.76 21.01 352.17 4.00 748035 0.00 577.31 4696.08
11.92 1.76 21.01 352.17 4.00 748045 0.00 577.31 4696.30
11.92 1.76 21.01 352.17 4.00 748055 0.00 577.31 4696.51
11.92 1.76 21.01 352.29 4.00 748065 0.00 577.68 4696.72
11.92 1.76 21.01 352.29 4.00 748075 0.00 577.68 4696.93
11.92 1.76 21.01 352.40 4.00 748085 0.00 578.04 4697.14
11.92 1.77 21.09 352.40 4.00 748095 0.00 578.04 4697.35
11.92 1.77 21.09 352.51 4.00 748105 0.00 578.41 4697.55
11.92 1.77 21.09 352.51 4.00 748115 0.00 578.41 4697.78
11.92 1.77 21.09 352.51 4.00 748125 0.00 578.41 4697.98
11.92 1.77 21.09 352.51 4.00 748135 0.00 578.41 4698.19
11.92 1.77 21.09 352.62 4.00 748145 0.00 578.78 4698.41
11.92 1.77 21.09 352.73 4.00 748155 0.00 579.14 4698.62
11.92 1.77 21.09 352.62 4.00 748165 0.00 578.78 4698.82
11.92 1.77 21.09 352.73 4.00 748175 0.00 579.14 4699.03
11.92 1.77 21.09 352.85 4.00 748185 0.00 579.51 4699.25
11.92 1.77 21.09 352.85 4.00 748195 0.00 579.51 4699.46
11.92 1.77 21.09 352.96 4.00 748205 0.00 579.88 4699.67
11.92 1.77 21.09 352.96 4.00 748215 0.00 579.88 4699.87
11.92 1.77 21.09 352.96 4.00 748225 0.00 579.88 4700.09
11.92 1.77 21.09 353.07 4.00 748235 0.00 580.25 4700.30
11.91 1.93 22.97 353.07 4.00 748245 0.00 580.25 4700.53
11.91 1.93 22.97 353.18 4.00 748255 0.00 580.62 4700.77
11.91 1.93 22.97 353.18 4.00 748265 0.00 580.62 4700.99
11.91 1.93 22.97 353.18 4.00 748275 0.00 580.62 4701.22
11.91 1.93 22.97 353.29 4.00 748285 0.00 580.99 4701.44
11.91 1.93 22.97 353.29 4.00 748295 0.00 580.99 4701.68
11.91 1.93 22.97 353.41 4.00 748305 0.00 581.36 4701.91
11.91 1.93 22.97 353.41 4.00 748315 0.00 581.36 4702.13
11.91 1.93 22.97 353.41 4.00 748325 0.00 581.36 4702.38
11.91 1.93 22.97 353.52 4.00 748335 0.00 581.73 4702.60
11.91 1.93 22.97 353.52 4.00 748345 0.00 581.73 4702.83
11.91 1.93 22.97 353.63 4.00 748355 0.00 582.10 4703.05
11.91 1.93 22.97 353.63 4.00 748365 0.00 582.10 4703.29
11.91 1.93 22.97 353.63 4.00 748375 0.00 582.10 4703.52
11.92 1.76 20.99 353.74 4.00 748385 0.00 582.47 4703.73
11.92 1.76 20.99 353.74 4.00 748395 0.00 582.47 4703.95
11.92 1.76 20.99 353.86 4.00 748405 0.00 582.84 4704.15
11.92 1.76 20.99 353.86 4.00 748415 0.00 582.84 4704.36
11.92 1.76 20.99 353.97 4.00 748425 0.00 583.21 4704.57
11.92 1.76 20.99 353.97 4.00 748435 0.00 583.21 4704.79
11.92 1.76 20.99 354.08 4.00 748445 0.00 583.58 4704.99
11.92 1.76 20.99 354.08 4.00 748455 0.00 583.58 4705.20
11.92 1.76 20.99 354.20 4.00 748465 0.00 583.95 4705.42
11.92 1.76 20.99 354.20 4.00 748475 0.00 583.95 4705.62
11.92 1.76 20.99 354.20 4.00 748485 0.00 583.95 4705.83
11.92 1.76 20.99 354.31 4.00 748495 0.00 584.33 4706.04
11.92 1.76 20.99 354.31 4.00 748505 0.00 584.33 4706.26
11.92 1.76 20.99 354.31 4.00 748515 0.00 584.33 4706.46
11.92 2.07 24.70 354.42 4.00 748525 0.00 584.70 4706.69
11.92 2.07 24.70 354.42 4.00 748535 0.00 584.70 4706.94
11.92 2.07 24.70 354.53 4.00 748545 0.00 585.07 4707.18
11.92 2.07 24.70 354.53 4.00 748555 0.00 585.07 4707.43
11.92 2.07 24.70 354.65 4.00 748565 0.00 585.45 4707.68
11.92 2.07 24.70 354.65 4.00 748575 0.00 585.45 4707.92
11.92 2.07 24.70 354.65 4.00 748585 0.00 585.45 4708.16
11.92 2.07 24.70 354.76 4.00 748595 0.00 585.82 4708.42
11.92 2.07 24.70 354.87 4.00 748605 0.00 586.19 4708.66
11.92 2.07 24.70 354.65 4.00 748615 0.00 585.45 4708.92
11.92 2.07 24.70 354.87 4.00 748625 0.00 586.19 4709.16
11.92 2.07 24.70 354.87 4.00 748635 0.00 586.19 4709.40
11.92 2.07 24.70 354.87 4.00 748645 0.00 586.19 4709.66
11.92 2.07 24.70 354.99 4.00 748655 0.00 586.57 4709.90
11.93 1.52 18.10 354.99 4.00 748665 0.00 586.57 4710.13
11.93 1.52 18.10 354.99 4.00 748675 0.00 586.57 4710.31
11.93 1.52 18.10 355.10 4.00 748685 0.00 586.94 4710.49
11.93 1.52 18.10 355.10 4.00 748695 0.00 586.94 4710.67
11.93 1.52 18.10 355.10 4.00 748705 0.00 586.94 4710.86
11.93 1.52 18.10 355.21 4.00 748715 0.00 587.32 4711.03
11.93 1.52 18.10 355.21 4.00 748725 0.00 587.32 4711.21
11.93 1.52 18.10 355.21 4.00 748735 0.00 587.32 4711.40
11.93 1.52 18.10 355.33 4.00 748745 0.00 587.69 4711.58
11.93 1.52 18.10 355.21 4.00 748755 0.00 587.32 4711.76
11.93 1.52 18.10 355.33 4.00 748765 0.00 587.69 4711.93
11.93 1.52 18.10 355.21 4.00 748775 0.00 587.32 4712.12
11.93 1.52 18.10 355.44 4.00 748785 0.00 588.07 4712.30
11.93 1.52 18.10 355.33 4.00 748795 0.00 587.69 4712.48
11.93 1.47 17.57 355.44 4.00 748805 0.00 588.07 4712.67
11.93 1.47 17.57 355.44 4.00 748815 0.00 588.07 4712.84
11.93 1.47 17.57 355.44 4.00 748825 0.00 588.07 4713.01
11.93 1.47 17.57 355.56 4.00 748835 0.00 588.45 4713.18
11.93 1.47 17.57 355.56 4.00 748845 0.00 588.45 4713.37
11.93 1.47 17.57 355.67 4.00 748855 0.00 588.82 4713.54
11.93 1.47 17.57 355.56 4.00 748865 0.00 588.45 4713.71
11.93 1.47 17.57 355.67 4.00 748875 0.00 588.82 4713.89
11.93 1.47 17.57 355.67 4.00 748885 0.00 588.82 4714.07
11.93 1.47 17.57 355.67 4.00 748895 0.00 588.82 4714.24
11.93 1.47 17.57 355.78 4.00 748905 0.00 589.20 4714.42
11.93 1.47 17.57 355.78 4.00 748915 0.00 589.20 4714.60
11.93 1.47 17.57 355.78 4.00 748925 0.00 589.20 4714.77
11.93 1.47 17.57 355.90 4.00 748935 0.00 589.58 4714.94
11.93 1.47 17.57 355.90 4.00 748945 0.00 589.58 4715.12
11.93 1.56 18.62 355.90 4.00 748955 0.00 589.58 4715.31
11.93 1.56 18.62 355.90 4.00 748965 0.00 589.58 4715.49
11.93 1.56 18.62 356.01 4.00 748975 0.00 589.96 4715.68
11.93 1.56 18.62 356.01 4.00 748985 0.00 589.96 4715.87
11.93 1.56 18.62 356.13 4.00 748995 0.00 590.33 4716.05
11.93 1.56 18.62 356.01 4.00 749005 0.00 589.96 4716.24
11.93 1.56 18.62 356.13 4.00 749015 0.00 590.33 4716.42
11.93 1.56 18.62 356.13 4.00 749025 0.00 590.33 4716.61
11.93 1.56 18.62 356.13 4.00 749035 0.00 590.33 4716.80
11.93 1.56 18.62 356.24 4.00 749045 0.00 590.71 4716.98
11.93 1.56 18.62 356.24 4.00 749055 0.00 590.71 4717.17
11.93 1.56 18.62 356.24 4.00 749065 0.00 590.71 4717.36
11.93 1.56 18.62 356.24 4.00 749075 0.00 590.71 4717.54
11.93 1.56 18.62 356.35 4.00 749085 0.00 591.09 4717.72
11.93 1.48 17.70 356.35 4.00 749095 0.00 591.09 4717.91
11.93 1.48 17.70 356.47 4.00 749105 0.00 591.47 4718.08
11.93 1.48 17.70 356.47 4.00 749115 0.00 591.47 4718.26
11.93 1.48 17.70 356.47 4.00 749125 0.00 591.47 4718.44
11.93 1.48 17.70 356.58 4.00 749135 0.00 591.85 4718.61
11.93 1.48 17.70 356.58 4.00 749145 0.00 591.85 4718.79
11.93 1.48 17.70 356.58 4.00 749155 0.00 591.85 4718.97
11.93 1.48 17.70 356.58 4.00 749165 0.00 591.85 4719.14
11.93 1.48 17.70 356.70 4.00 749175 0.00 592.23 4719.33
11.93 1.48 17.70 356.70 4.00 749185 0.00 592.23 4719.50
11.93 1.48 17.70 356.70 4.00 749195 0.00 592.23 4719.67
11.93 1.48 17.70 356.70 4.00 749205 0.00 592.23 4719.86
11.93 1.48 17.70 356.70 4.00 749215 0.00 592.23 4720.03
11.93 1.48 17.70 356.81 4.00 749225 0.00 592.61 4720.20
11.94 1.40 16.70 356.81 4.00 749235 0.00 592.61 4720.38
11.94 1.40 16.70 356.93 4.00 749245 0.00 592.99 4720.55
11.94 1.40 16.70 356.93 4.00 749255 0.00 592.99 4720.71
11.94 1.40 16.70 356.93 4.00 749265 0.00 592.99 4720.89
11.94 1.40 16.70 356.93 4.00 749275 0.00 592.99 4721.05
11.94 1.40 16.70 357.04 4.00 749285 0.00 593.37 4721.21
11.94 1.40 16.70 357.04 4.00 749295 0.00 593.37 4721.38
11.94 1.40 16.70 357.04 4.00 749305 0.00 593.37 4721.55
11.94 1.40 16.70 357.04 4.00 749315 0.00 593.37 4721.72
11.94 1.40 16.70 357.16 4.00 749325 0.00 593.76 4721.88
11.94 1.40 16.70 357.16 4.00 749335 0.00 593.76 4722.06
11.94 1.40 16.70 357.16 4.00 749345 0.00 593.76 4722.22
11.94 1.40 16.70 357.16 4.00 749355 0.00 593.76 4722.38
11.94 1.40 16.70 357.27 4.00 749365 0.00 594.14 4722.55
11.94 1.38 16.46 357.27 4.00 749375 0.00 594.14 4722.72
11.94 1.38 16.46 357.39 4.00 749385 0.00 594.52 4722.88
11.94 1.38 16.46 357.27 4.00 749395 0.00 594.14 4723.04
11.94 1.38 16.46 357.27 4.00 749405 0.00 594.14 4723.22
11.94 1.38 16.46 357.39 4.00 749415 0.00 594.52 4723.38
11.94 1.38 16.46 357.39 4.00 749425 0.00 594.52 4723.54
11.94 1.38 16.46 357.39 4.00 749435 0.00 594.52 4723.70
11.94 1.38 16.46 357.50 4.00 749445 0.00 594.90 4723.87
11.94 1.38 16.46 357.50 4.00 749455 0.00 594.90 4724.04
11.94 1.38 16.46 357.50 4.00 749465 0.00 594.90 4724.20
11.94 1.38 16.46 357.50 4.00 749475 0.00 594.90 4724.37
11.94 1.38 16.46 357.50 4.00 749485 0.00 594.90 4724.53
11.94 1.38 16.46 357.62 4.00 749495 0.00 595.29 4724.69
11.94 1.38 16.46 357.62 4.00 749505 0.00 595.29 4724.85
11.94 1.31 15.58 357.62 4.00 749515 0.00 595.29 4725.02
11.94 1.31 15.59 357.62 4.00 749525 0.00 595.29 4725.18
11.94 1.31 15.59 357.73 4.00 749535 0.00 595.67 4725.33
11.94 1.31 15.59 357.73 4.00 749545 0.00 595.67 4725.49
11.94 1.31 15.59 357.73 4.00 749555 0.00 595.67 4725.65
11.94 1.31 15.59 357.73 4.00 749565 0.00 595.67 4725.80
11.94 1.31 15.59 357.73 4.00 749575 0.00 595.67 4725.95
11.94 1.31 15.59 357.85 4.00 749585 0.00 596.05 4726.12
11.94 1.31 15.59 357.85 4.00 749595 0.00 596.05 4726.27
11.94 1.31 15.59 357.73 4.00 749605 0.00 595.67 4726.42
11.94 1.31 15.59 357.73 4.00 749615 0.00 595.67 4726.58
11.94 1.31 15.59 357.73 4.00 749625 0.00 595.67 4726.74
11.94 1.31 15.59 357.85 4.00 749635 0.00 596.05 4726.89
11.94 1.31 15.59 357.73 4.00 749645 0.00 595.67 4727.05
11.94 1.31 15.59 357.73 4.00 749655 0.00 595.67 4727.21
11.98 0.04 0.49 357.73 4.00 749665 0.00 595.67 4727.21
11.98 0.04 0.49 357.73 4.00 749675 0.00 595.67 4727.22
11.98 0.04 0.49 357.73 4.00 749685 0.00 595.67 4727.22
11.98 0.04 0.49 357.73 4.00 749695 0.00 595.67 4727.23
11.98 0.04 0.49 357.73 4.00 749705 0.00 595.67 4727.23
11.98 0.04 0.49 357.62 4.00 749715 0.00 595.29 4727.24
11.98 0.04 0.49 357.62 4.00 749725 0.00 595.29 4727.24
11.98 0.04 0.49 357.62 4.00 749735 0.00 595.29 4727.25
11.98 0.04 0.49 357.62 4.00 749745 0.00 595.29 4727.25
11.98 0.04 0.49 357.62 4.00 749755 0.00 595.29 4727.26
11.98 0.04 0.49 357.62 4.00 749765 0.00 595.29 4727.26
11.98 0.04 0.49 357.62 4.00 749775 0.00 595.29 4727.27
11.98 0.04 0.49 357.62 4.00 749785 0.00 595.29 4727.27
11.98 0.04 0.49 357.50 4.00 749795 0.00 594.90 4727.28
11.98 0.00 0.03 357.50 4.00 749805 0.00 594.90 4727.28
11.98 0.00 0.03 357.50 4.00 749815 0.00 594.90 4727.28
11.98 0.00 0.03 357.50 4.00 749825 0.00 594.90 4727.28
11.98 0.00 0.03 357.39 4.00 749835 0.00 594.52 4727.28
11.98 0.00 0.03 357.39 4.00 749845 0.00 594.52 4727.28
11.98 0.00 0.03 357.39 4.00 749855 0.00 594.52 4727.28
11.98 0.00 0.03 357.39 4.00 749865 0.00 594.52 4727.28
11.98 0.00 0.03 357.39 4.00 749875 0.00 594.52 4727.28
11.98 0.00 0.03 357.27 4.00 749885 0.00 594.14 4727.28
11.98 0.00 0.03 357.39 4.00 749895 0.00 594.52 4727.28
11.98 0.00 0.03 357.27 4.00 749905 0.00 594.14 4727.28
11.98 0.00 0.03 357.27 4.00 749915 0.00 594.14 4727.28
11.98 0.00 0.03 357.27 4.00 749925 0.00 594.14 4727.28
11.98 0.00 0.03 357.27 4.00 749935 0.00 594.14 4727.28
11.98 0.00 0.03 357.27 4.00 749945 0.00 594.14 4727.28
11.98 0.00 0.03 357.27 4.00 749955 0.00 594.14 4727.28
11.98 0.00 0.03 357.16 4.00 749965 0.00 593.76 4727.28
11.98 0.00 0.03 357.16 4.00 749975 0.00 593.76 4727.28
11.98 0.00 0.03 357.27 4.00 749985 0.00 594.14 4727.28
11.98 0.00 0.03 357.16 4.00 749995 0.00 593.76 4727.28
11.98 0.00 0.03 357.16 4.00 750005 0.00 593.76 4727.28
11.98 0.00 0.03 357.16 4.00 750015 0.00 593.76 4727.29
11.98 0.00 0.03 357.04 4.00 750025 0.00 593.37 4727.29
11.98 0.00 0.03 357.04 4.00 750035 0.00 593.37 4727.29
11.98 0.00 0.03 357.04 4.00 750045 0.00 593.37 4727.29
11.98 0.00 0.03 357.04 4.00 750055 0.00 593.37 4727.29
11.98 0.00 0.03 357.04 4.00 750065 0.00 593.37 4727.29
11.98 0.00 0.03 357.04 4.00 750075 0.00 593.37 4727.29
11.98 0.00 0.03 356.93 4.00 750085 0.00 592.99 4727.29
11.98 0.00 0.03 356.93 4.00 750095 0.00 592.99 4727.29
11.98 0.00 0.03 356.93 4.00 750105 0.00 592.99 4727.29
11.98 0.00 0.03 356.93 4.00 750115 0.00 592.99 4727.29
11.98 0.00 0.03 356.93 4.00 750125 0.00 592.99 4727.29
11.98 0.00 0.03 356.93 4.00 750135 0.00 592.99 4727.29
11.98 0.00 0.03 356.93 4.00 750145 0.00 592.99 4727.29
11.98 0.00 0.03 356.93 4.00 750155 0.00 592.99 4727.29
11.98 0.00 0.03 356.81 4.00 750165 0.00 592.61 4727.29
11.98 0.00 0.03 356.81 4.00 750175 0.00 592.61 4727.29
11.98 0.00 0.03 356.81 4.00 750185 0.00 592.61 4727.29
11.98 0.00 0.03 356.81 4.00 750195 0.00 592.61 4727.29
11.98 0.00 0.03 356.81 4.00 750205 0.00 592.61 4727.29
11.98 0.00 0.03 356.81 4.00 750215 0.00 592.61 4727.29
11.98 0.00 0.03 356.70 4.00 750225 0.00 592.23 4727.29
11.98 0.00 0.03 356.70 4.00 750235 0.00 592.23 4727.29
11.98 0.00 0.03 356.70 4.00 750245 0.00 592.23 4727.29
11.98 0.00 0.03 356.70 4.00 750255 0.00 592.23 4727.29
11.98 0.00 0.03 356.70 4.00 750265 0.00 592.23 4727.29
11.98 0.00 0.03 356.58 4.00 750275 0.00 591.85 4727.29
11.98 0.00 0.03 356.70 4.00 750285 0.00 592.23 4727.29
11.98 0.00 0.03 356.58 4.00 750295 0.00 591.85 4727.29
11.98 0.00 0.03 356.58 4.00 750305 0.00 591.85 4727.29
11.98 0.00 0.03 356.47 4.00 750315 0.00 591.47 4727.29
11.98 0.00 0.03 356.58 4.00 750325 0.00 591.85 4727.29
11.98 0.00 0.03 356.58 4.00 750335 0.00 591.85 4727.30
11.98 0.00 0.03 356.47 4.00 750345 0.00 591.47 4727.30
11.98 0.00 0.03 356.47 4.00 750355 0.00 591.47 4727.30
11.98 0.00 0.03 356.47 4.00 750365 0.00 591.47 4727.30
11.98 0.00 0.03 356.47 4.00 750375 0.00 591.47 4727.30
11.98 0.00 0.03 356.47 4.00 750385 0.00 591.47 4727.30
11.98 0.00 0.03 356.47 4.00 750395 0.00 591.47 4727.30
11.98 0.00 0.03 356.35 4.00 750405 0.00 591.09 4727.30
11.98 0.00 0.03 356.35 4.00 750415 0.00 591.09 4727.30
11.98 0.00 0.03 356.35 4.00 750425 0.00 591.09 4727.30
11.98 0.00 0.03 356.35 4.00 750435 0.00 591.09 4727.30
11.98 0.00 0.03 356.35 4.00 750445 0.00 591.09 4727.30
11.98 0.00 0.03 356.35 4.00 750455 0.00 591.09 4727.30
11.98 0.00 0.03 356.24 4.00 750465 0.00 590.71 4727.30
11.98 0.00 0.03 356.24 4.00 750475 0.00 590.71 4727.30
11.98 0.00 0.03 356.24 4.00 750485 0.00 590.71 4727.30
11.98 0.00 0.03 356.24 4.00 750495 0.00 590.71 4727.30
11.98 0.00 0.03 356.13 4.00 750505 0.00 590.33 4727.30
11.98 0.00 0.03 356.24 4.00 750515 0.00 590.71 4727.30
11.98 0.00 0.03 356.24 4.00 750525 0.00 590.71 4727.30
11.98 0.00 0.03 356.13 4.00 750535 0.00 590.33 4727.30
11.98 0.00 0.03 356.13 4.00 750545 0.00 590.33 4727.30
11.98 0.00 0.03 356.13 4.00 750555 0.00 590.33 4727.30
11.98 0.00 0.03 356.13 4.00 750565 0.00 590.33 4727.30
11.98 0.00 0.03 356.01 4.00 750575 0.00 589.96 4727.30
11.98 0.00 0.03 356.13 4.00 750585 0.00 590.33 4727.30
11.98 0.00 0.03 356.01 4.00 750595 0.00 589.96 4727.30
11.98 0.00 0.03 356.01 4.00 750605 0.00 589.96 4727.30
11.98 0.00 0.03 356.01 4.00 750615 0.00 589.96 4727.30
11.98 0.00 0.03 356.01 4.00 750625 0.00 589.96 4727.30
11.98 0.00 0.03 356.01 4.00 750635 0.00 589.96 4727.30
11.98 0.00 0.03 355.90 4.00 750645 0.00 589.58 4727.30
11.98 0.00 0.03 355.90 4.00 750655 0.00 589.58 4727.31
11.98 0.00 0.03 355.90 4.00 750665 0.00 589.58 4727.31
11.98 0.00 0.03 355.90 4.00 750675 0.00 589.58 4727.31
11.98 0.00 0.03 355.78 4.00 750685 0.00 589.20 4727.31
11.98 0.00 0.03 355.90 4.00 750695 0.00 589.58 4727.31
11.98 0.00 0.03 355.90 4.00 750705 0.00 589.58 4727.31
11.98 0.00 0.03 355.90 4.00 750715 0.00 589.58 4727.31
11.98 0.00 0.03 355.90 4.00 750725 0.00 589.58 4727.31
11.98 0.00 0.03 355.78 4.00 750735 0.00 589.20 4727.31
11.98 0.00 0.03 355.78 4.00 750745 0.00 589.20 4727.31
11.98 0.00 0.03 355.78 4.00 750755 0.00 589.20 4727.31
11.98 0.00 0.03 355.78 4.00 750765 0.00 589.20 4727.31
11.98 0.00 0.03 355.67 4.00 750775 0.00 588.82 4727.31
11.98 0.00 0.03 355.67 4.00 750785 0.00 588.82 4727.31
11.98 0.00 0.03 355.67 4.00 750795 0.00 588.82 4727.31
11.98 0.00 0.03 355.67 4.00 750805 0.00 588.82 4727.31
11.98 0.00 0.03 355.67 4.00 750815 0.00 588.82 4727.31
11.98 0.00 0.03 355.67 4.00 750825 0.00 588.82 4727.31
11.98 0.00 0.03 355.56 4.00 750835 0.00 588.45 4727.31
11.98 0.00 0.03 355.56 4.00 750845 0.00 588.45 4727.31
11.98 0.00 0.03 355.56 4.00 750855 0.00 588.45 4727.31
11.98 0.00 0.03 355.44 4.00 750865 0.00 588.07 4727.31
11.98 0.00 0.03 355.56 4.00 750875 0.00 588.45 4727.31
11.98 0.00 0.03 355.56 4.00 750885 0.00 588.45 4727.31
11.98 0.00 0.03 355.44 4.00 750895 0.00 588.07 4727.31
11.98 0.00 0.03 355.44 4.00 750905 0.00 588.07 4727.31
11.98 0.00 0.03 355.44 4.00 750915 0.00 588.07 4727.31
11.98 0.00 0.03 355.44 4.00 750925 0.00 588.07 4727.31
11.98 0.00 0.03 355.44 4.00 750935 0.00 588.07 4727.31
11.98 0.00 0.03 355.44 4.00 750945 0.00 588.07 4727.31
11.98 0.00 0.03 355.33 4.00 750955 0.00 587.69 4727.31
11.98 0.00 0.03 355.33 4.00 750965 0.00 587.69 4727.31
11.98 0.00 0.03 355.33 4.00 750975 0.00 587.69 4727.31
11.98 0.00 0.03 355.33 4.00 750985 0.00 587.69 4727.32
11.98 0.00 0.03 355.33 4.00 750995 0.00 587.69 4727.32
11.98 0.00 0.03 355.33 4.00 751005 0.00 587.69 4727.32
11.98 0.00 0.03 355.21 4.00 751015 0.00 587.32 4727.32
11.98 0.00 0.03 355.21 4.00 751025 0.00 587.32 4727.32
11.98 0.00 0.03 355.21 4.00 751035 0.00 587.32 4727.32
11.98 0.00 0.03 355.21 4.00 751045 0.00 587.32 4727.32
11.98 0.00 0.03 355.21 4.00 751055 0.00 587.32 4727.32
11.98 0.00 0.03 355.10 4.00 751065 0.00 586.94 4727.32
11.98 0.00 0.03 355.21 4.00 751075 0.00 587.32 4727.32
11.98 0.00 0.03 355.10 4.00 751085 0.00 586.94 4727.32
11.98 0.00 0.03 355.10 4.00 751095 0.00 586.94 4727.32
11.98 0.00 0.03 355.10 4.00 751105 0.00 586.94 4727.32
11.98 0.00 0.03 355.10 4.00 751115 0.00 586.94 4727.32
11.98 0.00 0.03 355.10 4.00 751125 0.00 586.94 4727.32
11.98 0.00 0.03 354.99 4.00 751135 0.00 586.57 4727.32
11.98 0.00 0.03 355.10 4.00 751145 0.00 586.94 4727.32
11.98 0.00 0.03 354.99 4.00 751155 0.00 586.57 4727.32
11.98 0.00 0.03 354.99 4.00 751165 0.00 586.57 4727.32
11.98 0.00 0.03 354.99 4.00 751175 0.00 586.57 4727.32
11.98 0.00 0.03 354.99 4.00 751185 0.00 586.57 4727.32
11.98 0.00 0.03 354.99 4.00 751195 0.00 586.57 4727.32
11.98 0.00 0.03 354.99 4.00 751205 0.00 586.57 4727.32
11.98 0.00 0.03 354.87 4.00 751215 0.00 586.19 4727.32
11.98 0.00 0.03 354.87 4.00 751225 0.00 586.19 4727.32
11.98 0.00 0.03 354.76 4.00 751235 0.00 585.82 4727.32
11.98 0.00 0.03 354.87 4.00 751245 0.00 586.19 4727.32
11.98 0.00 0.03 354.87 4.00 751255 0.00 586.19 4727.32
11.98 0.00 0.03 354.76 4.00 751265 0.00 585.82 4727.32
11.98 0.00 0.03 354.87 4.00 751275 0.00 586.19 4727.32
11.98 0.00 0.03 354.87 4.00 751285 0.00 586.19 4727.32
11.98 0.00 0.03 354.76 4.00 751295 0.00 585.82 4727.32
11.98 0.00 0.03 354.76 4.00 751305 0.00 585.82 4727.33
11.98 0.00 0.03 354.76 4.00 751315 0.00 585.82 4727.33
11.98 0.00 0.03 354.76 4.00 751325 0.00 585.82 4727.33
11.98 0.00 0.03 354.76 4.00 751335 0.00 585.82 4727.33
11.98 0.00 0.03 354.65 4.00 751345 0.00 585.45 4727.33
11.98 0.00 0.03 354.65 4.00 751355 0.00 585.45 4727.33
11.98 0.00 0.03 354.65 4.00 751365 0.00 585.45 4727.33
11.98 0.00 0.03 354.65 4.00 751375 0.00 585.45 4727.33
11.98 0.00 0.03 354.53 4.00 751385 0.00 585.07 4727.33
11.98 0.00 0.03 354.65 4.00 751395 0.00 585.45 4727.33
11.98 0.00 0.03 354.65 4.00 751405 0.00 585.45 4727.33
11.98 0.00 0.03 354.53 4.00 751415 0.00 585.07 4727.33
11.98 0.00 0.03 354.53 4.00 751425 0.00 585.07 4727.33
11.98 0.00 0.03 354.53 4.00 751435 0.00 585.07 4727.33
11.98 0.00 0.03 354.53 4.00 751445 0.00 585.07 4727.33
11.98 0.00 0.03 354.42 4.00 751455 0.00 584.70 4727.33
11.98 0.00 0.03 354.42 4.00 751465 0.00 584.70 4727.33
11.98 0.00 0.03 354.42 4.00 751475 0.00 584.70 4727.33
11.98 0.00 0.03 354.42 4.00 751485 0.00 584.70 4727.33
11.98 0.00 0.03 354.42 4.00 751495 0.00 584.70 4727.33
11.98 0.00 0.03 354.42 4.00 751505 0.00 584.70 4727.33
11.98 0.00 0.03 354.31 4.00 751515 0.00 584.33 4727.33
11.98 0.00 0.03 354.31 4.00 751525 0.00 584.33 4727.33
11.98 0.00 0.03 354.31 4.00 751535 0.00 584.33 4727.33
11.98 0.00 0.03 354.31 4.00 751545 0.00 584.33 4727.33
11.98 0.00 0.03 354.31 4.00 751555 0.00 584.33 4727.33
11.98 0.00 0.03 354.20 4.00 751565 0.00 583.95 4727.33
11.98 0.00 0.03 354.20 4.00 751575 0.00 583.95 4727.33
11.98 0.00 0.03 354.08 4.00 751585 0.00 583.58 4727.33
11.98 0.00 0.03 354.08 4.00 751595 0.00 583.58 4727.33
11.98 0.00 0.03 354.20 4.00 751605 0.00 583.95 4727.33
11.98 0.00 0.03 354.08 4.00 751615 0.00 583.58 4727.33
11.98 0.00 0.03 354.20 4.00 751625 0.00 583.95 4727.34
11.98 0.00 0.03 354.08 4.00 751635 0.00 583.58 4727.34
11.98 0.00 0.03 354.08 4.00 751645 0.00 583.58 4727.34
11.98 0.00 0.03 354.08 4.00 751655 0.00 583.58 4727.34
11.98 0.00 0.03 354.08 4.00 751665 0.00 583.58 4727.34
11.98 0.00 0.03 353.97 4.00 751675 0.00 583.21 4727.34
11.98 0.00 0.03 354.08 4.00 751685 0.00 583.58 4727.34
11.98 0.00 0.03 353.97 4.00 751695 0.00 583.21 4727.34
11.98 0.00 0.03 354.08 4.00 751705 0.00 583.58 4727.34
11.98 0.00 0.03 353.97 4.00 751715 0.00 583.21 4727.34
11.98 0.00 0.03 353.97 4.00 751725 0.00 583.21 4727.34
11.98 0.00 0.03 353.97 4.00 751735 0.00 583.21 4727.34
11.98 0.00 0.03 353.97 4.00 751745 0.00 583.21 4727.34
11.98 0.00 0.03 353.97 4.00 751755 0.00 583.21 4727.34
11.98 0.00 0.03 353.97 4.00 751765 0.00 583.21 4727.34
11.98 0.00 0.03 353.86 4.00 751775 0.00 582.84 4727.34
11.98 0.00 0.03 353.86 4.00 751785 0.00 582.84 4727.34
11.98 0.00 0.03 353.86 4.00 751795 0.00 582.84 4727.34
11.98 0.00 0.03 353.86 4.00 751805 0.00 582.84 4727.34
11.98 0.00 0.03 353.86 4.00 751815 0.00 582.84 4727.34
11.98 0.00 0.03 353.74 4.00 751825 0.00 582.47 4727.34
11.98 0.00 0.03 353.74 4.00 751835 0.00 582.47 4727.34
11.98 0.00 0.03 353.74 4.00 751845 0.00 582.47 4727.34
11.98 0.00 0.03 353.74 4.00 751855 0.00 582.47 4727.34
11.98 0.00 0.03 353.74 4.00 751865 0.00 582.47 4727.34
11.98 0.00 0.03 353.63 4.00 751875 0.00 582.10 4727.34
11.98 0.00 0.03 353.63 4.00 751885 0.00 582.10 4727.34
11.98 0.00 0.03 353.63 4.00 751895 0.00 582.10 4727.34
11.98 0.00 0.03 353.63 4.00 751905 0.00 582.10 4727.34
11.98 0.00 0.03 353.63 4.00 751915 0.00 582.10 4727.34
11.98 0.00 0.03 353.52 4.00 751925 0.00 581.73 4727.34
11.98 0.00 0.03 353.63 4.00 751935 0.00 582.10 4727.34
11.98 0.00 0.03 353.63 4.00 751945 0.00 582.10 4727.34
11.98 0.00 0.03 353.52 4.00 751955 0.00 581.73 4727.35
11.98 0.00 0.03 353.52 4.00 751965 0.00 581.73 4727.35
11.98 0.00 0.03 353.52 4.00 751975 0.00 581.73 4727.35
11.98 0.00 0.03 353.41 4.00 751985 0.00 581.36 4727.35
11.98 0.00 0.03 353.52 4.00 751995 0.00 581.73 4727.35
11.98 0.00 0.03 353.41 4.00 752005 0.00 581.36 4727.35
11.98 0.00 0.03 353.41 4.00 752015 0.00 581.36 4727.35
11.98 0.00 0.03 353.41 4.00 752025 0.00 581.36 4727.35
11.98 0.00 0.03 353.41 4.00 752035 0.00 581.36 4727.35
11.98 0.00 0.03 353.41 4.00 752045 0.00 581.36 4727.35
11.98 0.00 0.03 353.41 4.00 752055 0.00 581.36 4727.35
11.98 0.00 0.03 353.41 4.00 752065 0.00 581.36 4727.35
11.98 0.00 0.03 353.29 4.00 752075 0.00 580.99 4727.35
11.98 0.00 0.03 353.29 4.00 752085 0.00 580.99 4727.35
11.98 0.00 0.03 353.29 4.00 752095 0.00 580.99 4727.35
11.98 0.00 0.03 353.29 4.00 752105 0.00 580.99 4727.35
11.98 0.00 0.03 353.18 4.00 752115 0.00 580.62 4727.35
11.98 0.00 0.03 353.29 4.00 752125 0.00 580.99 4727.35
11.98 0.00 0.03 353.18 4.00 752135 0.00 580.62 4727.35
11.98 0.00 0.03 353.18 4.00 752145 0.00 580.62 4727.35
11.98 0.00 0.03 353.18 4.00 752155 0.00 580.62 4727.35
11.98 0.00 0.03 353.18 4.00 752165 0.00 580.62 4727.35
11.98 0.00 0.03 353.18 4.00 752175 0.00 580.62 4727.35
11.98 0.00 0.03 353.07 4.00 752185 0.00 580.25 4727.35
11.98 0.00 0.03 353.07 4.00 752195 0.00 580.25 4727.35
11.98 0.00 0.03 353.07 4.00 752205 0.00 580.25 4727.35
11.98 0.00 0.03 353.07 4.00 752215 0.00 580.25 4727.35
11.98 0.00 0.03 352.96 4.00 752225 0.00 579.88 4727.35
11.98 0.00 0.03 352.96 4.00 752235 0.00 579.88 4727.35
11.98 0.00 0.03 352.96 4.00 752245 0.00 579.88 4727.35
11.98 0.00 0.03 352.96 4.00 752255 0.00 579.88 4727.35
11.98 0.00 0.03 352.96 4.00 752265 0.00 579.88 4727.35
11.98 0.00 0.03 352.85 4.00 752275 0.00 579.51 4727.36
11.98 0.00 0.03 352.96 4.00 752285 0.00 579.88 4727.36
11.98 0.00 0.03 352.96 4.00 752295 0.00 579.88 4727.36
11.98 0.00 0.03 352.85 4.00 752305 0.00 579.51 4727.36
11.98 0.00 0.03 352.85 4.00 752315 0.00 579.51 4727.36
11.98 0.00 0.03 352.96 4.00 752325 0.00 579.88 4727.36
11.98 0.00 0.03 352.85 4.00 752335 0.00 579.51 4727.36
11.98 0.00 0.03 352.85 4.00 752345 0.00 579.51 4727.36
11.98 0.00 0.03 352.85 4.00 752355 0.00 579.51 4727.36
11.98 0.00 0.03 352.85 4.00 752365 0.00 579.51 4727.36
11.98 0.00 0.03 352.73 4.00 752375 0.00 579.14 4727.36
11.98 0.00 0.03 352.73 4.00 752385 0.00 579.14 4727.36
11.98 0.00 0.03 352.85 4.00 752395 0.00 579.51 4727.36
11.98 0.00 0.03 352.73 4.00 752405 0.00 579.14 4727.36
11.98 0.00 0.03 352.73 4.00 752415 0.00 579.14 4727.36
11.98 0.00 0.03 352.62 4.00 752425 0.00 578.78 4727.36
11.98 0.00 0.03 352.62 4.00 752435 0.00 578.78 4727.36
11.98 0.00 0.03 352.73 4.00 752445 0.00 579.14 4727.36
11.98 0.00 0.03 352.62 4.00 752455 0.00 578.78 4727.36
11.98 0.00 0.03 352.62 4.00 752465 0.00 578.78 4727.36
11.98 0.00 0.03 352.62 4.00 752475 0.00 578.78 4727.36
11.98 0.00 0.03 352.62 4.00 752485 0.00 578.78 4727.36
11.98 0.00 0.03 352.51 4.00 752495 0.00 578.41 4727.36
11.98 0.00 0.03 352.51 4.00 752505 0.00 578.41 4727.36
11.98 0.00 0.03 352.51 4.00 752515 0.00 578.41 4727.36
11.98 0.00 0.03 352.51 4.00 752525 0.00 578.41 4727.36
11.98 0.00 0.03 352.51 4.00 752535 0.00 578.41 4727.36
11.98 0.00 0.03 352.51 4.00 752545 0.00 578.41 4727.36
11.98 0.00 0.03 352.40 4.00 752555 0.00 578.04 4727.36
11.98 0.00 0.03 352.40 4.00 752565 0.00 578.04 4727.36
11.98 0.00 0.03 352.40 4.00 752575 0.00 578.04 4727.36
11.98 0.00 0.03 352.40 4.00 752585 0.00 578.04 4727.36
11.98 0.00 0.03 352.40 4.00 752595 0.00 578.04 4727.37
11.98 0.00 0.03 352.40 4.00 752605 0.00 578.04 4727.37
11.98 0.00 0.03 352.40 4.00 752615 0.00 578.04 4727.37
11.98 0.00 0.03 352.29 4.00 752625 0.00 577.68 4727.37
11.98 0.00 0.03 352.29 4.00 752635 0.00 577.68 4727.37
11.98 0.00 0.03 352.29 4.00 752645 0.00 577.68 4727.37
11.98 0.00 0.03 352.29 4.00 752655 0.00 577.68 4727.37
11.98 0.00 0.03 352.17 4.00 752665 0.00 577.31 4727.37
11.98 0.00 0.03 352.29 4.00 752675 0.00 577.68 4727.37
11.98 0.00 0.03 352.17 4.00 752685 0.00 577.31 4727.37
11.98 0.00 0.03 352.17 4.00 752695 0.00 577.31 4727.37
11.98 0.00 0.03 352.17 4.00 752705 0.00 577.31 4727.37
11.98 0.00 0.03 352.17 4.00 752715 0.00 577.31 4727.37
11.98 0.00 0.03 352.17 4.00 752725 0.00 577.31 4727.37
11.98 0.00 0.03 352.17 4.00 752735 0.00 577.31 4727.37
11.98 0.00 0.03 352.06 4.00 752745 0.00 576.94 4727.37
11.98 0.00 0.03 352.06 4.00 752755 0.00 576.94 4727.37
11.98 0.00 0.03 352.06 4.00 752765 0.00 576.94 4727.37
11.98 0.00 0.03 352.06 4.00 752775 0.00 576.94 4727.37
11.98 0.00 0.03 351.95 4.00 752785 0.00 576.58 4727.37
11.98 0.00 0.03 352.06 4.00 752795 0.00 576.94 4727.37
11.98 0.00 0.03 351.95 4.00 752805 0.00 576.58 4727.37
11.98 0.00 0.03 351.95 4.00 752815 0.00 576.58 4727.37
11.98 0.00 0.03 351.95 4.00 752825 0.00 576.58 4727.37
11.98 0.00 0.03 351.95 4.00 752835 0.00 576.58 4727.37
11.98 0.00 0.03 351.84 4.00 752845 0.00 576.21 4727.37
11.98 0.00 0.03 351.95 4.00 752855 0.00 576.58 4727.37
11.98 0.00 0.03 351.84 4.00 752865 0.00 576.21 4727.37
11.98 0.00 0.03 351.84 4.00 752875 0.00 576.21 4727.37
11.98 0.00 0.03 351.73 4.00 752885 0.00 575.85 4727.37
11.98 0.00 0.03 351.84 4.00 752895 0.00 576.21 4727.37
11.98 0.00 0.03 351.84 4.00 752905 0.00 576.21 4727.37
11.98 0.00 0.03 351.84 4.00 752915 0.00 576.21 4727.38
11.98 0.00 0.03 351.84 4.00 752925 0.00 576.21 4727.38
11.98 0.00 0.03 351.84 4.00 752935 0.00 576.21 4727.38
11.98 0.00 0.03 351.73 4.00 752945 0.00 575.85 4727.38
11.98 0.00 0.03 351.62 4.00 752955 0.00 575.48 4727.38
11.98 0.00 0.03 351.73 4.00 752965 0.00 575.85 4727.38
11.98 0.00 0.03 351.73 4.00 752975 0.00 575.85 4727.38
11.98 0.00 0.03 351.73 4.00 752985 0.00 575.85 4727.38
11.98 0.00 0.03 351.62 4.00 752995 0.00 575.48 4727.38
11.98 0.00 0.03 351.73 4.00 753005 0.00 575.85 4727.38
11.98 0.00 0.03 351.62 4.00 753015 0.00 575.48 4727.38
11.98 0.00 0.03 351.51 4.00 753025 0.00 575.12 4727.38
11.98 0.00 0.03 351.62 4.00 753035 0.00 575.48 4727.38
11.98 0.00 0.03 351.51 4.00 753045 0.00 575.12 4727.38
11.98 0.00 0.03 351.51 4.00 753055 0.00 575.12 4727.38
11.98 0.00 0.03 351.51 4.00 753065 0.00 575.12 4727.38
11.98 0.00 0.03 351.51 4.00 753075 0.00 575.12 4727.38
11.98 0.00 0.03 351.40 4.00 753085 0.00 574.76 4727.38
11.98 0.00 0.03 351.51 4.00 753095 0.00 575.12 4727.38
11.98 0.00 0.03 351.40 4.00 753105 0.00 574.76 4727.38
11.98 0.00 0.03 351.51 4.00 753115 0.00 575.12 4727.38
11.98 0.00 0.03 351.40 4.00 753125 0.00 574.76 4727.38
11.98 0.00 0.03 351.40 4.00 753135 0.00 574.76 4727.38
11.98 0.00 0.03 351.40 4.00 753145 0.00 574.76 4727.38
11.98 0.00 0.03 351.28 4.00 753155 0.00 574.39 4727.38
11.98 0.00 0.03 351.28 4.00 753165 0.00 574.39 4727.38
11.98 0.00 0.03 351.28 4.00 753175 0.00 574.39 4727.38
11.98 0.00 0.03 351.28 4.00 753185 0.00 574.39 4727.38
11.98 0.00 0.03 351.28 4.00 753195 0.00 574.39 4727.38
11.98 0.00 0.03 351.28 4.00 753205 0.00 574.39 4727.38
11.98 0.00 0.03 351.17 4.00 753215 0.00 574.03 4727.38
11.98 0.00 0.03 351.17 4.00 753225 0.00 574.03 4727.38
11.98 0.00 0.03 351.17 4.00 753235 0.00 574.03 4727.38
11.98 0.00 0.03 351.06 4.00 753245 0.00 573.67 4727.39
11.98 0.00 0.03 351.17 4.00 753255 0.00 574.03 4727.39
11.98 0.00 0.03 351.17 4.00 753265 0.00 574.03 4727.39
11.98 0.00 0.03 351.17 4.00 753275 0.00 574.03 4727.39
11.98 0.00 0.03 351.17 4.00 753285 0.00 574.03 4727.39
11.98 0.00 0.03 351.17 4.00 753295 0.00 574.03 4727.39
11.98 0.00 0.03 351.06 4.00 753305 0.00 573.67 4727.39
11.98 0.00 0.03 351.06 4.00 753315 0.00 573.67 4727.39
11.98 0.00 0.03 351.06 4.00 753325 0.00 573.67 4727.39
11.98 0.00 0.03 351.06 4.00 753335 0.00 573.67 4727.39
11.98 0.00 0.03 351.06 4.00 753345 0.00 573.67 4727.39
11.98 0.00 0.03 350.95 4.00 753355 0.00 573.30 4727.39
11.98 0.00 0.03 350.95 4.00 753365 0.00 573.30 4727.39
11.98 0.00 0.03 350.95 4.00 753375 0.00 573.30 4727.39
11.98 0.00 0.03 350.84 4.00 753385 0.00 572.94 4727.39
11.98 0.00 0.03 350.95 4.00 753395 0.00 573.30 4727.39
11.98 0.00 0.03 350.84 4.00 753405 0.00 572.94 4727.39
11.98 0.00 0.03 350.84 4.00 753415 0.00 572.94 4727.39
11.98 0.00 0.03 350.84 4.00 753425 0.00 572.94 4727.39
11.98 0.00 0.03 350.84 4.00 753435 0.00 572.94 4727.39
11.98 0.00 0.03 350.84 4.00 753445 0.00 572.94 4727.39
11.98 0.00 0.03 350.84 4.00 753455 0.00 572.94 4727.39
11.98 0.00 0.03 350.84 4.00 753465 0.00 572.94 4727.39
11.98 0.00 0.03 350.84 4.00 753475 0.00 572.94 4727.39
11.98 0.00 0.03 350.73 4.00 753485 0.00 572.58 4727.39
11.98 0.00 0.03 350.73 4.00 753495 0.00 572.58 4727.39
11.98 0.00 0.03 350.73 4.00 753505 0.00 572.58 4727.39
11.98 0.00 0.03 350.62 4.00 753515 0.00 572.22 4727.39
11.98 0.00 0.03 350.73 4.00 753525 0.00 572.58 4727.39
11.98 0.00 0.03 350.62 4.00 753535 0.00 572.22 4727.39
11.98 0.00 0.03 350.62 4.00 753545 0.00 572.22 4727.39
11.98 0.00 0.03 350.62 4.00 753555 0.00 572.22 4727.39
11.98 0.00 0.03 350.62 4.00 753565 0.00 572.22 4727.40
11.98 0.00 0.03 350.62 4.00 753575 0.00 572.22 4727.40
11.98 0.00 0.03 350.62 4.00 753585 0.00 572.22 4727.40
11.98 0.00 0.03 350.51 4.00 753595 0.00 571.86 4727.40
11.98 0.00 0.03 350.51 4.00 753605 0.00 571.86 4727.40
