11.98 0.00 0.03 349.85 4.00 844368 0.00 569.70 5244.87
11.98 0.00 0.03 349.85 4.00 844378 0.00 569.70 5244.87
11.98 0.00 0.03 349.85 4.00 844388 0.00 569.70 5244.87
11.98 0.00 0.03 349.74 4.00 844398 0.00 569.34 5244.87
11.98 0.00 0.03 349.74 4.00 844408 0.00 569.34 5244.87
11.98 0.00 0.03 349.85 4.00 844418 0.00 569.70 5244.87
11.98 0.00 0.03 349.74 4.00 844428 0.00 569.34 5244.87
11.98 0.00 0.03 349.74 4.00 844438 0.00 569.34 5244.87
11.98 0.00 0.03 349.74 4.00 844448 0.00 569.34 5244.87
11.98 0.00 0.03 349.63 4.00 844458 0.00 568.98 5244.87
11.98 0.00 0.03 203.35 4.00 932921 0.00 192.48 5247.61
11.98 0.00 0.03 203.31 4.00 932931 0.00 192.41 5247.61
11.98 0.00 0.03 203.28 4.00 932941 0.00 192.34 5247.61
11.98 0.00 0.03 203.28 4.00 932951 0.00 192.34 5247.61
11.98 0.00 0.03 203.28 4.00 932961 0.00 192.34 5247.61
11.98 0.00 0.03 203.28 4.00 932971 0.00 192.34 5247.61
11.98 0.00 0.03 203.24 4.00 932981 0.00 192.27 5247.61
11.98 0.00 0.03 203.24 4.00 932991 0.00 192.27 5247.61
11.98 0.00 0.03 203.20 4.00 933001 0.00 192.20 5247.61
11.98 0.00 0.03 203.20 4.00 933011 0.00 192.20 5247.62
11.98 0.00 0.03 203.17 4.00 933021 0.00 192.13 5247.62
11.98 0.00 0.03 203.17 4.00 933031 0.00 192.13 5247.62
11.98 0.00 0.03 203.17 4.00 933041 0.00 192.13 5247.62
11.98 0.00 0.03 203.13 4.00 933051 0.00 192.06 5247.62
11.98 0.00 0.03 203.13 4.00 933061 0.00 192.06 5247.62
11.98 0.00 0.03 203.13 4.00 933071 0.00 192.06 5247.62
11.98 0.00 0.03 203.05 4.00 933081 0.00 191.92 5247.62
11.98 0.00 0.03 203.05 4.00 933091 0.00 191.92 5247.62
11.98 0.00 0.03 203.09 4.00 933101 0.00 191.99 5247.62
11.98 0.00 0.03 203.05 4.00 933111 0.00 191.92 5247.62
11.98 0.00 0.03 203.05 4.00 933121 0.00 191.92 5247.62
11.98 0.00 0.03 203.02 4.00 933131 0.00 191.85 5247.62
11.98 0.00 0.03 202.98 4.00 933141 0.00 191.78 5247.62
11.98 0.00 0.03 202.98 4.00 933151 0.00 191.78 5247.62
11.98 0.00 0.03 202.98 4.00 933161 0.00 191.78 5247.62
11.98 0.00 0.03 202.94 4.00 933171 0.00 191.71 5247.62
11.98 0.00 0.03 202.91 4.00 933181 0.00 191.64 5247.62
11.98 0.00 0.03 202.91 4.00 933191 0.00 191.64 5247.62
11.98 0.00 0.03 202.91 4.00 933201 0.00 191.64 5247.62
11.98 0.00 0.03 202.87 4.00 933211 0.00 191.57 5247.62
11.98 0.00 0.03 202.87 4.00 933221 0.00 191.57 5247.62
11.98 0.00 0.03 202.83 4.00 933231 0.00 191.50 5247.62
11.98 0.00 0.03 202.83 4.00 933241 0.00 191.50 5247.62
11.98 0.00 0.03 202.87 4.00 933251 0.00 191.57 5247.62
11.98 0.00 0.03 202.83 4.00 933261 0.00 191.50 5247.62
11.98 0.00 0.03 202.83 4.00 933271 0.00 191.50 5247.62
11.98 0.00 0.03 202.76 4.00 933281 0.00 191.36 5247.62
11.98 0.00 0.03 202.76 4.00 933291 0.00 191.36 5247.62
11.98 0.00 0.03 202.76 4.00 933301 0.00 191.36 5247.62
11.98 0.00 0.03 202.76 4.00 933311 0.00 191.36 5247.62
11.98 0.00 0.03 202.76 4.00 933321 0.00 191.36 5247.62
11.98 0.00 0.03 202.68 4.00 933331 0.00 191.22 5247.63
11.98 0.00 0.03 202.68 4.00 933341 0.00 191.22 5247.63
11.98 0.00 0.03 202.72 4.00 933351 0.00 191.29 5247.63
11.98 0.00 0.03 202.68 4.00 933361 0.00 191.22 5247.63
11.98 0.00 0.03 202.65 4.00 933371 0.00 191.15 5247.63
11.98 0.00 0.03 202.61 4.00 933381 0.00 191.08 5247.63
11.98 0.00 0.03 202.57 4.00 933391 0.00 191.01 5247.63
11.98 0.00 0.03 202.65 4.00 933401 0.00 191.15 5247.63
11.98 0.00 0.03 202.61 4.00 933411 0.00 191.08 5247.63
11.98 0.00 0.03 202.57 4.00 933421 0.00 191.01 5247.63
11.98 0.00 0.03 202.61 4.00 933431 0.00 191.08 5247.63
11.98 0.00 0.03 202.54 4.00 933441 0.00 190.94 5247.63
11.98 0.00 0.03 202.54 4.00 933451 0.00 190.94 5247.63
11.98 0.00 0.03 202.50 4.00 933461 0.00 190.87 5247.63
11.98 0.00 0.03 202.54 4.00 933471 0.00 190.94 5247.63
11.98 0.00 0.03 202.46 4.00 933481 0.00 190.80 5247.63
11.98 0.00 0.03 202.46 4.00 933491 0.00 190.80 5247.63
11.98 0.00 0.03 202.46 4.00 933501 0.00 190.80 5247.63
11.98 0.00 0.03 202.46 4.00 933511 0.00 190.80 5247.63
11.98 0.00 0.03 202.46 4.00 933521 0.00 190.80 5247.63
11.98 0.00 0.03 202.43 4.00 933531 0.00 190.73 5247.63
11.98 0.00 0.03 202.39 4.00 933541 0.00 190.66 5247.63
11.98 0.00 0.03 202.39 4.00 933551 0.00 190.66 5247.63
11.98 0.00 0.03 202.35 4.00 933561 0.00 190.59 5247.63
11.98 0.00 0.03 202.35 4.00 933571 0.00 190.59 5247.63
11.98 0.00 0.03 202.35 4.00 933581 0.00 190.59 5247.63
11.98 0.00 0.03 202.31 4.00 933591 0.00 190.52 5247.63
11.98 0.00 0.03 202.31 4.00 933601 0.00 190.52 5247.63
11.98 0.00 0.03 202.31 4.00 933611 0.00 190.52 5247.63
11.98 0.00 0.03 202.28 4.00 933621 0.00 190.45 5247.63
11.98 0.00 0.03 202.28 4.00 933631 0.00 190.45 5247.63
11.98 0.00 0.03 202.28 4.00 933641 0.00 190.45 5247.63
11.98 0.00 0.03 202.24 4.00 933651 0.00 190.38 5247.63
11.98 0.00 0.03 202.24 4.00 933661 0.00 190.38 5247.64
11.98 0.00 0.03 202.17 4.00 933671 0.00 190.25 5247.64
11.98 0.00 0.03 202.17 4.00 933681 0.00 190.25 5247.64
11.98 0.00 0.03 202.20 4.00 933691 0.00 190.31 5247.64
11.98 0.00 0.03 202.13 4.00 933701 0.00 190.18 5247.64
11.98 0.00 0.03 202.13 4.00 933711 0.00 190.18 5247.64
11.98 0.00 0.03 202.13 4.00 933721 0.00 190.18 5247.64
11.98 0.00 0.03 202.09 4.00 933731 0.00 190.11 5247.64
11.98 0.00 0.03 202.13 4.00 933741 0.00 190.18 5247.64
11.98 0.00 0.03 202.09 4.00 933751 0.00 190.11 5247.64
11.98 0.00 0.03 202.09 4.00 933761 0.00 190.11 5247.64
11.98 0.00 0.03 202.06 4.00 933771 0.00 190.04 5247.64
11.98 0.00 0.03 202.02 4.00 933781 0.00 189.97 5247.64
11.98 0.00 0.03 202.06 4.00 933791 0.00 190.04 5247.64
11.98 0.00 0.03 202.06 4.00 933801 0.00 190.04 5247.64
11.98 0.00 0.03 201.98 4.00 933811 0.00 189.90 5247.64
11.98 0.00 0.03 201.98 4.00 933821 0.00 189.90 5247.64
11.98 0.00 0.03 201.98 4.00 933831 0.00 189.90 5247.64
11.98 0.00 0.03 201.95 4.00 933841 0.00 189.83 5247.64
11.98 0.00 0.03 201.95 4.00 933851 0.00 189.83 5247.64
11.98 0.00 0.03 201.91 4.00 933861 0.00 189.76 5247.64
11.98 0.00 0.03 201.95 4.00 933871 0.00 189.83 5247.64
11.98 0.00 0.03 201.91 4.00 933881 0.00 189.76 5247.64
11.98 0.00 0.03 201.91 4.00 933891 0.00 189.76 5247.64
11.98 0.00 0.03 201.87 4.00 933901 0.00 189.69 5247.64
11.98 0.00 0.03 201.84 4.00 933911 0.00 189.62 5247.64
11.98 0.00 0.03 201.80 4.00 933921 0.00 189.55 5247.64
11.98 0.00 0.03 201.84 4.00 933931 0.00 189.62 5247.64
11.98 0.00 0.03 201.80 4.00 933941 0.00 189.55 5247.64
11.98 0.00 0.03 201.80 4.00 933951 0.00 189.55 5247.64
11.98 0.00 0.03 201.73 4.00 933961 0.00 189.42 5247.64
11.98 0.00 0.03 201.76 4.00 933971 0.00 189.49 5247.64
11.98 0.00 0.03 201.73 4.00 933981 0.00 189.42 5247.65
11.98 0.00 0.03 201.73 4.00 933991 0.00 189.42 5247.65
11.98 0.00 0.03 201.69 4.00 934001 0.00 189.35 5247.65
11.98 0.00 0.03 201.73 4.00 934011 0.00 189.42 5247.65
11.98 0.00 0.03 201.69 4.00 934021 0.00 189.35 5247.65
11.98 0.00 0.03 201.65 4.00 934031 0.00 189.28 5247.65
11.98 0.00 0.03 201.65 4.00 934041 0.00 189.28 5247.65
11.98 0.00 0.03 201.65 4.00 934051 0.00 189.28 5247.65
11.98 0.00 0.03 201.62 4.00 934061 0.00 189.21 5247.65
11.98 0.00 0.03 201.62 4.00 934071 0.00 189.21 5247.65
11.98 0.00 0.03 201.62 4.00 934081 0.00 189.21 5247.65
11.98 0.00 0.03 201.54 4.00 934091 0.00 189.07 5247.65
11.98 0.00 0.03 201.58 4.00 934101 0.00 189.14 5247.65
11.98 0.00 0.03 201.54 4.00 934111 0.00 189.07 5247.65
11.98 0.00 0.03 201.54 4.00 934121 0.00 189.07 5247.65
11.98 0.00 0.03 201.54 4.00 934131 0.00 189.07 5247.65
11.98 0.00 0.03 201.51 4.00 934141 0.00 189.01 5247.65
11.98 0.00 0.03 201.51 4.00 934151 0.00 189.01 5247.65
11.98 0.00 0.03 201.47 4.00 934161 0.00 188.94 5247.65
11.98 0.00 0.03 201.47 4.00 934171 0.00 188.94 5247.65
11.98 0.00 0.03 201.47 4.00 934181 0.00 188.94 5247.65
11.98 0.00 0.03 201.43 4.00 934191 0.00 188.87 5247.65
11.98 0.00 0.03 201.43 4.00 934201 0.00 188.87 5247.65
11.98 0.00 0.03 201.40 4.00 934211 0.00 188.80 5247.65
11.98 0.00 0.03 201.40 4.00 934221 0.00 188.80 5247.65
11.98 0.00 0.03 201.36 4.00 934231 0.00 188.73 5247.65
11.98 0.00 0.03 201.36 4.00 934241 0.00 188.73 5247.65
11.98 0.00 0.03 201.36 4.00 934251 0.00 188.73 5247.65
11.98 0.00 0.03 201.40 4.00 934261 0.00 188.80 5247.65
11.98 0.00 0.03 201.40 4.00 934271 0.00 188.80 5247.65
11.98 0.00 0.03 201.47 4.00 934281 0.00 188.94 5247.65
11.98 0.00 0.03 201.58 4.00 934291 0.00 189.14 5247.65
11.98 0.00 0.03 201.69 4.00 934301 0.00 189.35 5247.66
11.98 0.00 0.03 201.80 4.00 934311 0.00 189.55 5247.66
11.67 9.41 109.82 201.95 4.00 934321 0.00 189.83 5248.16
11.67 9.41 109.82 202.09 4.00 934331 0.00 190.11 5249.24
11.67 9.41 109.82 202.24 4.00 934341 0.00 190.38 5250.32
11.67 9.41 109.82 202.43 4.00 934351 0.00 190.73 5251.47
11.67 9.41 109.82 202.72 4.00 934361 0.00 191.29 5252.55
11.67 9.41 109.82 202.98 4.00 934371 0.00 191.78 5253.63
11.67 9.41 109.82 203.28 4.00 934381 0.00 192.34 5254.71
11.67 9.41 109.82 203.57 4.00 934391 0.00 192.90 5255.85
11.67 9.41 109.82 203.99 4.00 934401 0.00 193.68 5256.93
11.67 9.41 109.82 204.36 4.00 934411 0.00 194.40 5258.01
11.67 9.41 109.82 204.74 4.00 934421 0.00 195.11 5259.09
11.67 9.41 109.82 205.19 4.00 934431 0.00 195.98 5260.24
11.67 9.41 109.82 205.42 4.00 934441 0.00 196.41 5261.32
11.67 9.41 109.82 205.84 4.00 934451 0.00 197.22 5262.40
11.40 18.50 210.87 206.33 4.00 934461 0.00 198.17 5263.82
11.40 18.50 210.87 206.87 4.00 934471 0.00 199.20 5265.88
11.40 18.50 210.87 207.41 4.00 934481 0.00 200.25 5267.94
11.40 18.50 210.87 208.00 4.00 934491 0.00 201.37 5270.14
11.40 18.50 210.87 208.62 4.00 934501 0.00 202.58 5272.20
11.40 18.50 210.87 209.21 4.00 934511 0.00 203.73 5274.26
11.40 18.50 210.87 209.88 4.00 934521 0.00 205.04 5276.46
11.40 18.50 210.87 210.56 4.00 934531 0.00 206.36 5278.52
11.40 18.50 210.87 211.20 4.00 934541 0.00 207.62 5280.58
11.40 18.50 210.87 211.84 4.00 934551 0.00 208.89 5282.78
11.40 18.50 210.87 212.53 4.00 934561 0.00 210.25 5284.84
11.40 18.50 210.87 213.18 4.00 934571 0.00 211.54 5286.90
11.40 18.50 210.87 213.84 4.00 934581 0.00 212.85 5289.10
11.40 18.50 210.87 214.54 4.00 934591 0.00 214.25 5291.16
11.40 18.50 210.87 215.21 4.00 934601 0.00 215.58 5293.22
11.46 17.15 196.55 215.88 4.00 934611 0.00 216.92 5295.28
11.46 17.15 196.55 216.51 4.00 934621 0.00 218.19 5297.20
11.46 17.15 196.55 217.14 4.00 934631 0.00 219.47 5299.14
11.46 17.15 196.55 217.78 4.00 934641 0.00 220.76 5301.19
11.46 17.15 196.55 218.42 4.00 934651 0.00 222.07 5303.12
11.46 17.15 196.55 219.02 4.00 934661 0.00 223.29 5305.05
11.46 17.15 196.55 219.67 4.00 934671 0.00 224.62 5306.98
11.46 17.15 196.55 220.28 4.00 934681 0.00 225.87 5309.04
11.46 17.15 196.55 220.90 4.00 934691 0.00 227.13 5310.97
11.46 17.15 196.55 221.56 4.00 934701 0.00 228.49 5312.90
11.46 17.15 196.55 222.40 4.00 934711 0.00 230.23 5314.95
11.46 17.15 196.55 223.03 4.00 934721 0.00 231.53 5316.88
11.46 17.15 196.55 223.56 4.00 934731 0.00 232.65 5318.81
11.46 17.15 196.55 224.20 4.00 934741 0.00 233.96 5320.74
11.48 15.92 182.81 224.74 4.00 934751 0.00 235.10 5322.68
11.48 15.92 182.81 225.33 4.00 934761 0.00 236.34 5324.47
11.48 15.92 182.81 225.88 4.00 934771 0.00 237.49 5326.27
11.48 15.92 182.81 226.48 4.00 934781 0.00 238.76 5328.18
11.48 15.92 182.81 227.04 4.00 934791 0.00 239.93 5329.98
11.48 15.92 182.81 227.59 4.00 934801 0.00 241.11 5331.77
11.48 15.92 182.81 228.15 4.00 934811 0.00 242.30 5333.56
11.48 15.92 182.81 229.00 4.00 934821 0.00 244.10 5335.48
11.48 15.92 182.81 229.52 4.00 934831 0.00 245.21 5337.27
11.48 15.92 182.81 230.09 4.00 934841 0.00 246.43 5339.06
11.48 15.92 182.81 230.57 4.00 934851 0.00 247.45 5340.97
11.48 15.92 182.81 231.14 4.00 934861 0.00 248.69 5342.77
11.48 15.92 182.81 231.67 4.00 934871 0.00 249.83 5344.56
11.48 15.92 182.81 232.21 4.00 934881 0.00 250.98 5346.36
11.53 14.69 169.29 232.99 4.00 934891 0.00 252.67 5348.18
11.53 14.69 169.29 233.48 4.00 934901 0.00 253.73 5349.85
11.53 14.69 169.29 234.02 4.00 934911 0.00 254.91 5351.51
11.53 14.69 169.29 234.51 4.00 934921 0.00 255.99 5353.28
11.53 14.69 169.29 235.01 4.00 934931 0.00 257.07 5354.95
11.53 14.69 169.29 235.50 4.00 934941 0.00 258.16 5356.60
11.53 14.69 169.29 236.26 4.00 934951 0.00 259.81 5358.27
11.53 14.69 169.29 236.76 4.00 934961 0.00 260.92 5360.04
11.53 14.69 169.29 237.21 4.00 934971 0.00 261.92 5361.70
11.53 14.69 169.29 237.72 4.00 934981 0.00 263.05 5363.36
11.53 14.69 169.29 238.18 4.00 934991 0.00 264.06 5365.03
11.53 14.69 169.29 239.00 4.00 935001 0.00 265.88 5366.80
11.53 14.69 169.29 239.46 4.00 935011 0.00 266.91 5368.46
11.53 14.69 169.29 239.93 4.00 935021 0.00 267.95 5370.12
11.55 14.31 165.35 240.34 4.00 935031 0.00 268.88 5371.87
11.55 14.31 165.35 240.81 4.00 935041 0.00 269.93 5373.50
11.55 14.31 165.35 241.49 4.00 935051 0.00 271.46 5375.12
11.55 14.31 165.35 241.97 4.00 935061 0.00 272.52 5376.75
11.55 14.31 165.35 242.44 4.00 935071 0.00 273.59 5378.48
11.55 14.31 165.35 242.92 4.00 935081 0.00 274.67 5380.10
11.55 14.31 165.35 243.56 4.00 935091 0.00 276.12 5381.73
11.55 14.31 165.35 243.99 4.00 935101 0.00 277.09 5383.45
11.55 14.31 165.35 244.42 4.00 935111 0.00 278.07 5385.08
11.55 14.31 165.35 244.90 4.00 935121 0.00 279.17 5386.70
11.55 14.31 165.35 245.55 4.00 935131 0.00 280.65 5388.32
11.55 14.31 165.35 245.98 4.00 935141 0.00 281.65 5390.05
11.55 14.31 165.35 246.37 4.00 935151 0.00 282.52 5391.67
11.55 14.31 165.35 246.86 4.00 935161 0.00 283.65 5393.30
11.56 13.63 157.54 247.46 4.00 935171 0.00 285.05 5395.01
11.56 13.63 157.54 247.91 4.00 935181 0.00 286.06 5396.56
11.56 13.63 157.54 248.35 4.00 935191 0.00 287.09 5398.10
11.56 13.63 157.54 248.68 4.00 935201 0.00 287.86 5399.65
11.56 13.63 157.54 249.41 4.00 935211 0.00 289.54 5401.30
11.56 13.63 157.54 249.80 4.00 935221 0.00 290.45 5402.84
11.56 13.63 157.54 250.19 4.00 935231 0.00 291.37 5404.39
11.56 13.63 157.54 250.76 4.00 935241 0.00 292.69 5406.04
11.56 13.63 157.54 251.21 4.00 935251 0.00 293.75 5407.59
11.56 13.63 157.54 251.55 4.00 935261 0.00 294.55 5409.13
11.56 13.63 157.54 252.24 4.00 935271 0.00 296.15 5410.68
11.56 13.63 157.54 252.64 4.00 935281 0.00 297.10 5412.33
11.56 13.63 157.54 252.99 4.00 935291 0.00 297.91 5413.88
11.56 13.63 157.54 253.56 4.00 935301 0.00 299.27 5415.43
11.56 13.63 157.54 253.91 4.00 935311 0.00 300.09 5416.98
11.61 11.92 138.42 254.38 4.00 935321 0.00 301.19 5418.42
11.61 11.92 138.42 254.90 4.00 935331 0.00 302.44 5419.78
11.61 11.92 138.42 255.25 4.00 935341 0.00 303.27 5421.14
11.61 11.92 138.42 255.66 4.00 935351 0.00 304.25 5422.59
11.61 11.92 138.42 256.19 4.00 935361 0.00 305.51 5423.95
11.61 11.92 138.42 256.67 4.00 935371 0.00 306.64 5425.31
11.61 11.92 138.42 256.96 4.00 935381 0.00 307.35 5426.67
11.61 11.92 138.42 257.50 4.00 935391 0.00 308.64 5428.12
11.61 11.92 138.42 257.86 4.00 935401 0.00 309.50 5429.48
11.61 11.92 138.42 258.28 4.00 935411 0.00 310.50 5430.83
11.61 11.92 138.42 258.76 4.00 935421 0.00 311.66 5432.19
11.61 11.92 138.42 259.12 4.00 935431 0.00 312.53 5433.65
11.61 11.92 138.42 259.67 4.00 935441 0.00 313.85 5435.00
11.61 11.92 138.42 260.03 4.00 935451 0.00 314.73 5436.36
11.63 11.83 137.61 260.40 4.00 935461 0.00 315.62 5437.80
11.63 11.83 137.61 260.89 4.00 935471 0.00 316.81 5439.16
11.63 11.83 137.61 261.25 4.00 935481 0.00 317.70 5440.51
11.63 11.83 137.61 261.56 4.00 935491 0.00 318.45 5441.86
11.63 11.83 137.61 262.05 4.00 935501 0.00 319.65 5443.30
11.63 11.83 137.61 262.43 4.00 935511 0.00 320.56 5444.65
11.63 11.83 137.61 262.92 4.00 935521 0.00 321.77 5446.00
11.63 11.83 137.61 263.30 4.00 935531 0.00 322.69 5447.44
11.63 11.83 137.61 263.80 4.00 935541 0.00 323.91 5448.80
11.63 11.83 137.61 264.11 4.00 935551 0.00 324.69 5450.14
11.63 11.83 137.61 264.42 4.00 935561 0.00 325.46 5451.50
11.63 11.83 137.61 264.99 4.00 935571 0.00 326.86 5452.94
11.63 11.83 137.61 265.31 4.00 935581 0.00 327.64 5454.29
11.63 11.83 137.61 265.75 4.00 935591 0.00 328.74 5455.64
11.64 10.97 127.75 266.07 4.00 935601 0.00 329.52 5456.93
11.64 10.97 127.75 266.58 4.00 935611 0.00 330.79 5458.27
11.64 10.97 127.75 266.90 4.00 935621 0.00 331.58 5459.53
11.64 10.97 127.75 267.22 4.00 935631 0.00 332.38 5460.78
11.64 10.97 127.75 267.67 4.00 935641 0.00 333.50 5462.12
11.64 10.97 127.75 268.00 4.00 935651 0.00 334.31 5463.38
11.64 10.97 127.75 268.51 4.00 935661 0.00 335.60 5464.63
11.64 10.97 127.75 268.77 4.00 935671 0.00 336.25 5465.88
11.64 10.97 127.75 269.23 4.00 935681 0.00 337.39 5467.22
11.64 10.97 127.75 269.56 4.00 935691 0.00 338.21 5468.48
11.64 10.97 127.75 270.01 4.00 935701 0.00 339.37 5469.73
11.64 10.97 127.75 270.34 4.00 935711 0.00 340.19 5470.99
11.64 10.97 127.75 270.80 4.00 935721 0.00 341.35 5472.33
11.64 10.97 127.75 271.00 4.00 935731 0.00 341.85 5473.58
11.66 10.29 120.03 271.33 4.00 935741 0.00 342.69 5474.80
11.66 10.29 120.03 271.80 4.00 935751 0.00 343.86 5476.06
11.66 10.29 120.03 272.13 4.00 935761 0.00 344.71 5477.24
11.66 10.29 120.03 272.53 4.00 935771 0.00 345.72 5478.41
11.66 10.29 120.03 272.87 4.00 935781 0.00 346.57 5479.59
11.66 10.29 120.03 273.27 4.00 935791 0.00 347.59 5480.85
11.66 10.29 120.03 273.54 4.00 935801 0.00 348.28 5482.03
11.66 10.29 120.03 273.94 4.00 935811 0.00 349.31 5483.21
11.66 10.29 120.03 274.28 4.00 935821 0.00 350.17 5484.46
11.66 10.29 120.03 274.69 4.00 935831 0.00 351.21 5485.65
11.66 10.29 120.03 274.96 4.00 935841 0.00 351.91 5486.82
11.66 10.29 120.03 275.30 4.00 935851 0.00 352.78 5488.00
11.66 10.29 120.03 275.64 4.00 935861 0.00 353.66 5489.26
11.66 10.29 120.03 276.05 4.00 935871 0.00 354.71 5490.44
11.70 8.90 104.17 276.33 4.00 935881 0.00 355.42 5491.58
11.70 8.90 104.17 276.67 4.00 935891 0.00 356.30 5492.60
11.70 8.90 104.17 277.02 4.00 935901 0.00 357.19 5493.70
11.70 8.90 104.17 277.29 4.00 935911 0.00 357.91 5494.71
11.70 8.90 104.17 277.57 4.00 935921 0.00 358.62 5495.74
11.70 8.90 104.17 277.99 4.00 935931 0.00 359.70 5496.83
11.70 8.90 104.17 278.33 4.00 935941 0.00 360.60 5497.85
11.70 8.90 104.17 278.54 4.00 935951 0.00 361.14 5498.87
11.70 8.90 104.17 278.96 4.00 935961 0.00 362.23 5499.96
11.70 8.90 104.17 279.24 4.00 935971 0.00 362.96 5500.99
11.70 8.90 104.17 279.60 4.00 935981 0.00 363.87 5502.01
11.70 8.90 104.17 279.88 4.00 935991 0.00 364.61 5503.03
11.70 8.90 104.17 280.23 4.00 936001 0.00 365.53 5504.12
11.70 8.90 104.17 280.44 4.00 936011 0.00 366.08 5505.14
11.70 8.90 104.17 280.87 4.00 936021 0.00 367.19 5506.16
11.69 9.40 109.81 281.22 4.00 936031 0.00 368.12 5507.31
11.69 9.40 109.81 281.51 4.00 936041 0.00 368.87 5508.39
11.69 9.40 109.81 281.79 4.00 936051 0.00 369.62 5509.46
11.69 9.40 109.81 282.08 4.00 936061 0.00 370.37 5510.54
11.69 9.40 109.81 282.44 4.00 936071 0.00 371.31 5511.69
11.69 9.40 109.81 282.73 4.00 936081 0.00 372.07 5512.77
11.69 9.40 109.81 283.01 4.00 936091 0.00 372.83 5513.85
11.69 9.40 109.81 283.45 4.00 936101 0.00 373.97 5514.99
11.69 9.40 109.81 283.66 4.00 936111 0.00 374.54 5516.07
11.69 9.40 109.81 284.03 4.00 936121 0.00 375.50 5517.15
11.69 9.40 109.81 284.24 4.00 936131 0.00 376.08 5518.23
11.69 9.40 109.81 284.61 4.00 936141 0.00 377.04 5519.38
11.69 9.40 109.81 284.83 4.00 936151 0.00 377.62 5520.45
11.69 9.40 109.81 285.27 4.00 936161 0.00 378.78 5521.53
11.72 8.51 99.68 285.56 4.00 936171 0.00 379.56 5522.60
11.72 8.51 99.68 285.78 4.00 936181 0.00 380.15 5523.58
11.72 8.51 99.68 286.07 4.00 936191 0.00 380.93 5524.56
11.72 8.51 99.68 286.37 4.00 936201 0.00 381.72 5525.53
11.72 8.51 99.68 286.66 4.00 936211 0.00 382.51 5526.58
11.72 8.51 99.68 287.03 4.00 936221 0.00 383.50 5527.56
11.72 8.51 99.68 287.26 4.00 936231 0.00 384.09 5528.54
11.72 8.51 99.68 287.55 4.00 936241 0.00 384.89 5529.58
11.72 8.51 99.68 287.93 4.00 936251 0.00 385.89 5530.56
11.72 8.51 99.68 288.15 4.00 936261 0.00 386.49 5531.53
11.72 8.51 99.68 288.45 4.00 936271 0.00 387.29 5532.51
11.72 8.51 99.68 288.68 4.00 936281 0.00 387.89 5533.56
11.72 8.51 99.68 289.05 4.00 936291 0.00 388.90 5534.54
11.72 8.51 99.68 289.35 4.00 936301 0.00 389.71 5535.51
11.73 8.07 94.62 289.58 4.00 936311 0.00 390.32 5536.53
11.73 8.07 94.62 289.88 4.00 936321 0.00 391.14 5537.46
11.73 8.07 94.62 290.11 4.00 936331 0.00 391.75 5538.38
11.73 8.07 94.62 290.41 4.00 936341 0.00 392.57 5539.31
11.73 8.07 94.62 290.71 4.00 936351 0.00 393.39 5540.30
11.73 8.07 94.62 290.87 4.00 936361 0.00 393.80 5541.23
11.73 8.07 94.62 291.25 4.00 936371 0.00 394.84 5542.16
11.73 8.07 94.62 291.55 4.00 936381 0.00 395.67 5543.15
11.73 8.07 94.62 291.71 4.00 936391 0.00 396.08 5544.08
11.73 8.07 94.62 292.09 4.00 936401 0.00 397.12 5545.01
11.73 8.07 94.62 292.40 4.00 936411 0.00 397.96 5545.94
11.73 8.07 94.62 292.63 4.00 936421 0.00 398.59 5546.93
11.73 8.07 94.62 292.78 4.00 936431 0.00 399.01 5547.85
11.73 8.07 94.62 293.17 4.00 936441 0.00 400.06 5548.78
11.74 7.77 91.25 293.32 4.00 936451 0.00 400.49 5549.76
11.74 7.77 91.25 293.63 4.00 936461 0.00 401.33 5550.66
11.74 7.77 91.25 293.94 4.00 936471 0.00 402.18 5551.55
11.74 7.77 91.25 294.18 4.00 936481 0.00 402.82 5552.45
11.74 7.77 91.25 294.41 4.00 936491 0.00 403.46 5553.40
11.74 7.77 91.25 294.72 4.00 936501 0.00 404.32 5554.30
11.74 7.77 91.25 294.96 4.00 936511 0.00 404.96 5555.20
11.74 7.77 91.25 295.27 4.00 936521 0.00 405.83 5556.15
11.74 7.77 91.25 295.51 4.00 936531 0.00 406.47 5557.05
11.74 7.77 91.25 295.82 4.00 936541 0.00 407.34 5557.94
11.74 7.77 91.25 296.06 4.00 936551 0.00 407.99 5558.84
11.74 7.77 91.25 296.38 4.00 936561 0.00 408.86 5559.79
11.74 7.77 91.25 296.61 4.00 936571 0.00 409.52 5560.69
11.74 7.77 91.25 296.77 4.00 936581 0.00 409.95 5561.59
11.74 7.33 86.10 297.17 4.00 936591 0.00 411.05 5562.48
11.76 7.33 86.24 297.33 4.00 936601 0.00 411.49 5563.38
11.76 7.33 86.24 297.57 4.00 936611 0.00 412.15 5564.23
11.76 7.33 86.24 297.81 4.00 936621 0.00 412.82 5565.07
11.76 7.33 86.24 298.12 4.00 936631 0.00 413.70 5565.98
11.76 7.33 86.24 298.28 4.00 936641 0.00 414.15 5566.82
11.76 7.33 86.24 298.61 4.00 936651 0.00 415.04 5567.67
11.76 7.33 86.24 298.77 4.00 936661 0.00 415.48 5568.52
11.76 7.33 86.24 299.09 4.00 936671 0.00 416.38 5569.42
11.76 7.33 86.24 299.25 4.00 936681 0.00 416.83 5570.27
11.76 7.33 86.24 299.57 4.00 936691 0.00 417.73 5571.11
11.76 7.33 86.24 299.81 4.00 936701 0.00 418.40 5572.01
11.76 7.33 86.24 299.98 4.00 936711 0.00 418.86 5572.86
11.76 7.33 86.24 300.22 4.00 936721 0.00 419.54 5573.71
11.76 7.33 86.24 300.46 4.00 936731 0.00 420.22 5574.55
11.76 7.23 84.99 300.79 4.00 936741 0.00 421.13 5575.44
11.76 7.23 84.99 300.87 4.00 936751 0.00 421.36 5576.28
11.76 7.23 84.99 301.20 4.00 936761 0.00 422.27 5577.11
11.76 7.23 84.99 301.44 4.00 936771 0.00 422.96 5578.00
11.76 7.23 84.99 301.77 4.00 936781 0.00 423.88 5578.84
11.76 7.23 84.99 301.85 4.00 936791 0.00 424.11 5579.67
11.76 7.23 84.99 302.18 4.00 936801 0.00 425.03 5580.50
11.76 7.23 84.99 302.43 4.00 936811 0.00 425.73 5581.39
11.76 7.23 84.99 302.59 4.00 936821 0.00 426.19 5582.23
11.76 7.23 84.99 302.84 4.00 936831 0.00 426.89 5583.06
11.76 7.23 84.99 303.09 4.00 936841 0.00 427.59 5583.90
11.76 7.23 84.99 303.33 4.00 936851 0.00 428.29 5584.79
11.76 7.23 84.99 303.50 4.00 936861 0.00 428.75 5585.62
11.76 7.23 84.99 303.75 4.00 936871 0.00 429.46 5586.46
11.77 6.59 77.57 304.00 4.00 936881 0.00 430.16 5587.29
11.77 6.59 77.57 304.25 4.00 936891 0.00 430.87 5588.05
11.77 6.59 77.57 304.41 4.00 936901 0.00 431.34 5588.81
11.77 6.59 77.57 304.58 4.00 936911 0.00 431.82 5589.57
11.77 6.59 77.57 304.83 4.00 936921 0.00 432.53 5590.38
11.77 6.59 77.57 305.08 4.00 936931 0.00 433.24 5591.14
11.77 6.59 77.57 305.33 4.00 936941 0.00 433.95 5591.91
11.77 6.59 77.57 305.50 4.00 936951 0.00 434.43 5592.72
11.77 6.59 77.57 305.75 4.00 936961 0.00 435.15 5593.48
11.77 6.59 77.57 306.01 4.00 936971 0.00 435.87 5594.24
11.77 6.59 77.57 306.18 4.00 936981 0.00 436.35 5595.01
11.77 6.59 77.57 306.34 4.00 936991 0.00 436.83 5595.82
11.77 6.59 77.57 306.60 4.00 937001 0.00 437.55 5596.58
11.77 6.59 77.57 306.85 4.00 937011 0.00 438.28 5597.34
11.78 6.24 73.49 307.02 4.00 937021 0.00 438.76 5598.09
11.78 6.24 73.49 307.28 4.00 937031 0.00 439.49 5598.85
11.78 6.24 73.49 307.45 4.00 937041 0.00 439.98 5599.58
11.78 6.24 73.49 307.62 4.00 937051 0.00 440.47 5600.30
11.78 6.24 73.49 307.87 4.00 937061 0.00 441.20 5601.07
11.78 6.24 73.49 308.04 4.00 937071 0.00 441.69 5601.79
11.78 6.24 73.49 308.21 4.00 937081 0.00 442.18 5602.51
11.78 6.24 73.49 308.47 4.00 937091 0.00 442.91 5603.23
11.78 6.24 73.49 308.64 4.00 937101 0.00 443.41 5604.00
11.78 6.24 73.49 308.90 4.00 937111 0.00 444.15 5604.72
11.78 6.24 73.49 309.07 4.00 937121 0.00 444.64 5605.44
11.78 6.24 73.49 309.16 4.00 937131 0.00 444.89 5606.16
11.78 6.24 73.49 309.42 4.00 937141 0.00 445.63 5606.93
11.78 6.24 73.49 309.59 4.00 937151 0.00 446.13 5607.66
11.80 5.93 70.04 309.85 4.00 937161 0.00 446.88 5608.37
11.80 5.93 70.04 310.02 4.00 937171 0.00 447.37 5609.10
11.80 5.93 70.04 310.19 4.00 937181 0.00 447.87 5609.78
11.80 5.93 70.04 310.37 4.00 937191 0.00 448.38 5610.47
11.80 5.93 70.04 310.54 4.00 937201 0.00 448.88 5611.16
11.80 5.93 70.04 310.80 4.00 937211 0.00 449.63 5611.89
11.80 5.93 70.04 310.97 4.00 937221 0.00 450.13 5612.58
11.80 5.93 70.04 311.15 4.00 937231 0.00 450.64 5613.27
11.80 5.93 70.04 311.32 4.00 937241 0.00 451.14 5614.00
11.80 5.93 70.04 311.50 4.00 937251 0.00 451.65 5614.69
11.80 5.93 70.04 311.67 4.00 937261 0.00 452.16 5615.37
11.80 5.93 70.04 311.93 4.00 937271 0.00 452.92 5616.11
11.80 5.93 70.04 312.20 4.00 937281 0.00 453.68 5616.79
11.80 5.93 70.04 312.29 4.00 937291 0.00 453.94 5617.48
11.80 5.97 70.49 312.55 4.00 937301 0.00 454.70 5618.17
11.80 5.97 70.47 312.72 4.00 937311 0.00 455.22 5618.91
11.80 5.97 70.47 312.99 4.00 937321 0.00 455.99 5619.60
11.80 5.97 70.47 313.17 4.00 937331 0.00 456.50 5620.29
11.80 5.97 70.47 313.34 4.00 937341 0.00 457.01 5621.02
11.80 5.97 70.47 313.52 4.00 937351 0.00 457.53 5621.72
11.80 5.97 70.47 313.70 4.00 937361 0.00 458.05 5622.41
11.80 5.97 70.47 313.96 4.00 937371 0.00 458.82 5623.10
11.80 5.97 70.47 314.05 4.00 937381 0.00 459.08 5623.84
11.80 5.97 70.47 314.32 4.00 937391 0.00 459.86 5624.53
11.80 5.97 70.47 314.50 4.00 937401 0.00 460.38 5625.22
11.80 5.97 70.47 314.67 4.00 937411 0.00 460.91 5625.96
11.80 5.97 70.47 314.85 4.00 937421 0.00 461.43 5626.65
11.80 5.97 70.47 315.03 4.00 937431 0.00 461.95 5627.34
11.80 5.97 70.47 315.21 4.00 937441 0.00 462.48 5628.03
11.79 5.86 69.04 315.48 4.00 937451 0.00 463.26 5628.76
11.79 5.86 69.04 315.66 4.00 937461 0.00 463.79 5629.43
11.79 5.86 69.04 315.75 4.00 937471 0.00 464.05 5630.11
11.79 5.86 69.04 316.02 4.00 937481 0.00 464.85 5630.83
11.79 5.86 69.04 316.11 4.00 937491 0.00 465.11 5631.51
11.79 5.86 69.04 316.29 4.00 937501 0.00 465.64 5632.19
11.79 5.86 69.04 316.47 4.00 937511 0.00 466.17 5632.87
11.79 5.86 69.04 316.65 4.00 937521 0.00 466.70 5633.59
11.79 5.86 69.04 316.92 4.00 937531 0.00 467.50 5634.27
11.79 5.86 69.04 317.10 4.00 937541 0.00 468.04 5634.95
11.79 5.86 69.04 317.28 4.00 937551 0.00 468.57 5635.67
11.79 5.86 69.04 317.37 4.00 937561 0.00 468.84 5636.35
11.79 5.86 69.04 317.64 4.00 937571 0.00 469.64 5637.02
11.79 5.86 69.04 317.73 4.00 937581 0.00 469.91 5637.70
11.82 5.22 61.65 317.91 4.00 937591 0.00 470.45 5638.36
11.82 5.22 61.65 318.19 4.00 937601 0.00 471.26 5638.97
11.82 5.22 61.65 318.37 4.00 937611 0.00 471.80 5639.58
11.82 5.22 61.65 318.46 4.00 937621 0.00 472.07 5640.18
11.82 5.22 61.65 318.64 4.00 937631 0.00 472.61 5640.83
11.82 5.22 61.65 318.74 4.00 937641 0.00 472.88 5641.43
11.82 5.22 61.65 318.92 4.00 937651 0.00 473.42 5642.04
11.82 5.22 61.65 319.10 4.00 937661 0.00 473.97 5642.68
11.82 5.22 61.65 319.28 4.00 937671 0.00 474.51 5643.29
11.82 5.22 61.65 319.47 4.00 937681 0.00 475.06 5643.89
11.82 5.22 61.65 319.65 4.00 937691 0.00 475.61 5644.50
11.82 5.22 61.65 319.84 4.00 937701 0.00 476.15 5645.14
11.82 5.22 61.65 319.93 4.00 937711 0.00 476.43 5645.75
11.82 5.22 61.65 320.02 4.00 937721 0.00 476.70 5646.35
11.82 5.00 59.06 320.20 4.00 937731 0.00 477.25 5646.98
11.82 5.00 59.06 320.48 4.00 937741 0.00 478.08 5647.56
11.82 5.00 59.06 320.57 4.00 937751 0.00 478.36 5648.14
11.82 5.00 59.06 320.76 4.00 937761 0.00 478.91 5648.72
11.82 5.00 59.06 321.04 4.00 937771 0.00 479.74 5649.34
11.82 5.00 59.06 321.13 4.00 937781 0.00 480.02 5649.92
11.82 5.00 59.06 321.32 4.00 937791 0.00 480.57 5650.50
11.82 5.00 59.06 321.50 4.00 937801 0.00 481.13 5651.11
11.82 5.00 59.06 321.60 4.00 937811 0.00 481.41 5651.69
11.82 5.00 59.06 321.78 4.00 937821 0.00 481.96 5652.27
11.82 5.00 59.06 321.97 4.00 937831 0.00 482.52 5652.89
11.82 5.00 59.06 322.06 4.00 937841 0.00 482.80 5653.47
11.82 5.00 59.06 322.25 4.00 937851 0.00 483.36 5654.05
11.82 5.00 59.06 322.34 4.00 937861 0.00 483.64 5654.63
11.83 5.04 59.60 322.53 4.00 937871 0.00 484.20 5655.25
11.83 5.04 59.60 322.72 4.00 937881 0.00 484.77 5655.83
11.83 5.04 59.60 322.90 4.00 937891 0.00 485.33 5656.42
11.83 5.04 59.60 323.00 4.00 937901 0.00 485.61 5657.04
11.83 5.04 59.60 323.19 4.00 937911 0.00 486.18 5657.62
11.83 5.04 59.60 323.37 4.00 937921 0.00 486.74 5658.21
11.83 5.04 59.60 323.47 4.00 937931 0.00 487.03 5658.83
11.83 5.04 59.60 323.66 4.00 937941 0.00 487.60 5659.42
11.83 5.04 59.60 323.75 4.00 937951 0.00 487.88 5660.00
11.83 5.04 59.60 323.94 4.00 937961 0.00 488.45 5660.58
11.83 5.04 59.60 324.03 4.00 937971 0.00 488.73 5661.21
11.83 5.04 59.60 324.22 4.00 937981 0.00 489.30 5661.79
11.83 5.04 59.60 324.32 4.00 937991 0.00 489.59 5662.38
11.83 5.04 59.60 324.51 4.00 938001 0.00 490.16 5663.00
11.83 4.40 52.02 324.70 4.00 938011 0.00 490.74 5663.58
11.84 4.40 52.07 324.79 4.00 938021 0.00 491.02 5664.09
11.84 4.40 52.07 324.98 4.00 938031 0.00 491.60 5664.60
11.84 4.40 52.07 325.08 4.00 938041 0.00 491.88 5665.14
11.84 4.40 52.07 325.27 4.00 938051 0.00 492.46 5665.65
11.84 4.40 52.07 325.36 4.00 938061 0.00 492.75 5666.16
11.84 4.40 52.07 325.55 4.00 938071 0.00 493.33 5666.71
11.84 4.40 52.07 325.65 4.00 938081 0.00 493.62 5667.22
11.84 4.40 52.07 325.74 4.00 938091 0.00 493.91 5667.73
11.84 4.40 52.07 325.84 4.00 938101 0.00 494.20 5668.24
11.84 4.40 52.07 326.03 4.00 938111 0.00 494.78 5668.79
11.84 4.40 52.07 326.13 4.00 938121 0.00 495.07 5669.30
11.84 4.40 52.07 326.32 4.00 938131 0.00 495.65 5669.81
11.84 4.40 52.07 326.41 4.00 938141 0.00 495.94 5670.35
11.84 4.40 52.07 326.51 4.00 938151 0.00 496.23 5670.86
11.85 4.22 49.99 326.70 4.00 938161 0.00 496.81 5671.35
11.85 4.22 49.99 326.89 4.00 938171 0.00 497.40 5671.88
11.85 4.22 49.99 326.99 4.00 938181 0.00 497.69 5672.37
11.85 4.22 49.99 327.09 4.00 938191 0.00 497.99 5672.86
11.85 4.22 49.99 327.28 4.00 938201 0.00 498.57 5673.35
11.85 4.22 49.99 327.47 4.00 938211 0.00 499.16 5673.87
11.85 4.22 49.99 327.47 4.00 938221 0.00 499.16 5674.36
11.85 4.22 49.99 327.57 4.00 938231 0.00 499.45 5674.86
11.85 4.22 49.99 327.76 4.00 938241 0.00 500.04 5675.35
11.85 4.22 49.99 327.86 4.00 938251 0.00 500.34 5675.87
11.85 4.22 49.99 328.05 4.00 938261 0.00 500.93 5676.36
11.85 4.22 49.99 328.15 4.00 938271 0.00 501.23 5676.85
11.85 4.22 49.99 328.34 4.00 938281 0.00 501.82 5677.38
11.85 4.22 49.99 328.34 4.00 938291 0.00 501.82 5677.87
11.85 4.25 50.39 328.63 4.00 938301 0.00 502.71 5678.36
11.85 4.25 50.39 328.63 4.00 938311 0.00 502.71 5678.86
11.85 4.25 50.39 328.83 4.00 938321 0.00 503.30 5679.38
11.85 4.25 50.39 328.93 4.00 938331 0.00 503.60 5679.88
11.85 4.25 50.39 329.02 4.00 938341 0.00 503.90 5680.37
11.85 4.25 50.39 329.12 4.00 938351 0.00 504.20 5680.87
11.85 4.25 50.39 329.32 4.00 938361 0.00 504.80 5681.39
11.85 4.25 50.39 329.41 4.00 938371 0.00 505.10 5681.89
11.85 4.25 50.39 329.51 4.00 938381 0.00 505.40 5682.38
11.85 4.25 50.39 329.71 4.00 938391 0.00 506.00 5682.91
11.85 4.25 50.39 329.80 4.00 938401 0.00 506.30 5683.41
11.85 4.25 50.39 329.90 4.00 938411 0.00 506.60 5683.90
11.85 4.25 50.39 330.10 4.00 938421 0.00 507.20 5684.39
11.85 4.25 50.39 330.20 4.00 938431 0.00 507.50 5684.92
11.86 4.00 47.40 330.29 4.00 938441 0.00 507.80 5685.40
11.86 4.00 47.40 330.49 4.00 938451 0.00 508.41 5685.86
11.86 4.00 47.40 330.59 4.00 938461 0.00 508.71 5686.36
11.86 4.00 47.40 330.69 4.00 938471 0.00 509.01 5686.82
11.86 4.00 47.40 330.79 4.00 938481 0.00 509.32 5687.29
11.86 4.00 47.40 330.98 4.00 938491 0.00 509.92 5687.79
11.86 4.00 47.40 331.08 4.00 938501 0.00 510.23 5688.25
11.86 4.00 47.40 331.18 4.00 938511 0.00 510.53 5688.72
11.86 4.00 47.40 331.38 4.00 938521 0.00 511.14 5689.18
11.86 4.00 47.40 331.38 4.00 938531 0.00 511.14 5689.68
11.86 4.00 47.40 331.48 4.00 938541 0.00 511.45 5690.14
11.86 4.00 47.40 331.67 4.00 938551 0.00 512.06 5690.61
11.86 4.00 47.40 331.77 4.00 938561 0.00 512.36 5691.10
11.86 4.00 47.40 331.87 4.00 938571 0.00 512.67 5691.57
11.86 3.77 44.66 331.97 4.00 938581 0.00 512.97 5692.03
11.86 3.77 44.66 332.07 4.00 938591 0.00 513.28 5692.46
11.86 3.77 44.66 332.17 4.00 938601 0.00 513.59 5692.93
11.86 3.77 44.66 332.27 4.00 938611 0.00 513.90 5693.37
11.86 3.77 44.66 332.37 4.00 938621 0.00 514.20 5693.81
11.86 3.77 44.66 332.47 4.00 938631 0.00 514.51 5694.28
11.86 3.77 44.66 332.67 4.00 938641 0.00 515.13 5694.71
11.86 3.77 44.66 332.77 4.00 938651 0.00 515.44 5695.15
11.86 3.77 44.66 332.87 4.00 938661 0.00 515.74 5695.59
11.86 3.77 44.66 333.07 4.00 938671 0.00 516.36 5696.06
11.86 3.77 44.66 333.17 4.00 938681 0.00 516.67 5696.50
11.86 3.77 44.66 333.27 4.00 938691 0.00 516.98 5696.94
11.86 3.77 44.66 333.37 4.00 938701 0.00 517.29 5697.40
11.86 3.77 44.66 333.47 4.00 938711 0.00 517.60 5697.84
11.86 3.57 42.40 333.57 4.00 938721 0.00 517.91 5698.28
11.86 3.57 42.39 333.67 4.00 938731 0.00 518.23 5698.69
11.86 3.57 42.39 333.77 4.00 938741 0.00 518.54 5699.14
11.86 3.57 42.39 333.87 4.00 938751 0.00 518.85 5699.56
11.86 3.57 42.39 334.07 4.00 938761 0.00 519.47 5699.97
11.86 3.57 42.39 334.07 4.00 938771 0.00 519.47 5700.39
11.86 3.57 42.39 334.17 4.00 938781 0.00 519.79 5700.83
11.86 3.57 42.39 334.37 4.00 938791 0.00 520.41 5701.25
11.86 3.57 42.39 334.47 4.00 938801 0.00 520.72 5701.66
11.86 3.57 42.39 334.47 4.00 938811 0.00 520.72 5702.11
11.86 3.57 42.39 334.67 4.00 938821 0.00 521.35 5702.53
11.86 3.57 42.39 334.77 4.00 938831 0.00 521.67 5702.94
11.86 3.57 42.39 334.87 4.00 938841 0.00 521.98 5703.36
11.86 3.57 42.39 334.97 4.00 938851 0.00 522.30 5703.80
11.86 3.57 42.39 335.08 4.00 938861 0.00 522.61 5704.22
11.87 3.14 37.23 335.08 4.00 938871 0.00 522.61 5704.59
11.87 3.14 37.23 335.28 4.00 938881 0.00 523.24 5704.98
11.87 3.14 37.23 335.38 4.00 938891 0.00 523.56 5705.35
11.87 3.14 37.23 335.48 4.00 938901 0.00 523.87 5705.71
11.87 3.14 37.23 335.58 4.00 938911 0.00 524.19 5706.08
11.87 3.14 37.23 335.68 4.00 938921 0.00 524.51 5706.47
11.87 3.14 37.23 335.78 4.00 938931 0.00 524.82 5706.83
11.87 3.14 37.23 335.78 4.00 938941 0.00 524.82 5707.20
11.87 3.14 37.23 335.99 4.00 938951 0.00 525.46 5707.56
11.87 3.14 37.23 336.09 4.00 938961 0.00 525.78 5707.95
11.87 3.14 37.23 336.19 4.00 938971 0.00 526.10 5708.32
11.87 3.14 37.23 336.19 4.00 938981 0.00 526.10 5708.68
11.87 3.14 37.23 336.39 4.00 938991 0.00 526.73 5709.07
11.87 3.14 37.23 336.39 4.00 939001 0.00 526.73 5709.44
11.88 3.25 38.64 336.50 4.00 939011 0.00 527.05 5709.81
11.88 3.25 38.64 336.70 4.00 939021 0.00 527.69 5710.19
11.88 3.25 38.64 336.70 4.00 939031 0.00 527.69 5710.60
11.88 3.25 38.64 336.80 4.00 939041 0.00 528.01 5710.98
11.88 3.25 38.64 336.90 4.00 939051 0.00 528.33 5711.36
11.88 3.25 38.64 337.01 4.00 939061 0.00 528.65 5711.76
11.88 3.25 38.64 337.11 4.00 939071 0.00 528.97 5712.14
11.88 3.25 38.64 337.11 4.00 939081 0.00 528.97 5712.52
11.88 3.25 38.64 337.31 4.00 939091 0.00 529.62 5712.90
11.88 3.25 38.64 337.42 4.00 939101 0.00 529.94 5713.30
11.88 3.25 38.64 337.42 4.00 939111 0.00 529.94 5713.68
11.88 3.25 38.64 337.52 4.00 939121 0.00 530.26 5714.06
11.88 3.25 38.64 337.62 4.00 939131 0.00 530.58 5714.44
11.88 3.25 38.64 337.72 4.00 939141 0.00 530.90 5714.85
11.88 3.21 38.19 337.72 4.00 939151 0.00 530.90 5715.22
11.88 3.21 38.19 337.93 4.00 939161 0.00 531.55 5715.60
11.88 3.21 38.19 338.03 4.00 939171 0.00 531.87 5716.00
11.88 3.21 38.19 338.13 4.00 939181 0.00 532.20 5716.37
11.88 3.21 38.19 338.24 4.00 939191 0.00 532.52 5716.75
11.88 3.21 38.19 338.24 4.00 939201 0.00 532.52 5717.12
11.88 3.21 38.19 338.34 4.00 939211 0.00 532.85 5717.52
11.88 3.21 38.19 338.44 4.00 939221 0.00 533.17 5717.90
11.88 3.21 38.19 338.44 4.00 939231 0.00 533.17 5718.27
11.88 3.21 38.19 338.55 4.00 939241 0.00 533.49 5718.67
11.88 3.21 38.19 338.65 4.00 939251 0.00 533.82 5719.05
11.88 3.21 38.19 338.75 4.00 939261 0.00 534.15 5719.42
11.88 3.21 38.19 338.86 4.00 939271 0.00 534.47 5719.80
11.88 3.21 38.19 338.86 4.00 939281 0.00 534.47 5720.20
11.92 2.97 35.41 338.96 4.00 939291 0.00 534.80 5720.56
11.92 2.97 35.41 339.06 4.00 939301 0.00 535.12 5720.91
11.92 2.97 35.41 339.17 4.00 939311 0.00 535.45 5721.26
11.92 2.97 35.41 339.27 4.00 939321 0.00 535.78 5721.63
11.92 2.97 35.41 339.37 4.00 939331 0.00 536.11 5721.98
11.92 2.97 35.41 339.37 4.00 939341 0.00 536.11 5722.33
11.92 2.97 35.41 339.48 4.00 939351 0.00 536.43 5722.70
11.92 2.97 35.41 339.48 4.00 939361 0.00 536.43 5723.05
11.92 2.97 35.41 339.69 4.00 939371 0.00 537.09 5723.39
11.92 2.97 35.41 339.79 4.00 939381 0.00 537.42 5723.74
11.92 2.97 35.41 339.89 4.00 939391 0.00 537.75 5724.11
11.92 2.97 35.41 339.89 4.00 939401 0.00 537.75 5724.46
11.92 2.97 35.41 340.00 4.00 939411 0.00 538.08 5724.81
11.92 2.97 35.41 340.10 4.00 939421 0.00 538.41 5725.15
11.92 2.77 32.96 340.21 4.00 939431 0.00 538.73 5725.52
11.89 2.77 32.88 340.21 4.00 939441 0.00 538.73 5725.85
11.89 2.77 32.88 340.31 4.00 939451 0.00 539.07 5726.17
11.89 2.77 32.88 340.41 4.00 939461 0.00 539.40 5726.51
11.89 2.77 32.88 340.52 4.00 939471 0.00 539.73 5726.84
11.89 2.77 32.88 340.52 4.00 939481 0.00 539.73 5727.16
11.89 2.77 32.88 340.62 4.00 939491 0.00 540.06 5727.48
11.89 2.77 32.88 340.83 4.00 939501 0.00 540.72 5727.83
11.89 2.77 32.88 340.73 4.00 939511 0.00 540.39 5728.15
11.89 2.77 32.88 340.83 4.00 939521 0.00 540.72 5728.47
11.89 2.77 32.88 340.94 4.00 939531 0.00 541.05 5728.82
11.89 2.77 32.88 341.04 4.00 939541 0.00 541.38 5729.14
11.89 2.77 32.88 341.15 4.00 939551 0.00 541.72 5729.46
11.89 2.77 32.88 341.15 4.00 939561 0.00 541.72 5729.79
11.89 2.77 32.88 341.25 4.00 939571 0.00 542.05 5730.13
11.89 2.79 33.13 341.36 4.00 939581 0.00 542.38 5730.45
11.89 2.79 33.13 341.46 4.00 939591 0.00 542.72 5730.78
11.89 2.79 33.13 341.57 4.00 939601 0.00 543.05 5731.11
11.89 2.79 33.13 341.57 4.00 939611 0.00 543.05 5731.45
11.89 2.79 33.13 341.67 4.00 939621 0.00 543.38 5731.78
11.89 2.79 33.13 341.78 4.00 939631 0.00 543.72 5732.10
11.89 2.79 33.13 341.78 4.00 939641 0.00 543.72 5732.45
11.89 2.79 33.13 341.88 4.00 939651 0.00 544.05 5732.78
11.89 2.79 33.13 341.99 4.00 939661 0.00 544.39 5733.10
11.89 2.79 33.13 341.99 4.00 939671 0.00 544.39 5733.43
11.89 2.79 33.13 342.09 4.00 939681 0.00 544.72 5733.77
11.89 2.79 33.13 342.20 4.00 939691 0.00 545.06 5734.10
11.89 2.79 33.13 342.30 4.00 939701 0.00 545.39 5734.42
11.89 2.79 33.13 342.30 4.00 939711 0.00 545.39 5734.75
11.89 2.71 32.18 342.41 4.00 939721 0.00 545.73 5735.09
11.89 2.71 32.18 342.51 4.00 939731 0.00 546.07 5735.41
11.89 2.71 32.18 342.51 4.00 939741 0.00 546.07 5735.72
11.89 2.71 32.18 342.72 4.00 939751 0.00 546.74 5736.06
11.89 2.71 32.18 342.72 4.00 939761 0.00 546.74 5736.37
11.89 2.71 32.18 342.83 4.00 939771 0.00 547.08 5736.69
11.89 2.71 32.18 342.83 4.00 939781 0.00 547.08 5737.01
11.89 2.71 32.18 342.94 4.00 939791 0.00 547.42 5737.34
11.89 2.71 32.18 343.04 4.00 939801 0.00 547.75 5737.66
11.89 2.71 32.18 343.04 4.00 939811 0.00 547.75 5737.98
11.89 2.71 32.18 343.15 4.00 939821 0.00 548.09 5738.31
11.89 2.71 32.18 343.25 4.00 939831 0.00 548.43 5738.63
11.89 2.71 32.18 343.36 4.00 939841 0.00 548.77 5738.95
11.89 2.71 32.18 343.47 4.00 939851 0.00 549.11 5739.26
11.90 2.65 31.51 343.57 4.00 939861 0.00 549.45 5739.60
11.90 2.65 31.51 343.57 4.00 939871 0.00 549.45 5739.91
11.90 2.65 31.51 343.57 4.00 939881 0.00 549.45 5740.21
11.90 2.65 31.51 343.68 4.00 939891 0.00 549.79 5740.52
11.90 2.65 31.51 343.78 4.00 939901 0.00 550.13 5740.85
11.90 2.65 31.51 343.89 4.00 939911 0.00 550.47 5741.16
11.90 2.65 31.51 343.89 4.00 939921 0.00 550.47 5741.47
11.90 2.65 31.51 344.00 4.00 939931 0.00 550.81 5741.80
11.90 2.65 31.51 344.10 4.00 939941 0.00 551.15 5742.11
11.90 2.65 31.51 344.10 4.00 939951 0.00 551.15 5742.42
11.90 2.65 31.51 344.21 4.00 939961 0.00 551.49 5742.73
11.90 2.65 31.51 344.32 4.00 939971 0.00 551.84 5743.06
11.90 2.65 31.51 344.32 4.00 939981 0.00 551.84 5743.37
11.90 2.65 31.51 344.42 4.00 939991 0.00 552.18 5743.68
11.90 2.48 29.49 344.53 4.00 940001 0.00 552.52 5744.00
11.90 2.48 29.49 344.53 4.00 940011 0.00 552.52 5744.29
11.90 2.48 29.49 344.64 4.00 940021 0.00 552.86 5744.58
11.90 2.48 29.49 344.74 4.00 940031 0.00 553.21 5744.89
11.90 2.48 29.49 344.74 4.00 940041 0.00 553.21 5745.18
11.90 2.48 29.49 344.85 4.00 940051 0.00 553.55 5745.46
11.90 2.48 29.49 344.96 4.00 940061 0.00 553.89 5745.77
11.90 2.48 29.49 344.96 4.00 940071 0.00 553.89 5746.06
11.90 2.48 29.49 345.07 4.00 940081 0.00 554.24 5746.35
11.90 2.48 29.49 345.17 4.00 940091 0.00 554.58 5746.66
11.90 2.48 29.49 345.17 4.00 940101 0.00 554.58 5746.94
11.90 2.48 29.49 345.28 4.00 940111 0.00 554.93 5747.23
11.90 2.48 29.49 345.28 4.00 940121 0.00 554.93 5747.54
11.90 2.48 29.49 345.39 4.00 940131 0.00 555.27 5747.83
11.90 2.57 30.59 345.49 4.00 940141 0.00 555.62 5748.12
11.90 2.57 30.59 345.60 4.00 940151 0.00 555.96 5748.44
11.90 2.57 30.59 345.60 4.00 940161 0.00 555.96 5748.74
11.90 2.57 30.59 345.71 4.00 940171 0.00 556.31 5749.04
11.90 2.57 30.59 345.82 4.00 940181 0.00 556.66 5749.34
11.90 2.57 30.59 345.82 4.00 940191 0.00 556.66 5749.66
11.90 2.57 30.59 345.92 4.00 940201 0.00 557.00 5749.96
11.90 2.57 30.59 345.92 4.00 940211 0.00 557.00 5750.26
11.90 2.57 30.59 346.03 4.00 940221 0.00 557.35 5750.58
11.90 2.57 30.59 346.14 4.00 940231 0.00 557.70 5750.88
11.90 2.57 30.59 346.14 4.00 940241 0.00 557.70 5751.18
11.90 2.57 30.59 346.14 4.00 940251 0.00 557.70 5751.48
11.90 2.57 30.59 346.25 4.00 940261 0.00 558.04 5751.80
11.90 2.57 30.59 346.36 4.00 940271 0.00 558.39 5752.10
11.90 2.57 30.59 346.36 4.00 940281 0.00 558.39 5752.40
11.91 2.33 27.72 346.46 4.00 940291 0.00 558.74 5752.70
11.91 2.33 27.72 346.57 4.00 940301 0.00 559.09 5752.97
11.91 2.33 27.72 346.57 4.00 940311 0.00 559.09 5753.24
11.91 2.33 27.72 346.57 4.00 940321 0.00 559.09 5753.51
11.91 2.33 27.72 346.68 4.00 940331 0.00 559.44 5753.80
11.91 2.33 27.72 346.79 4.00 940341 0.00 559.79 5754.08
11.91 2.33 27.72 346.79 4.00 940351 0.00 559.79 5754.35
11.91 2.33 27.72 346.90 4.00 940361 0.00 560.14 5754.64
11.91 2.33 27.72 346.90 4.00 940371 0.00 560.14 5754.91
11.91 2.33 27.72 347.01 4.00 940381 0.00 560.49 5755.18
11.91 2.33 27.72 347.11 4.00 940391 0.00 560.84 5755.46
11.91 2.33 27.72 347.11 4.00 940401 0.00 560.84 5755.75
11.91 2.33 27.72 347.22 4.00 940411 0.00 561.19 5756.02
11.91 2.33 27.72 347.22 4.00 940421 0.00 561.19 5756.29
11.91 2.36 28.13 347.33 4.00 940431 0.00 561.54 5756.56
11.91 2.36 28.13 347.33 4.00 940441 0.00 561.54 5756.86
11.91 2.36 28.13 347.44 4.00 940451 0.00 561.89 5757.14
11.91 2.36 28.13 347.55 4.00 940461 0.00 562.24 5757.41
11.91 2.36 28.13 347.55 4.00 940471 0.00 562.24 5757.71
11.91 2.36 28.13 347.55 4.00 940481 0.00 562.24 5757.98
11.91 2.36 28.13 347.66 4.00 940491 0.00 562.59 5758.26
11.91 2.36 28.13 347.66 4.00 940501 0.00 562.59 5758.53
11.91 2.36 28.13 347.77 4.00 940511 0.00 562.94 5758.83
11.91 2.36 28.13 347.87 4.00 940521 0.00 563.30 5759.11
11.91 2.36 28.13 347.87 4.00 940531 0.00 563.30 5759.38
11.91 2.36 28.13 347.98 4.00 940541 0.00 563.65 5759.68
11.91 2.36 28.13 347.98 4.00 940551 0.00 563.65 5759.95
11.91 2.36 28.13 348.09 4.00 940561 0.00 564.00 5760.23
11.91 2.09 24.88 348.09 4.00 940571 0.00 564.00 5760.49
11.91 2.09 24.88 348.20 4.00 940581 0.00 564.36 5760.75
11.91 2.09 24.88 348.31 4.00 940591 0.00 564.71 5761.00
11.91 2.09 24.88 348.31 4.00 940601 0.00 564.71 5761.24
11.91 2.09 24.88 348.42 4.00 940611 0.00 565.07 5761.50
11.91 2.09 24.88 348.42 4.00 940621 0.00 565.07 5761.74
11.91 2.09 24.88 348.42 4.00 940631 0.00 565.07 5761.99
11.91 2.09 24.88 348.53 4.00 940641 0.00 565.42 5762.23
11.91 2.09 24.88 348.53 4.00 940651 0.00 565.42 5762.49
11.91 2.09 24.88 348.64 4.00 940661 0.00 565.77 5762.74
11.91 2.09 24.88 348.64 4.00 940671 0.00 565.77 5762.98
11.91 2.09 24.88 348.75 4.00 940681 0.00 566.13 5763.24
11.91 2.09 24.88 348.75 4.00 940691 0.00 566.13 5763.49
11.91 2.09 24.88 348.86 4.00 940701 0.00 566.49 5763.73
11.91 2.06 24.52 348.86 4.00 940711 0.00 566.49 5763.97
11.91 2.06 24.52 348.86 4.00 940721 0.00 566.49 5764.23
11.91 2.06 24.52 349.08 4.00 940731 0.00 567.20 5764.47
11.91 2.06 24.52 348.97 4.00 940741 0.00 566.84 5764.71
11.91 2.06 24.52 349.19 4.00 940751 0.00 567.55 5764.97
11.91 2.06 24.52 349.08 4.00 940761 0.00 567.20 5765.21
11.91 2.06 24.52 349.19 4.00 940771 0.00 567.55 5765.45
11.91 2.06 24.52 349.30 4.00 940781 0.00 567.91 5765.69
11.91 2.06 24.52 349.30 4.00 940791 0.00 567.91 5765.95
11.91 2.06 24.52 349.41 4.00 940801 0.00 568.27 5766.19
11.91 2.06 24.52 349.41 4.00 940811 0.00 568.27 5766.43
11.91 2.06 24.52 349.52 4.00 940821 0.00 568.63 5766.69
11.91 2.06 24.52 349.63 4.00 940831 0.00 568.98 5766.93
11.91 2.06 24.52 349.63 4.00 940841 0.00 568.98 5767.17
11.91 2.06 24.52 349.63 4.00 940851 0.00 568.98 5767.41
11.91 2.03 24.22 349.74 4.00 940861 0.00 569.34 5767.66
11.91 2.03 24.22 349.74 4.00 940871 0.00 569.34 5767.90
11.91 2.03 24.22 349.85 4.00 940881 0.00 569.70 5768.13
11.91 2.03 24.22 349.96 4.00 940891 0.00 570.06 5768.39
11.91 2.03 24.22 349.85 4.00 940901 0.00 569.70 5768.62
11.91 2.03 24.22 349.96 4.00 940911 0.00 570.06 5768.86
11.91 2.03 24.22 349.96 4.00 940921 0.00 570.06 5769.11
11.91 2.03 24.22 349.96 4.00 940931 0.00 570.06 5769.35
11.91 2.03 24.22 350.07 4.00 940941 0.00 570.42 5769.60
11.91 2.03 24.22 350.18 4.00 940951 0.00 570.78 5769.84
11.91 2.03 24.22 350.29 4.00 940961 0.00 571.14 5770.07
11.91 2.03 24.22 350.29 4.00 940971 0.00 571.14 5770.32
11.91 2.03 24.22 350.29 4.00 940981 0.00 571.14 5770.56
11.91 2.03 24.22 350.40 4.00 940991 0.00 571.50 5770.80
11.92 1.97 23.50 350.40 4.00 941001 0.00 571.50 5771.04
11.92 1.97 23.50 350.51 4.00 941011 0.00 571.86 5771.27
11.92 1.97 23.50 350.51 4.00 941021 0.00 571.86 5771.50
11.92 1.97 23.50 350.51 4.00 941031 0.00 571.86 5771.75
11.92 1.97 23.50 350.62 4.00 941041 0.00 572.22 5771.98
11.92 1.97 23.50 350.73 4.00 941051 0.00 572.58 5772.21
11.92 1.97 23.50 350.73 4.00 941061 0.00 572.58 5772.44
11.92 1.97 23.50 350.73 4.00 941071 0.00 572.58 5772.69
11.92 1.97 23.50 350.84 4.00 941081 0.00 572.94 5772.92
11.92 1.97 23.50 350.84 4.00 941091 0.00 572.94 5773.15
11.92 1.97 23.50 350.95 4.00 941101 0.00 573.30 5773.38
11.92 1.97 23.50 350.95 4.00 941111 0.00 573.30 5773.63
11.92 1.97 23.50 351.06 4.00 941121 0.00 573.67 5773.86
11.92 1.97 23.50 351.06 4.00 941131 0.00 573.67 5774.09
11.92 1.89 22.56 351.06 4.00 941141 0.00 573.67 5774.33
11.92 1.89 22.56 351.17 4.00 941151 0.00 574.03 5774.55
11.92 1.89 22.56 351.17 4.00 941161 0.00 574.03 5774.77
11.92 1.89 22.56 351.28 4.00 941171 0.00 574.39 5774.99
11.92 1.89 22.56 351.28 4.00 941181 0.00 574.39 5775.23
11.92 1.89 22.56 351.40 4.00 941191 0.00 574.76 5775.45
11.92 1.89 22.56 351.40 4.00 941201 0.00 574.76 5775.67
11.92 1.89 22.56 351.51 4.00 941211 0.00 575.12 5775.91
11.92 1.89 22.56 351.40 4.00 941221 0.00 574.76 5776.13
11.92 1.89 22.56 351.51 4.00 941231 0.00 575.12 5776.35
11.92 1.89 22.56 351.51 4.00 941241 0.00 575.12 5776.57
11.92 1.89 22.56 351.51 4.00 941251 0.00 575.12 5776.81
11.92 1.89 22.56 351.62 4.00 941261 0.00 575.48 5777.03
11.92 1.89 22.56 351.62 4.00 941271 0.00 575.48 5777.25
11.92 1.84 21.90 351.73 4.00 941281 0.00 575.85 5777.47
11.92 1.84 21.90 351.73 4.00 941291 0.00 575.85 5777.70
11.92 1.84 21.90 351.84 4.00 941301 0.00 576.21 5777.92
11.92 1.84 21.90 351.84 4.00 941311 0.00 576.21 5778.13
11.92 1.84 21.90 351.95 4.00 941321 0.00 576.58 5778.36
11.92 1.84 21.90 351.95 4.00 941331 0.00 576.58 5778.58
11.92 1.84 21.90 351.95 4.00 941341 0.00 576.58 5778.79
11.92 1.84 21.90 352.06 4.00 941351 0.00 576.94 5779.01
11.92 1.84 21.90 352.06 4.00 941361 0.00 576.94 5779.24
11.92 1.84 21.90 352.06 4.00 941371 0.00 576.94 5779.45
11.92 1.84 21.90 352.17 4.00 941381 0.00 577.31 5779.67
11.92 1.84 21.90 352.29 4.00 941391 0.00 577.68 5779.88
11.92 1.84 21.90 352.29 4.00 941401 0.00 577.68 5780.11
11.92 1.84 21.90 352.29 4.00 941411 0.00 577.68 5780.33
11.92 1.84 21.94 352.40 4.00 941421 0.00 578.04 5780.54
11.92 1.84 21.94 352.40 4.00 941431 0.00 578.04 5780.77
11.92 1.84 21.94 352.51 4.00 941441 0.00 578.41 5780.99
11.92 1.84 21.94 352.51 4.00 941451 0.00 578.41 5781.20
11.92 1.84 21.94 352.62 4.00 941461 0.00 578.78 5781.42
11.92 1.84 21.94 352.62 4.00 941471 0.00 578.78 5781.65
11.92 1.84 21.94 352.62 4.00 941481 0.00 578.78 5781.86
11.92 1.84 21.94 352.73 4.00 941491 0.00 579.14 5782.08
11.92 1.84 21.94 352.73 4.00 941501 0.00 579.14 5782.29
11.92 1.84 21.94 352.73 4.00 941511 0.00 579.14 5782.52
11.92 1.84 21.94 352.73 4.00 941521 0.00 579.14 5782.74
11.92 1.84 21.94 352.85 4.00 941531 0.00 579.51 5782.95
11.92 1.84 21.94 352.85 4.00 941541 0.00 579.51 5783.18
11.92 1.84 21.94 352.96 4.00 941551 0.00 579.88 5783.40
11.92 1.84 21.94 352.96 4.00 941561 0.00 579.88 5783.62
11.93 1.69 20.12 353.07 4.00 941571 0.00 580.25 5783.81
11.93 1.69 20.12 352.96 4.00 941581 0.00 579.88 5784.02
11.93 1.69 20.12 353.18 4.00 941591 0.00 580.62 5784.22
11.93 1.69 20.12 353.07 4.00 941601 0.00 580.25 5784.42
11.93 1.69 20.12 353.18 4.00 941611 0.00 580.62 5784.63
11.93 1.69 20.12 353.18 4.00 941621 0.00 580.62 5784.83
11.93 1.69 20.12 353.18 4.00 941631 0.00 580.62 5785.02
11.93 1.69 20.12 353.29 4.00 941641 0.00 580.99 5785.22
11.93 1.69 20.12 353.41 4.00 941651 0.00 581.36 5785.43
11.93 1.69 20.12 353.41 4.00 941661 0.00 581.36 5785.63
11.93 1.69 20.12 353.41 4.00 941671 0.00 581.36 5785.83
11.93 1.69 20.12 353.41 4.00 941681 0.00 581.36 5786.03
11.93 1.69 20.12 353.52 4.00 941691 0.00 581.73 5786.24
11.93 1.69 20.12 353.41 4.00 941701 0.00 581.36 5786.43
11.93 1.64 19.60 353.52 4.00 941711 0.00 581.73 5786.63
11.93 1.64 19.60 353.52 4.00 941721 0.00 581.73 5786.83
11.93 1.64 19.60 353.63 4.00 941731 0.00 582.10 5787.03
11.93 1.64 19.60 353.63 4.00 941741 0.00 582.10 5787.22
11.93 1.64 19.60 353.74 4.00 941751 0.00 582.47 5787.41
11.93 1.64 19.60 353.63 4.00 941761 0.00 582.10 5787.62
11.93 1.64 19.60 353.74 4.00 941771 0.00 582.47 5787.81
11.93 1.64 19.60 353.86 4.00 941781 0.00 582.84 5788.00
11.93 1.64 19.60 353.86 4.00 941791 0.00 582.84 5788.21
11.93 1.64 19.60 353.97 4.00 941801 0.00 583.21 5788.40
11.93 1.64 19.60 353.97 4.00 941811 0.00 583.21 5788.59
11.93 1.64 19.60 353.97 4.00 941821 0.00 583.21 5788.78
11.93 1.64 19.60 353.97 4.00 941831 0.00 583.21 5788.99
11.93 1.64 19.60 353.97 4.00 941841 0.00 583.21 5789.18
11.93 1.69 20.16 354.08 4.00 941851 0.00 583.58 5789.38
11.93 1.69 20.16 354.20 4.00 941861 0.00 583.95 5789.57
11.93 1.69 20.16 354.20 4.00 941871 0.00 583.95 5789.78
11.93 1.69 20.16 354.20 4.00 941881 0.00 583.95 5789.98
11.93 1.69 20.16 354.31 4.00 941891 0.00 584.33 5790.18
11.93 1.69 20.16 354.31 4.00 941901 0.00 584.33 5790.39
11.93 1.69 20.16 354.31 4.00 941911 0.00 584.33 5790.59
11.93 1.69 20.16 354.31 4.00 941921 0.00 584.33 5790.79
11.93 1.69 20.16 354.42 4.00 941931 0.00 584.70 5790.99
11.93 1.69 20.16 354.42 4.00 941941 0.00 584.70 5791.20
11.93 1.69 20.16 354.53 4.00 941951 0.00 585.07 5791.40
11.93 1.69 20.16 354.53 4.00 941961 0.00 585.07 5791.59
11.93 1.69 20.16 354.53 4.00 941971 0.00 585.07 5791.80
11.93 1.69 20.16 354.53 4.00 941981 0.00 585.07 5792.00
11.93 1.57 18.77 354.65 4.00 941991 0.00 585.45 5792.19
11.93 1.57 18.77 354.65 4.00 942001 0.00 585.45 5792.38
11.93 1.57 18.77 354.76 4.00 942011 0.00 585.82 5792.57
11.93 1.57 18.77 354.76 4.00 942021 0.00 585.82 5792.76
11.93 1.57 18.77 354.76 4.00 942031 0.00 585.82 5792.95
11.93 1.57 18.77 354.87 4.00 942041 0.00 586.19 5793.14
11.93 1.57 18.77 354.76 4.00 942051 0.00 585.82 5793.32
11.93 1.57 18.77 354.87 4.00 942061 0.00 586.19 5793.51
11.93 1.57 18.77 354.87 4.00 942071 0.00 586.19 5793.70
11.93 1.57 18.77 354.99 4.00 942081 0.00 586.57 5793.88
11.93 1.57 18.77 354.99 4.00 942091 0.00 586.57 5794.08
11.93 1.57 18.77 354.99 4.00 942101 0.00 586.57 5794.26
11.93 1.57 18.77 354.99 4.00 942111 0.00 586.57 5794.44
11.93 1.57 18.77 355.10 4.00 942121 0.00 586.94 5794.64
11.93 1.56 18.56 355.10 4.00 942131 0.00 586.94 5794.82
11.93 1.56 18.56 355.21 4.00 942141 0.00 587.32 5795.00
11.93 1.56 18.56 355.10 4.00 942151 0.00 586.94 5795.20
11.93 1.56 18.56 355.21 4.00 942161 0.00 587.32 5795.38
11.93 1.56 18.56 355.21 4.00 942171 0.00 587.32 5795.56
11.93 1.56 18.56 355.33 4.00 942181 0.00 587.69 5795.75
11.93 1.56 18.56 355.33 4.00 942191 0.00 587.69 5795.93
11.93 1.56 18.56 355.44 4.00 942201 0.00 588.07 5796.12
11.93 1.56 18.56 355.44 4.00 942211 0.00 588.07 5796.31
11.93 1.56 18.56 355.44 4.00 942221 0.00 588.07 5796.49
11.93 1.56 18.56 355.44 4.00 942231 0.00 588.07 5796.67
11.93 1.56 18.56 355.56 4.00 942241 0.00 588.45 5796.87
11.93 1.56 18.56 355.56 4.00 942251 0.00 588.45 5797.05
11.93 1.56 18.56 355.56 4.00 942261 0.00 588.45 5797.24
11.93 1.56 18.56 355.67 4.00 942271 0.00 588.82 5797.42
11.93 1.51 17.97 355.67 4.00 942281 0.00 588.82 5797.60
11.93 1.51 17.97 355.67 4.00 942291 0.00 588.82 5797.77
11.93 1.51 17.97 355.67 4.00 942301 0.00 588.82 5797.96
11.93 1.51 17.97 355.78 4.00 942311 0.00 589.20 5798.14
11.93 1.51 17.97 355.90 4.00 942321 0.00 589.58 5798.32
11.93 1.51 17.97 355.90 4.00 942331 0.00 589.58 5798.50
11.93 1.51 17.97 355.78 4.00 942341 0.00 589.20 5798.68
11.93 1.51 17.97 355.90 4.00 942351 0.00 589.58 5798.86
11.93 1.51 17.97 355.90 4.00 942361 0.00 589.58 5799.03
11.93 1.51 17.97 356.01 4.00 942371 0.00 589.96 5799.22
11.93 1.51 17.97 355.90 4.00 942381 0.00 589.58 5799.40
11.93 1.51 17.97 355.90 4.00 942391 0.00 589.58 5799.57
11.93 1.51 17.97 356.01 4.00 942401 0.00 589.96 5799.75
11.93 1.51 17.97 356.01 4.00 942411 0.00 589.96 5799.94
11.93 1.44 17.14 356.13 4.00 942421 0.00 590.33 5800.11
11.93 1.44 17.14 356.13 4.00 942431 0.00 590.33 5800.28
11.93 1.44 17.14 356.13 4.00 942441 0.00 590.33 5800.45
11.93 1.44 17.14 356.13 4.00 942451 0.00 590.33 5800.62
11.93 1.44 17.14 356.24 4.00 942461 0.00 590.71 5800.79
11.93 1.44 17.14 356.24 4.00 942471 0.00 590.71 5800.97
11.93 1.44 17.14 356.24 4.00 942481 0.00 590.71 5801.14
11.93 1.44 17.14 356.24 4.00 942491 0.00 590.71 5801.30
11.93 1.44 17.14 356.35 4.00 942501 0.00 591.09 5801.48
11.93 1.44 17.14 356.35 4.00 942511 0.00 591.09 5801.65
11.93 1.44 17.14 356.35 4.00 942521 0.00 591.09 5801.83
11.93 1.44 17.14 356.47 4.00 942531 0.00 591.47 5801.99
11.93 1.44 17.14 356.47 4.00 942541 0.00 591.47 5802.16
11.93 1.44 17.14 356.47 4.00 942551 0.00 591.47 5802.34
11.94 1.40 16.74 356.58 4.00 942561 0.00 591.85 5802.51
11.94 1.40 16.74 356.58 4.00 942571 0.00 591.85 5802.67
11.94 1.40 16.74 356.70 4.00 942581 0.00 592.23 5802.85
11.94 1.40 16.74 356.58 4.00 942591 0.00 591.85 5803.01
11.94 1.40 16.74 356.70 4.00 942601 0.00 592.23 5803.17
11.94 1.40 16.74 356.70 4.00 942611 0.00 592.23 5803.34
11.94 1.40 16.74 356.70 4.00 942621 0.00 592.23 5803.51
11.94 1.40 16.74 356.70 4.00 942631 0.00 592.23 5803.68
11.94 1.40 16.74 356.70 4.00 942641 0.00 592.23 5803.84
11.94 1.40 16.74 356.81 4.00 942651 0.00 592.61 5804.01
11.94 1.40 16.74 356.81 4.00 942661 0.00 592.61 5804.18
11.94 1.40 16.74 356.93 4.00 942671 0.00 592.99 5804.35
11.94 1.40 16.74 356.93 4.00 942681 0.00 592.99 5804.51
11.94 1.40 16.74 356.93 4.00 942691 0.00 592.99 5804.69
11.93 1.39 16.63 356.93 4.00 942701 0.00 592.99 5804.85
11.93 1.39 16.63 356.93 4.00 942711 0.00 592.99 5805.01
11.93 1.39 16.63 356.93 4.00 942721 0.00 592.99 5805.18
11.93 1.39 16.63 357.04 4.00 942731 0.00 593.37 5805.35
11.93 1.39 16.63 357.04 4.00 942741 0.00 593.37 5805.52
11.93 1.39 16.63 357.04 4.00 942751 0.00 593.37 5805.68
11.93 1.39 16.63 357.16 4.00 942761 0.00 593.76 5805.84
11.93 1.39 16.63 357.16 4.00 942771 0.00 593.76 5806.02
11.93 1.39 16.63 357.16 4.00 942781 0.00 593.76 5806.18
11.93 1.39 16.63 357.16 4.00 942791 0.00 593.76 5806.34
11.93 1.39 16.63 357.16 4.00 942801 0.00 593.76 5806.52
11.93 1.39 16.63 357.27 4.00 942811 0.00 594.14 5806.68
11.93 1.39 16.63 357.27 4.00 942821 0.00 594.14 5806.84
11.93 1.39 16.63 357.27 4.00 942831 0.00 594.14 5807.01
11.94 1.37 16.38 357.27 4.00 942841 0.00 594.14 5807.18
11.94 1.37 16.38 357.39 4.00 942851 0.00 594.52 5807.34
11.94 1.37 16.38 357.39 4.00 942861 0.00 594.52 5807.50
11.94 1.37 16.38 357.39 4.00 942871 0.00 594.52 5807.66
11.94 1.37 16.38 357.50 4.00 942881 0.00 594.90 5807.83
11.94 1.37 16.38 357.50 4.00 942891 0.00 594.90 5808.00
11.94 1.37 16.38 357.50 4.00 942901 0.00 594.90 5808.16
11.94 1.37 16.38 357.50 4.00 942911 0.00 594.90 5808.33
11.94 1.37 16.38 357.62 4.00 942921 0.00 595.29 5808.49
11.94 1.37 16.38 357.62 4.00 942931 0.00 595.29 5808.65
11.94 1.37 16.38 357.62 4.00 942941 0.00 595.29 5808.81
11.94 1.37 16.38 357.62 4.00 942951 0.00 595.29 5808.98
11.94 1.37 16.38 357.62 4.00 942961 0.00 595.29 5809.14
11.94 1.37 16.38 357.73 4.00 942971 0.00 595.67 5809.30
11.94 1.37 16.38 357.73 4.00 942981 0.00 595.67 5809.47
11.94 1.28 15.34 357.85 4.00 942991 0.00 596.05 5809.63
11.94 1.28 15.34 357.73 4.00 943001 0.00 595.67 5809.78
11.94 1.28 15.34 357.73 4.00 943011 0.00 595.67 5809.93
11.94 1.28 15.34 357.73 4.00 943021 0.00 595.67 5810.09
11.94 1.28 15.34 357.85 4.00 943031 0.00 596.05 5810.24
11.94 1.28 15.34 357.85 4.00 943041 0.00 596.05 5810.39
11.94 1.28 15.34 357.85 4.00 943051 0.00 596.05 5810.54
11.94 1.28 15.34 357.96 4.00 943061 0.00 596.44 5810.70
11.94 1.28 15.34 357.96 4.00 943071 0.00 596.44 5810.85
11.94 1.28 15.34 357.96 4.00 943081 0.00 596.44 5811.00
11.94 1.28 15.34 357.96 4.00 943091 0.00 596.44 5811.15
11.94 1.28 15.34 358.08 4.00 943101 0.00 596.82 5811.31
11.94 1.28 15.34 358.08 4.00 943111 0.00 596.82 5811.46
11.94 1.28 15.34 358.08 4.00 943121 0.00 596.82 5811.61
11.94 1.28 15.28 358.08 4.00 943131 0.00 596.82 5811.78
11.94 1.28 15.28 358.19 4.00 943141 0.00 597.21 5811.93
11.94 1.28 15.28 358.19 4.00 943151 0.00 597.21 5812.08
11.94 1.28 15.28 358.19 4.00 943161 0.00 597.21 5812.23
11.94 1.28 15.28 358.19 4.00 943171 0.00 597.21 5812.39
11.94 1.28 15.28 358.31 4.00 943181 0.00 597.59 5812.54
11.94 1.28 15.28 358.31 4.00 943191 0.00 597.59 5812.69
11.94 1.28 15.28 358.31 4.00 943201 0.00 597.59 5812.84
11.94 1.28 15.28 358.31 4.00 943211 0.00 597.59 5813.00
11.94 1.28 15.28 358.31 4.00 943221 0.00 597.59 5813.15
11.94 1.28 15.28 358.42 4.00 943231 0.00 597.98 5813.30
11.94 1.28 15.28 358.42 4.00 943241 0.00 597.98 5813.46
11.94 1.28 15.28 358.42 4.00 943251 0.00 597.98 5813.61
11.94 1.28 15.28 358.54 4.00 943261 0.00 598.36 5813.76
11.94 1.31 15.66 358.42 4.00 943271 0.00 597.98 5813.91
11.94 1.31 15.66 358.42 4.00 943281 0.00 597.98 5814.07
11.94 1.31 15.66 358.54 4.00 943291 0.00 598.36 5814.23
11.94 1.31 15.66 358.54 4.00 943301 0.00 598.36 5814.38
11.94 1.31 15.66 358.54 4.00 943311 0.00 598.36 5814.53
11.94 1.31 15.66 358.54 4.00 943321 0.00 598.36 5814.70
11.94 1.31 15.66 358.54 4.00 943331 0.00 598.36 5814.85
11.94 1.31 15.66 358.54 4.00 943341 0.00 598.36 5815.00
11.94 1.31 15.66 358.65 4.00 943351 0.00 598.75 5815.17
11.94 1.31 15.66 358.77 4.00 943361 0.00 599.14 5815.32
11.94 1.31 15.66 358.65 4.00 943371 0.00 598.75 5815.48
11.94 1.31 15.66 358.77 4.00 943381 0.00 599.14 5815.64
11.94 1.31 15.66 358.77 4.00 943391 0.00 599.14 5815.79
11.94 1.31 15.66 358.77 4.00 943401 0.00 599.14 5815.95
11.94 1.19 14.17 358.77 4.00 943411 0.00 599.14 5816.10
11.94 1.19 14.17 358.77 4.00 943421 0.00 599.14 5816.24
11.94 1.19 14.17 358.77 4.00 943431 0.00 599.14 5816.38
11.94 1.19 14.17 358.89 4.00 943441 0.00 599.52 5816.52
11.94 1.19 14.17 358.89 4.00 943451 0.00 599.52 5816.66
11.94 1.19 14.17 358.89 4.00 943461 0.00 599.52 5816.81
11.94 1.19 14.17 358.89 4.00 943471 0.00 599.52 5816.95
11.94 1.19 14.17 359.00 4.00 943481 0.00 599.91 5817.09
11.94 1.19 14.17 359.00 4.00 943491 0.00 599.91 5817.24
11.94 1.19 14.17 359.00 4.00 943501 0.00 599.91 5817.38
11.94 1.19 14.17 359.00 4.00 943511 0.00 599.91 5817.51
11.94 1.19 14.17 359.00 4.00 943521 0.00 599.91 5817.65
11.94 1.19 14.17 359.12 4.00 943531 0.00 600.30 5817.80
11.94 1.19 14.17 359.12 4.00 943541 0.00 600.30 5817.94
11.94 1.20 14.36 359.12 4.00 943551 0.00 600.30 5818.08
11.94 1.20 14.36 359.23 4.00 943561 0.00 600.69 5818.23
11.94 1.20 14.36 359.12 4.00 943571 0.00 600.30 5818.37
11.94 1.20 14.36 359.23 4.00 943581 0.00 600.69 5818.51
11.94 1.20 14.36 359.23 4.00 943591 0.00 600.69 5818.65
11.94 1.20 14.36 359.35 4.00 943601 0.00 601.08 5818.80
11.94 1.20 14.36 359.23 4.00 943611 0.00 600.69 5818.94
11.94 1.20 14.36 359.35 4.00 943621 0.00 601.08 5819.08
11.94 1.20 14.36 359.35 4.00 943631 0.00 601.08 5819.24
11.94 1.20 14.36 359.35 4.00 943641 0.00 601.08 5819.38
11.94 1.20 14.36 359.35 4.00 943651 0.00 601.08 5819.52
11.94 1.20 14.36 359.47 4.00 943661 0.00 601.46 5819.66
11.94 1.20 14.36 359.35 4.00 943671 0.00 601.08 5819.81
11.94 1.20 14.36 359.35 4.00 943681 0.00 601.08 5819.95
11.94 1.20 14.36 359.47 4.00 943691 0.00 601.46 5820.09
11.94 1.17 13.92 359.47 4.00 943701 0.00 601.46 5820.24
11.94 1.17 13.92 359.47 4.00 943711 0.00 601.46 5820.37
11.94 1.17 13.92 359.47 4.00 943721 0.00 601.46 5820.51
11.94 1.17 13.92 359.58 4.00 943731 0.00 601.85 5820.65
11.94 1.17 13.92 359.58 4.00 943741 0.00 601.85 5820.79
11.94 1.17 13.92 359.58 4.00 943751 0.00 601.85 5820.93
11.94 1.17 13.92 359.58 4.00 943761 0.00 601.85 5821.06
11.94 1.17 13.92 359.58 4.00 943771 0.00 601.85 5821.21
11.94 1.17 13.92 359.70 4.00 943781 0.00 602.24 5821.35
11.94 1.17 13.92 359.70 4.00 943791 0.00 602.24 5821.48
11.94 1.17 13.92 359.70 4.00 943801 0.00 602.24 5821.62
11.94 1.17 13.92 359.70 4.00 943811 0.00 602.24 5821.77
11.94 1.17 13.92 359.70 4.00 943821 0.00 602.24 5821.90
11.94 1.17 13.92 359.70 4.00 943831 0.00 602.24 5822.04
11.94 1.14 13.62 359.70 4.00 943841 0.00 602.24 5822.18
11.94 1.14 13.62 359.70 4.00 943851 0.00 602.24 5822.32
11.94 1.14 13.62 359.82 4.00 943861 0.00 602.63 5822.45
11.94 1.14 13.62 359.82 4.00 943871 0.00 602.63 5822.58
11.94 1.14 13.62 359.82 4.00 943881 0.00 602.63 5822.73
11.94 1.14 13.62 359.82 4.00 943891 0.00 602.63 5822.86
11.94 1.14 13.62 359.93 4.00 943901 0.00 603.02 5822.99
11.94 1.14 13.62 359.93 4.00 943911 0.00 603.02 5823.13
11.94 1.14 13.62 359.93 4.00 943921 0.00 603.02 5823.27
11.94 1.14 13.62 359.93 4.00 943931 0.00 603.02 5823.40
11.94 1.14 13.62 360.05 4.00 943941 0.00 603.41 5823.54
11.94 1.14 13.62 359.93 4.00 943951 0.00 603.02 5823.68
11.94 1.14 13.62 359.93 4.00 943961 0.00 603.02 5823.81
11.94 1.14 13.62 360.05 4.00 943971 0.00 603.41 5823.95
11.94 1.11 13.28 360.05 4.00 943981 0.00 603.41 5824.08
11.94 1.11 13.28 360.05 4.00 943991 0.00 603.41 5824.22
11.94 1.11 13.28 360.05 4.00 944001 0.00 603.41 5824.35
11.94 1.11 13.28 360.05 4.00 944011 0.00 603.41 5824.48
11.94 1.11 13.28 360.17 4.00 944021 0.00 603.81 5824.62
11.94 1.11 13.28 360.17 4.00 944031 0.00 603.81 5824.75
11.94 1.11 13.28 360.17 4.00 944041 0.00 603.81 5824.88
11.94 1.11 13.28 360.17 4.00 944051 0.00 603.81 5825.01
11.94 1.11 13.28 360.17 4.00 944061 0.00 603.81 5825.15
11.94 1.11 13.28 360.28 4.00 944071 0.00 604.20 5825.28
11.94 1.11 13.28 360.17 4.00 944081 0.00 603.81 5825.41
11.94 1.11 13.28 360.17 4.00 944091 0.00 603.81 5825.54
11.94 1.11 13.28 360.28 4.00 944101 0.00 604.20 5825.68
11.94 1.11 13.28 360.28 4.00 944111 0.00 604.20 5825.81
11.94 1.11 13.31 360.40 4.00 944121 0.00 604.59 5825.94
11.94 1.11 13.31 360.28 4.00 944131 0.00 604.20 5826.08
11.94 1.11 13.31 360.28 4.00 944141 0.00 604.20 5826.21
11.94 1.11 13.31 360.40 4.00 944151 0.00 604.59 5826.34
11.94 1.11 13.31 360.40 4.00 944161 0.00 604.59 5826.47
11.94 1.11 13.31 360.40 4.00 944171 0.00 604.59 5826.61
11.94 1.11 13.31 360.40 4.00 944181 0.00 604.59 5826.74
11.94 1.11 13.31 360.40 4.00 944191 0.00 604.59 5826.87
11.94 1.11 13.31 360.52 4.00 944201 0.00 604.98 5827.01
11.94 1.11 13.31 360.40 4.00 944211 0.00 604.59 5827.14
11.94 1.11 13.31 360.52 4.00 944221 0.00 604.98 5827.27
11.94 1.11 13.31 360.52 4.00 944231 0.00 604.98 5827.40
11.94 1.11 13.31 360.52 4.00 944241 0.00 604.98 5827.54
11.94 1.11 13.31 360.52 4.00 944251 0.00 604.98 5827.67
11.94 1.07 12.82 360.52 4.00 944261 0.00 604.98 5827.80
11.94 1.07 12.82 360.52 4.00 944271 0.00 604.98 5827.94
11.94 1.07 12.82 360.52 4.00 944281 0.00 604.98 5828.06
11.94 1.07 12.82 360.63 4.00 944291 0.00 605.37 5828.19
11.94 1.07 12.82 360.63 4.00 944301 0.00 605.37 5828.32
11.94 1.07 12.82 360.63 4.00 944311 0.00 605.37 5828.45
11.94 1.07 12.82 360.63 4.00 944321 0.00 605.37 5828.58
11.94 1.07 12.82 360.63 4.00 944331 0.00 605.37 5828.70
11.94 1.07 12.82 360.63 4.00 944341 0.00 605.37 5828.83
11.94 1.07 12.82 360.75 4.00 944351 0.00 605.77 5828.96
11.94 1.07 12.82 360.75 4.00 944361 0.00 605.77 5829.09
11.94 1.07 12.82 360.75 4.00 944371 0.00 605.77 5829.21
11.94 1.07 12.82 360.75 4.00 944381 0.00 605.77 5829.35
11.94 1.07 12.82 360.75 4.00 944391 0.00 605.77 5829.47
11.94 1.07 12.82 360.75 4.00 944401 0.00 605.77 5829.60
11.95 1.02 12.16 360.75 4.00 944411 0.00 605.77 5829.72
11.95 1.02 12.16 360.87 4.00 944421 0.00 606.16 5829.85
11.95 1.02 12.16 360.98 4.00 944431 0.00 606.56 5829.97
11.95 1.02 12.16 360.87 4.00 944441 0.00 606.16 5830.09
11.95 1.02 12.16 360.87 4.00 944451 0.00 606.16 5830.21
11.95 1.02 12.16 360.98 4.00 944461 0.00 606.56 5830.33
11.95 1.02 12.16 360.87 4.00 944471 0.00 606.16 5830.45
11.95 1.02 12.16 360.98 4.00 944481 0.00 606.56 5830.57
11.95 1.02 12.16 360.87 4.00 944491 0.00 606.16 5830.70
11.95 1.02 12.16 360.98 4.00 944501 0.00 606.56 5830.82
11.95 1.02 12.16 360.98 4.00 944511 0.00 606.56 5830.94
11.95 1.02 12.16 360.98 4.00 944521 0.00 606.56 5831.06
11.95 1.02 12.16 361.10 4.00 944531 0.00 606.95 5831.18
11.95 1.02 12.16 360.98 4.00 944541 0.00 606.56 5831.30
11.95 1.04 12.44 361.10 4.00 944551 0.00 606.95 5831.42
11.95 1.04 12.44 360.98 4.00 944561 0.00 606.56 5831.56
11.95 1.04 12.44 361.10 4.00 944571 0.00 606.95 5831.68
11.95 1.04 12.44 361.10 4.00 944581 0.00 606.95 5831.80
11.95 1.04 12.44 361.10 4.00 944591 0.00 606.95 5831.92
11.95 1.04 12.44 361.10 4.00 944601 0.00 606.95 5832.05
11.95 1.04 12.44 361.10 4.00 944611 0.00 606.95 5832.17
11.95 1.04 12.44 361.22 4.00 944621 0.00 607.34 5832.30
11.95 1.04 12.44 361.22 4.00 944631 0.00 607.34 5832.43
11.95 1.04 12.44 361.22 4.00 944641 0.00 607.34 5832.55
11.95 1.04 12.44 361.22 4.00 944651 0.00 607.34 5832.67
11.95 1.04 12.44 361.22 4.00 944661 0.00 607.34 5832.79
11.95 1.04 12.44 361.22 4.00 944671 0.00 607.34 5832.92
11.95 1.04 12.44 361.34 4.00 944681 0.00 607.74 5833.04
11.95 0.99 11.87 361.34 4.00 944691 0.00 607.74 5833.16
11.95 0.99 11.87 361.34 4.00 944701 0.00 607.74 5833.28
11.95 0.99 11.87 361.34 4.00 944711 0.00 607.74 5833.41
11.95 0.99 11.87 361.34 4.00 944721 0.00 607.74 5833.52
11.95 0.99 11.87 361.34 4.00 944731 0.00 607.74 5833.64
11.95 0.99 11.87 361.34 4.00 944741 0.00 607.74 5833.76
11.95 0.99 11.87 361.45 4.00 944751 0.00 608.13 5833.88
11.95 0.99 11.87 361.45 4.00 944761 0.00 608.13 5834.00
11.95 0.99 11.87 361.45 4.00 944771 0.00 608.13 5834.11
11.95 0.99 11.87 361.45 4.00 944781 0.00 608.13 5834.24
11.95 0.99 11.87 361.45 4.00 944791 0.00 608.13 5834.35
11.95 0.99 11.87 361.45 4.00 944801 0.00 608.13 5834.47
11.95 0.99 11.87 361.57 4.00 944811 0.00 608.53 5834.59
11.95 0.99 11.87 361.45 4.00 944821 0.00 608.13 5834.71
11.95 0.98 11.72 361.45 4.00 944831 0.00 608.13 5834.83
11.95 0.98 11.72 361.45 4.00 944841 0.00 608.13 5834.94
11.95 0.98 11.72 361.57 4.00 944851 0.00 608.53 5835.06
11.95 0.98 11.72 361.57 4.00 944861 0.00 608.53 5835.18
11.95 0.98 11.72 361.57 4.00 944871 0.00 608.53 5835.30
11.95 0.98 11.72 361.57 4.00 944881 0.00 608.53 5835.41
11.95 0.98 11.72 361.57 4.00 944891 0.00 608.53 5835.53
11.95 0.98 11.72 361.57 4.00 944901 0.00 608.53 5835.65
11.95 0.98 11.72 361.57 4.00 944911 0.00 608.53 5835.76
11.95 0.98 11.72 361.57 4.00 944921 0.00 608.53 5835.89
11.95 0.98 11.72 361.57 4.00 944931 0.00 608.53 5836.00
11.95 0.98 11.72 361.69 4.00 944941 0.00 608.93 5836.12
11.95 0.98 11.72 361.69 4.00 944951 0.00 608.93 5836.23
11.95 0.98 11.72 361.69 4.00 944961 0.00 608.93 5836.35
11.95 0.96 11.49 361.69 4.00 944971 0.00 608.93 5836.47
11.95 0.96 11.49 361.69 4.00 944981 0.00 608.93 5836.58
11.95 0.96 11.49 361.69 4.00 944991 0.00 608.93 5836.70
11.95 0.96 11.49 361.69 4.00 945001 0.00 608.93 5836.81
11.95 0.96 11.49 361.81 4.00 945011 0.00 609.32 5836.93
11.95 0.96 11.49 361.81 4.00 945021 0.00 609.32 5837.04
11.95 0.96 11.49 361.81 4.00 945031 0.00 609.32 5837.16
11.95 0.96 11.49 361.81 4.00 945041 0.00 609.32 5837.27
11.95 0.96 11.49 361.81 4.00 945051 0.00 609.32 5837.39
11.95 0.96 11.49 361.93 4.00 945061 0.00 609.72 5837.50
11.95 0.96 11.49 361.81 4.00 945071 0.00 609.32 5837.62
11.95 0.96 11.49 361.93 4.00 945081 0.00 609.72 5837.73
11.95 0.96 11.49 361.81 4.00 945091 0.00 609.32 5837.85
11.95 0.96 11.49 361.93 4.00 945101 0.00 609.72 5837.97
11.95 0.96 11.49 361.93 4.00 945111 0.00 609.72 5838.08
11.95 0.98 11.74 361.93 4.00 945121 0.00 609.72 5838.19
11.95 0.98 11.74 361.93 4.00 945131 0.00 609.72 5838.31
11.95 0.98 11.74 362.04 4.00 945141 0.00 610.12 5838.43
11.95 0.98 11.74 362.04 4.00 945151 0.00 610.12 5838.55
11.95 0.98 11.74 362.04 4.00 945161 0.00 610.12 5838.66
11.95 0.98 11.74 362.04 4.00 945171 0.00 610.12 5838.78
11.95 0.98 11.74 362.04 4.00 945181 0.00 610.12 5838.90
11.95 0.98 11.74 361.93 4.00 945191 0.00 609.72 5839.02
11.95 0.98 11.74 362.04 4.00 945201 0.00 610.12 5839.13
11.95 0.98 11.74 362.04 4.00 945211 0.00 610.12 5839.25
11.95 0.98 11.74 362.04 4.00 945221 0.00 610.12 5839.37
11.95 0.98 11.74 362.04 4.00 945231 0.00 610.12 5839.48
11.95 0.98 11.74 362.04 4.00 945241 0.00 610.12 5839.61
11.95 0.98 11.74 362.16 4.00 945251 0.00 610.52 5839.72
11.95 0.97 11.59 362.16 4.00 945261 0.00 610.52 5839.84
11.95 0.97 11.59 362.04 4.00 945271 0.00 610.12 5839.95
11.95 0.97 11.59 362.16 4.00 945281 0.00 610.52 5840.07
11.95 0.97 11.59 362.16 4.00 945291 0.00 610.52 5840.19
11.95 0.97 11.59 362.16 4.00 945301 0.00 610.52 5840.30
11.95 0.97 11.59 362.16 4.00 945311 0.00 610.52 5840.42
11.95 0.97 11.59 362.16 4.00 945321 0.00 610.52 5840.53
11.95 0.97 11.59 362.16 4.00 945331 0.00 610.52 5840.65
11.95 0.97 11.59 362.16 4.00 945341 0.00 610.52 5840.76
11.95 0.97 11.59 362.28 4.00 945351 0.00 610.91 5840.88
11.95 0.97 11.59 362.16 4.00 945361 0.00 610.52 5841.00
11.95 0.97 11.59 362.16 4.00 945371 0.00 610.52 5841.11
11.95 0.97 11.59 362.16 4.00 945381 0.00 610.52 5841.23
11.95 0.97 11.59 362.16 4.00 945391 0.00 610.52 5841.35
11.98 0.13 1.59 362.16 4.00 945401 0.00 610.52 5841.41
11.98 0.13 1.59 362.16 4.00 945411 0.00 610.52 5841.43
11.98 0.13 1.59 362.16 4.00 945421 0.00 610.52 5841.45
11.98 0.13 1.59 362.16 4.00 945431 0.00 610.52 5841.46
11.98 0.13 1.59 362.16 4.00 945441 0.00 610.52 5841.48
11.98 0.13 1.59 362.16 4.00 945451 0.00 610.52 5841.49
11.98 0.13 1.59 362.04 4.00 945461 0.00 610.12 5841.51
11.98 0.13 1.59 362.04 4.00 945471 0.00 610.12 5841.52
11.98 0.13 1.59 362.04 4.00 945481 0.00 610.12 5841.54
11.98 0.13 1.59 362.04 4.00 945491 0.00 610.12 5841.56
11.98 0.13 1.59 362.04 4.00 945501 0.00 610.12 5841.57
11.98 0.13 1.59 361.93 4.00 945511 0.00 609.72 5841.59
11.98 0.13 1.59 361.93 4.00 945521 0.00 609.72 5841.60
11.98 0.13 1.59 361.93 4.00 945531 0.00 609.72 5841.62
11.98 0.00 0.03 361.93 4.00 945541 0.00 609.72 5841.63
11.98 0.00 0.03 361.93 4.00 945551 0.00 609.72 5841.63
11.98 0.00 0.03 361.81 4.00 945561 0.00 609.32 5841.63
11.98 0.00 0.03 361.81 4.00 945571 0.00 609.32 5841.63
11.98 0.00 0.03 361.81 4.00 945581 0.00 609.32 5841.63
11.98 0.00 0.03 361.81 4.00 945591 0.00 609.32 5841.63
11.98 0.00 0.03 361.93 4.00 945601 0.00 609.72 5841.63
11.98 0.00 0.03 361.81 4.00 945611 0.00 609.32 5841.63
11.98 0.00 0.03 361.81 4.00 945621 0.00 609.32 5841.63
11.98 0.00 0.03 361.81 4.00 945631 0.00 609.32 5841.64
11.98 0.00 0.03 361.81 4.00 945641 0.00 609.32 5841.64
11.98 0.00 0.03 361.69 4.00 945651 0.00 608.93 5841.64
11.98 0.00 0.03 361.69 4.00 945661 0.00 608.93 5841.64
11.98 0.00 0.03 361.69 4.00 945671 0.00 608.93 5841.64
11.98 0.00 0.03 361.69 4.00 945681 0.00 608.93 5841.64
11.98 0.00 0.03 361.69 4.00 945691 0.00 608.93 5841.64
11.98 0.00 0.03 361.57 4.00 945701 0.00 608.53 5841.64
11.98 0.00 0.03 361.57 4.00 945711 0.00 608.53 5841.64
11.98 0.00 0.03 361.57 4.00 945721 0.00 608.53 5841.64
11.98 0.00 0.03 361.57 4.00 945731 0.00 608.53 5841.64
11.98 0.00 0.03 361.45 4.00 945741 0.00 608.13 5841.64
11.98 0.00 0.03 361.57 4.00 945751 0.00 608.53 5841.64
11.98 0.00 0.03 361.57 4.00 945761 0.00 608.53 5841.64
11.98 0.00 0.03 361.57 4.00 945771 0.00 608.53 5841.64
11.98 0.00 0.03 361.45 4.00 945781 0.00 608.13 5841.64
11.98 0.00 0.03 361.45 4.00 945791 0.00 608.13 5841.64
11.98 0.00 0.03 361.45 4.00 945801 0.00 608.13 5841.64
11.98 0.00 0.03 361.45 4.00 945811 0.00 608.13 5841.64
11.98 0.00 0.03 361.34 4.00 945821 0.00 607.74 5841.64
11.98 0.00 0.03 361.45 4.00 945831 0.00 608.13 5841.64
11.98 0.00 0.03 361.34 4.00 945841 0.00 607.74 5841.64
11.98 0.00 0.03 361.34 4.00 945851 0.00 607.74 5841.64
11.98 0.00 0.03 361.34 4.00 945861 0.00 607.74 5841.64
11.98 0.00 0.03 361.34 4.00 945871 0.00 607.74 5841.64
11.98 0.00 0.03 361.34 4.00 945881 0.00 607.74 5841.64
11.98 0.00 0.03 361.22 4.00 945891 0.00 607.34 5841.64
11.98 0.00 0.03 361.34 4.00 945901 0.00 607.74 5841.64
11.98 0.00 0.03 361.22 4.00 945911 0.00 607.34 5841.64
11.98 0.00 0.03 361.22 4.00 945921 0.00 607.34 5841.64
11.98 0.00 0.03 361.22 4.00 945931 0.00 607.34 5841.64
11.98 0.00 0.03 361.22 4.00 945941 0.00 607.34 5841.64
11.98 0.00 0.03 361.22 4.00 945951 0.00 607.34 5841.64
11.98 0.00 0.03 361.10 4.00 945961 0.00 606.95 5841.65
11.98 0.00 0.03 361.10 4.00 945971 0.00 606.95 5841.65
11.98 0.00 0.03 361.10 4.00 945981 0.00 606.95 5841.65
11.98 0.00 0.03 361.10 4.00 945991 0.00 606.95 5841.65
11.98 0.00 0.03 361.10 4.00 946001 0.00 606.95 5841.65
11.98 0.00 0.03 361.10 4.00 946011 0.00 606.95 5841.65
11.98 0.00 0.03 360.98 4.00 946021 0.00 606.56 5841.65
11.98 0.00 0.03 361.10 4.00 946031 0.00 606.95 5841.65
11.98 0.00 0.03 360.98 4.00 946041 0.00 606.56 5841.65
11.98 0.00 0.03 360.98 4.00 946051 0.00 606.56 5841.65
11.98 0.00 0.03 360.98 4.00 946061 0.00 606.56 5841.65
11.98 0.00 0.03 360.98 4.00 946071 0.00 606.56 5841.65
11.98 0.00 0.03 360.98 4.00 946081 0.00 606.56 5841.65
11.98 0.00 0.03 360.87 4.00 946091 0.00 606.16 5841.65
11.98 0.00 0.03 360.87 4.00 946101 0.00 606.16 5841.65
11.98 0.00 0.03 360.87 4.00 946111 0.00 606.16 5841.65
11.98 0.00 0.03 360.87 4.00 946121 0.00 606.16 5841.65
11.98 0.00 0.03 360.87 4.00 946131 0.00 606.16 5841.65
11.98 0.00 0.03 360.87 4.00 946141 0.00 606.16 5841.65
11.98 0.00 0.03 360.87 4.00 946151 0.00 606.16 5841.65
11.98 0.00 0.03 360.75 4.00 946161 0.00 605.77 5841.65
11.98 0.00 0.03 360.87 4.00 946171 0.00 606.16 5841.65
11.98 0.00 0.03 360.75 4.00 946181 0.00 605.77 5841.65
11.98 0.00 0.03 360.75 4.00 946191 0.00 605.77 5841.65
11.98 0.00 0.03 360.75 4.00 946201 0.00 605.77 5841.65
11.98 0.00 0.03 360.63 4.00 946211 0.00 605.37 5841.65
11.98 0.00 0.03 360.63 4.00 946221 0.00 605.37 5841.65
11.98 0.00 0.03 360.63 4.00 946231 0.00 605.37 5841.65
11.98 0.00 0.03 360.63 4.00 946241 0.00 605.37 5841.65
11.98 0.00 0.03 360.63 4.00 946251 0.00 605.37 5841.65
11.98 0.00 0.03 360.52 4.00 946261 0.00 604.98 5841.65
11.98 0.00 0.03 360.63 4.00 946271 0.00 605.37 5841.65
11.98 0.00 0.03 360.52 4.00 946281 0.00 604.98 5841.66
11.98 0.00 0.03 360.52 4.00 946291 0.00 604.98 5841.66
11.98 0.00 0.03 360.52 4.00 946301 0.00 604.98 5841.66
11.98 0.00 0.03 360.52 4.00 946311 0.00 604.98 5841.66
11.98 0.00 0.03 360.52 4.00 946321 0.00 604.98 5841.66
11.98 0.00 0.03 360.52 4.00 946331 0.00 604.98 5841.66
11.98 0.00 0.03 360.40 4.00 946341 0.00 604.59 5841.66
11.98 0.00 0.03 360.40 4.00 946351 0.00 604.59 5841.66
11.98 0.00 0.03 360.40 4.00 946361 0.00 604.59 5841.66
11.98 0.00 0.03 360.40 4.00 946371 0.00 604.59 5841.66
11.98 0.00 0.03 360.40 4.00 946381 0.00 604.59 5841.66
11.98 0.00 0.03 360.40 4.00 946391 0.00 604.59 5841.66
11.98 0.00 0.03 360.40 4.00 946401 0.00 604.59 5841.66
11.98 0.00 0.03 360.40 4.00 946411 0.00 604.59 5841.66
11.98 0.00 0.03 360.28 4.00 946421 0.00 604.20 5841.66
11.98 0.00 0.03 360.28 4.00 946431 0.00 604.20 5841.66
11.98 0.00 0.03 360.28 4.00 946441 0.00 604.20 5841.66
11.98 0.00 0.03 360.28 4.00 946451 0.00 604.20 5841.66
11.98 0.00 0.03 360.17 4.00 946461 0.00 603.81 5841.66
11.98 0.00 0.03 360.17 4.00 946471 0.00 603.81 5841.66
11.98 0.00 0.03 360.17 4.00 946481 0.00 603.81 5841.66
11.98 0.00 0.03 360.17 4.00 946491 0.00 603.81 5841.66
11.98 0.00 0.03 360.17 4.00 946501 0.00 603.81 5841.66
11.98 0.00 0.03 360.17 4.00 946511 0.00 603.81 5841.66
11.98 0.00 0.03 360.05 4.00 946521 0.00 603.41 5841.66
11.98 0.00 0.03 360.17 4.00 946531 0.00 603.81 5841.66
11.98 0.00 0.03 360.05 4.00 946541 0.00 603.41 5841.66
11.98 0.00 0.03 360.17 4.00 946551 0.00 603.81 5841.66
11.98 0.00 0.03 360.05 4.00 946561 0.00 603.41 5841.66
11.98 0.00 0.03 360.05 4.00 946571 0.00 603.41 5841.66
11.98 0.00 0.03 359.93 4.00 946581 0.00 603.02 5841.66
11.98 0.00 0.03 359.93 4.00 946591 0.00 603.02 5841.66
11.98 0.00 0.03 359.93 4.00 946601 0.00 603.02 5841.67
11.98 0.00 0.03 359.93 4.00 946611 0.00 603.02 5841.67
11.98 0.00 0.03 360.05 4.00 946621 0.00 603.41 5841.67
11.98 0.00 0.03 359.93 4.00 946631 0.00 603.02 5841.67
11.98 0.00 0.03 359.93 4.00 946641 0.00 603.02 5841.67
11.98 0.00 0.03 359.82 4.00 946651 0.00 602.63 5841.67
11.98 0.00 0.03 359.82 4.00 946661 0.00 602.63 5841.67
11.98 0.00 0.03 359.93 4.00 946671 0.00 603.02 5841.67
11.98 0.00 0.03 359.82 4.00 946681 0.00 602.63 5841.67
11.98 0.00 0.03 359.82 4.00 946691 0.00 602.63 5841.67
11.98 0.00 0.03 359.82 4.00 946701 0.00 602.63 5841.67
11.98 0.00 0.03 359.70 4.00 946711 0.00 602.24 5841.67
11.98 0.00 0.03 359.70 4.00 946721 0.00 602.24 5841.67
11.98 0.00 0.03 359.70 4.00 946731 0.00 602.24 5841.67
11.98 0.00 0.03 359.70 4.00 946741 0.00 602.24 5841.67
11.98 0.00 0.03 359.70 4.00 946751 0.00 602.24 5841.67
11.98 0.00 0.03 359.58 4.00 946761 0.00 601.85 5841.67
11.98 0.00 0.03 359.58 4.00 946771 0.00 601.85 5841.67
11.98 0.00 0.03 359.70 4.00 946781 0.00 602.24 5841.67
11.98 0.00 0.03 359.58 4.00 946791 0.00 601.85 5841.67
11.98 0.00 0.03 359.58 4.00 946801 0.00 601.85 5841.67
11.98 0.00 0.03 359.58 4.00 946811 0.00 601.85 5841.67
11.98 0.00 0.03 359.58 4.00 946821 0.00 601.85 5841.67
11.98 0.00 0.03 359.58 4.00 946831 0.00 601.85 5841.67
11.98 0.00 0.03 359.58 4.00 946841 0.00 601.85 5841.67
11.98 0.00 0.03 359.47 4.00 946851 0.00 601.46 5841.67
11.98 0.00 0.03 359.47 4.00 946861 0.00 601.46 5841.67
11.98 0.00 0.03 359.47 4.00 946871 0.00 601.46 5841.67
11.98 0.00 0.03 359.47 4.00 946881 0.00 601.46 5841.67
11.98 0.00 0.03 359.35 4.00 946891 0.00 601.08 5841.67
11.98 0.00 0.03 359.47 4.00 946901 0.00 601.46 5841.67
11.98 0.00 0.03 359.47 4.00 946911 0.00 601.46 5841.67
11.98 0.00 0.03 359.35 4.00 946921 0.00 601.08 5841.68
11.98 0.00 0.03 359.35 4.00 946931 0.00 601.08 5841.68
11.98 0.00 0.03 359.35 4.00 946941 0.00 601.08 5841.68
11.98 0.00 0.03 359.35 4.00 946951 0.00 601.08 5841.68
11.98 0.00 0.03 359.23 4.00 946961 0.00 600.69 5841.68
11.98 0.00 0.03 359.23 4.00 946971 0.00 600.69 5841.68
11.98 0.00 0.03 359.23 4.00 946981 0.00 600.69 5841.68
11.98 0.00 0.03 359.23 4.00 946991 0.00 600.69 5841.68
11.98 0.00 0.03 359.23 4.00 947001 0.00 600.69 5841.68
11.98 0.00 0.03 359.23 4.00 947011 0.00 600.69 5841.68
11.98 0.00 0.03 359.12 4.00 947021 0.00 600.30 5841.68
11.98 0.00 0.03 359.12 4.00 947031 0.00 600.30 5841.68
11.98 0.00 0.03 359.12 4.00 947041 0.00 600.30 5841.68
11.98 0.00 0.03 359.12 4.00 947051 0.00 600.30 5841.68
11.98 0.00 0.03 359.12 4.00 947061 0.00 600.30 5841.68
11.98 0.00 0.03 359.12 4.00 947071 0.00 600.30 5841.68
11.98 0.00 0.03 359.12 4.00 947081 0.00 600.30 5841.68
11.98 0.00 0.03 359.00 4.00 947091 0.00 599.91 5841.68
11.98 0.00 0.03 359.00 4.00 947101 0.00 599.91 5841.68
11.98 0.00 0.03 359.12 4.00 947111 0.00 600.30 5841.68
11.98 0.00 0.03 359.00 4.00 947121 0.00 599.91 5841.68
11.98 0.00 0.03 359.00 4.00 947131 0.00 599.91 5841.68
11.98 0.00 0.03 359.00 4.00 947141 0.00 599.91 5841.68
11.98 0.00 0.03 359.00 4.00 947151 0.00 599.91 5841.68
11.98 0.00 0.03 358.89 4.00 947161 0.00 599.52 5841.68
11.98 0.00 0.03 358.89 4.00 947171 0.00 599.52 5841.68
11.98 0.00 0.03 358.89 4.00 947181 0.00 599.52 5841.68
11.98 0.00 0.03 358.77 4.00 947191 0.00 599.14 5841.68
11.98 0.00 0.03 358.89 4.00 947201 0.00 599.52 5841.68
11.98 0.00 0.03 358.89 4.00 947211 0.00 599.52 5841.68
11.98 0.00 0.03 358.89 4.00 947221 0.00 599.52 5841.68
11.98 0.00 0.03 358.77 4.00 947231 0.00 599.14 5841.68
11.98 0.00 0.03 358.77 4.00 947241 0.00 599.14 5841.68
11.98 0.00 0.03 358.77 4.00 947251 0.00 599.14 5841.69
11.98 0.00 0.03 358.65 4.00 947261 0.00 598.75 5841.69
11.98 0.00 0.03 358.77 4.00 947271 0.00 599.14 5841.69
11.98 0.00 0.03 358.65 4.00 947281 0.00 598.75 5841.69
11.98 0.00 0.03 358.65 4.00 947291 0.00 598.75 5841.69
11.98 0.00 0.03 358.65 4.00 947301 0.00 598.75 5841.69
11.98 0.00 0.03 0.00 4.00 947311 0.00 0.00 5841.69
11.98 0.00 0.03 358.54 4.00 947321 0.00 598.36 5841.69
11.98 0.00 0.03 358.54 4.00 947331 0.00 598.36 5841.69
11.98 0.00 0.03 358.65 4.00 947341 0.00 598.75 5841.69
11.98 0.00 0.03 358.54 4.00 947351 0.00 598.36 5841.69
11.98 0.00 0.03 358.54 4.00 947361 0.00 598.36 5841.69
11.98 0.00 0.03 358.54 4.00 947371 0.00 598.36 5841.69
11.98 0.00 0.03 358.54 4.00 947381 0.00 598.36 5841.69
11.98 0.00 0.03 358.54 4.00 947391 0.00 598.36 5841.69
11.98 0.00 0.03 358.54 4.00 947401 0.00 598.36 5841.69
11.98 0.00 0.03 358.42 4.00 947411 0.00 597.98 5841.69
11.98 0.00 0.03 358.42 4.00 947421 0.00 597.98 5841.69
11.98 0.00 0.03 358.42 4.00 947431 0.00 597.98 5841.69
11.98 0.00 0.03 358.42 4.00 947441 0.00 597.98 5841.69
11.98 0.00 0.03 358.42 4.00 947451 0.00 597.98 5841.69
11.98 0.00 0.03 358.31 4.00 947461 0.00 597.59 5841.69
11.98 0.00 0.03 358.42 4.00 947471 0.00 597.98 5841.69
11.98 0.00 0.03 358.31 4.00 947481 0.00 597.59 5841.69
11.98 0.00 0.03 358.42 4.00 947491 0.00 597.98 5841.69
11.98 0.00 0.03 358.31 4.00 947501 0.00 597.59 5841.69
11.98 0.00 0.03 358.31 4.00 947511 0.00 597.59 5841.69
11.98 0.00 0.03 358.31 4.00 947521 0.00 597.59 5841.69
11.98 0.00 0.03 358.19 4.00 947531 0.00 597.21 5841.69
11.98 0.00 0.03 358.19 4.00 947541 0.00 597.21 5841.69
11.98 0.00 0.03 358.19 4.00 947551 0.00 597.21 5841.69
11.98 0.00 0.03 358.19 4.00 947561 0.00 597.21 5841.69
11.98 0.00 0.03 358.08 4.00 947571 0.00 596.82 5841.70
11.98 0.00 0.03 358.19 4.00 947581 0.00 597.21 5841.70
11.98 0.00 0.03 358.19 4.00 947591 0.00 597.21 5841.70
11.98 0.00 0.03 358.08 4.00 947601 0.00 596.82 5841.70
11.98 0.00 0.03 358.08 4.00 947611 0.00 596.82 5841.70
11.98 0.00 0.03 358.08 4.00 947621 0.00 596.82 5841.70
11.98 0.00 0.03 358.19 4.00 947631 0.00 597.21 5841.70
11.98 0.00 0.03 358.08 4.00 947641 0.00 596.82 5841.70
11.98 0.00 0.03 358.08 4.00 947651 0.00 596.82 5841.70
11.98 0.00 0.03 358.08 4.00 947661 0.00 596.82 5841.70
11.98 0.00 0.03 357.96 4.00 947671 0.00 596.44 5841.70
11.98 0.00 0.03 357.96 4.00 947681 0.00 596.44 5841.70
11.98 0.00 0.03 357.96 4.00 947691 0.00 596.44 5841.70
11.98 0.00 0.03 357.96 4.00 947701 0.00 596.44 5841.70
11.98 0.00 0.03 357.96 4.00 947711 0.00 596.44 5841.70
11.98 0.00 0.03 357.85 4.00 947721 0.00 596.05 5841.70
11.98 0.00 0.03 357.85 4.00 947731 0.00 596.05 5841.70
11.98 0.00 0.03 357.85 4.00 947741 0.00 596.05 5841.70
11.98 0.00 0.03 357.85 4.00 947751 0.00 596.05 5841.70
11.98 0.00 0.03 357.85 4.00 947761 0.00 596.05 5841.70
11.98 0.00 0.03 357.85 4.00 947771 0.00 596.05 5841.70
11.98 0.00 0.03 357.85 4.00 947781 0.00 596.05 5841.70
11.98 0.00 0.03 357.73 4.00 947791 0.00 595.67 5841.70
11.98 0.00 0.03 357.73 4.00 947801 0.00 595.67 5841.70
11.98 0.00 0.03 357.73 4.00 947811 0.00 595.67 5841.70
11.98 0.00 0.03 357.73 4.00 947821 0.00 595.67 5841.70
11.98 0.00 0.03 357.62 4.00 947831 0.00 595.29 5841.70
11.98 0.00 0.03 357.73 4.00 947841 0.00 595.67 5841.70
11.98 0.00 0.03 357.73 4.00 947851 0.00 595.67 5841.70
11.98 0.00 0.03 357.62 4.00 947861 0.00 595.29 5841.70
11.98 0.00 0.03 357.62 4.00 947871 0.00 595.29 5841.70
11.98 0.00 0.03 357.62 4.00 947881 0.00 595.29 5841.70
11.98 0.00 0.03 357.50 4.00 947891 0.00 594.90 5841.71
11.98 0.00 0.03 357.62 4.00 947901 0.00 595.29 5841.71
11.98 0.00 0.03 357.50 4.00 947911 0.00 594.90 5841.71
11.98 0.00 0.03 357.62 4.00 947921 0.00 595.29 5841.71
11.98 0.00 0.03 357.50 4.00 947931 0.00 594.90 5841.71
11.98 0.00 0.03 357.50 4.00 947941 0.00 594.90 5841.71
11.98 0.00 0.03 357.50 4.00 947951 0.00 594.90 5841.71
11.98 0.00 0.03 357.50 4.00 947961 0.00 594.90 5841.71
11.98 0.00 0.03 357.50 4.00 947971 0.00 594.90 5841.71
11.98 0.00 0.03 357.50 4.00 947981 0.00 594.90 5841.71
11.98 0.00 0.03 357.39 4.00 947991 0.00 594.52 5841.71
11.98 0.00 0.03 357.39 4.00 948001 0.00 594.52 5841.71
11.98 0.00 0.03 357.39 4.00 948011 0.00 594.52 5841.71
11.98 0.00 0.03 357.27 4.00 948021 0.00 594.14 5841.71
11.98 0.00 0.03 357.39 4.00 948031 0.00 594.52 5841.71
11.98 0.00 0.03 357.27 4.00 948041 0.00 594.14 5841.71
11.98 0.00 0.03 357.39 4.00 948051 0.00 594.52 5841.71
11.98 0.00 0.03 357.27 4.00 948061 0.00 594.14 5841.71
11.98 0.00 0.03 357.27 4.00 948071 0.00 594.14 5841.71
11.98 0.00 0.03 357.27 4.00 948081 0.00 594.14 5841.71
11.98 0.00 0.03 357.27 4.00 948091 0.00 594.14 5841.71
11.98 0.00 0.03 357.27 4.00 948101 0.00 594.14 5841.71
11.98 0.00 0.03 357.16 4.00 948111 0.00 593.76 5841.71
11.98 0.00 0.03 357.16 4.00 948121 0.00 593.76 5841.71
11.98 0.00 0.03 357.16 4.00 948131 0.00 593.76 5841.71
11.98 0.00 0.03 357.16 4.00 948141 0.00 593.76 5841.71
11.98 0.00 0.03 357.16 4.00 948151 0.00 593.76 5841.71
11.98 0.00 0.03 357.04 4.00 948161 0.00 593.37 5841.71
11.98 0.00 0.03 357.04 4.00 948171 0.00 593.37 5841.71
11.98 0.00 0.03 357.04 4.00 948181 0.00 593.37 5841.71
11.98 0.00 0.03 357.04 4.00 948191 0.00 593.37 5841.71
11.98 0.00 0.03 357.04 4.00 948201 0.00 593.37 5841.71
11.98 0.00 0.03 356.93 4.00 948211 0.00 592.99 5841.71
11.98 0.00 0.03 356.93 4.00 948221 0.00 592.99 5841.72
11.98 0.00 0.03 356.93 4.00 948231 0.00 592.99 5841.72
11.98 0.00 0.03 356.93 4.00 948241 0.00 592.99 5841.72
11.98 0.00 0.03 356.93 4.00 948251 0.00 592.99 5841.72
11.98 0.00 0.03 356.93 4.00 948261 0.00 592.99 5841.72
11.98 0.00 0.03 356.93 4.00 948271 0.00 592.99 5841.72
11.98 0.00 0.03 356.81 4.00 948281 0.00 592.61 5841.72
11.98 0.00 0.03 356.93 4.00 948291 0.00 592.99 5841.72
11.98 0.00 0.03 356.93 4.00 948301 0.00 592.99 5841.72
11.98 0.00 0.03 356.81 4.00 948311 0.00 592.61 5841.72
11.98 0.00 0.03 356.70 4.00 948321 0.00 592.23 5841.72
11.98 0.00 0.03 356.81 4.00 948331 0.00 592.61 5841.72
11.98 0.00 0.03 356.81 4.00 948341 0.00 592.61 5841.72
11.98 0.00 0.03 356.81 4.00 948351 0.00 592.61 5841.72
11.98 0.00 0.03 356.70 4.00 948361 0.00 592.23 5841.72
11.98 0.00 0.03 356.70 4.00 948371 0.00 592.23 5841.72
11.98 0.00 0.03 356.58 4.00 948381 0.00 591.85 5841.72
11.98 0.00 0.03 356.58 4.00 948391 0.00 591.85 5841.72
11.98 0.00 0.03 356.58 4.00 948401 0.00 591.85 5841.72
11.98 0.00 0.03 356.70 4.00 948411 0.00 592.23 5841.72
11.98 0.00 0.03 356.58 4.00 948421 0.00 591.85 5841.72
11.98 0.00 0.03 356.58 4.00 948431 0.00 591.85 5841.72
11.98 0.00 0.03 356.58 4.00 948441 0.00 591.85 5841.72
11.98 0.00 0.03 356.58 4.00 948451 0.00 591.85 5841.72
11.98 0.00 0.03 356.58 4.00 948461 0.00 591.85 5841.72
11.98 0.00 0.03 356.47 4.00 948471 0.00 591.47 5841.72
11.98 0.00 0.03 356.58 4.00 948481 0.00 591.85 5841.72
11.98 0.00 0.03 356.47 4.00 948491 0.00 591.47 5841.72
11.98 0.00 0.03 356.47 4.00 948501 0.00 591.47 5841.72
11.98 0.00 0.03 356.47 4.00 948511 0.00 591.47 5841.72
11.98 0.00 0.03 356.35 4.00 948521 0.00 591.09 5841.72
11.98 0.00 0.03 356.35 4.00 948531 0.00 591.09 5841.72
11.98 0.00 0.03 356.35 4.00 948541 0.00 591.09 5841.73
11.98 0.00 0.03 356.47 4.00 948551 0.00 591.47 5841.73
11.98 0.00 0.03 356.35 4.00 948561 0.00 591.09 5841.73
11.98 0.00 0.03 356.35 4.00 948571 0.00 591.09 5841.73
11.98 0.00 0.03 356.35 4.00 948581 0.00 591.09 5841.73
11.98 0.00 0.03 356.35 4.00 948591 0.00 591.09 5841.73
11.98 0.00 0.03 356.24 4.00 948601 0.00 590.71 5841.73
11.98 0.00 0.03 356.24 4.00 948611 0.00 590.71 5841.73
11.98 0.00 0.03 356.13 4.00 948621 0.00 590.33 5841.73
11.98 0.00 0.03 356.24 4.00 948631 0.00 590.71 5841.73
11.98 0.00 0.03 356.24 4.00 948641 0.00 590.71 5841.73
11.98 0.00 0.03 356.13 4.00 948651 0.00 590.33 5841.73
11.98 0.00 0.03 356.13 4.00 948661 0.00 590.33 5841.73
11.98 0.00 0.03 356.13 4.00 948671 0.00 590.33 5841.73
11.98 0.00 0.03 356.01 4.00 948681 0.00 589.96 5841.73
11.98 0.00 0.03 356.13 4.00 948691 0.00 590.33 5841.73
11.98 0.00 0.03 356.01 4.00 948701 0.00 589.96 5841.73
11.98 0.00 0.03 356.13 4.00 948711 0.00 590.33 5841.73
11.98 0.00 0.03 356.13 4.00 948721 0.00 590.33 5841.73
11.98 0.00 0.03 356.01 4.00 948731 0.00 589.96 5841.73
11.98 0.00 0.03 356.01 4.00 948741 0.00 589.96 5841.73
11.98 0.00 0.03 356.01 4.00 948751 0.00 589.96 5841.73
11.98 0.00 0.03 356.01 4.00 948761 0.00 589.96 5841.73
11.98 0.00 0.03 355.90 4.00 948771 0.00 589.58 5841.73
11.98 0.00 0.03 355.90 4.00 948781 0.00 589.58 5841.73
11.98 0.00 0.03 356.01 4.00 948791 0.00 589.96 5841.73
11.98 0.00 0.03 355.90 4.00 948801 0.00 589.58 5841.73
11.98 0.00 0.03 355.90 4.00 948811 0.00 589.58 5841.73
11.98 0.00 0.03 355.90 4.00 948821 0.00 589.58 5841.73
11.98 0.00 0.03 355.90 4.00 948831 0.00 589.58 5841.73
11.98 0.00 0.03 355.90 4.00 948841 0.00 589.58 5841.73
11.98 0.00 0.03 355.90 4.00 948851 0.00 589.58 5841.73
11.98 0.00 0.03 355.78 4.00 948861 0.00 589.20 5841.74
11.98 0.00 0.03 355.78 4.00 948871 0.00 589.20 5841.74
11.98 0.00 0.03 355.78 4.00 948881 0.00 589.20 5841.74
11.98 0.00 0.03 355.78 4.00 948891 0.00 589.20 5841.74
11.98 0.00 0.03 355.78 4.00 948901 0.00 589.20 5841.74
11.98 0.00 0.03 355.78 4.00 948911 0.00 589.20 5841.74
11.98 0.00 0.03 355.78 4.00 948921 0.00 589.20 5841.74
11.98 0.00 0.03 355.67 4.00 948931 0.00 588.82 5841.74
11.98 0.00 0.03 355.67 4.00 948941 0.00 588.82 5841.74
11.98 0.00 0.03 355.67 4.00 948951 0.00 588.82 5841.74
11.98 0.00 0.03 355.56 4.00 948961 0.00 588.45 5841.74
11.98 0.00 0.03 355.67 4.00 948971 0.00 588.82 5841.74
11.98 0.00 0.03 355.56 4.00 948981 0.00 588.45 5841.74
11.98 0.00 0.03 355.56 4.00 948991 0.00 588.45 5841.74
11.98 0.00 0.03 355.44 4.00 949001 0.00 588.07 5841.74
11.98 0.00 0.03 355.56 4.00 949011 0.00 588.45 5841.74
11.98 0.00 0.03 355.56 4.00 949021 0.00 588.45 5841.74
11.98 0.00 0.03 355.44 4.00 949031 0.00 588.07 5841.74
11.98 0.00 0.03 355.44 4.00 949041 0.00 588.07 5841.74
11.98 0.00 0.03 355.44 4.00 949051 0.00 588.07 5841.74
11.98 0.00 0.03 355.44 4.00 949061 0.00 588.07 5841.74
11.98 0.00 0.03 355.44 4.00 949071 0.00 588.07 5841.74
11.98 0.00 0.03 355.44 4.00 949081 0.00 588.07 5841.74
11.98 0.00 0.03 355.33 4.00 949091 0.00 587.69 5841.74
11.98 0.00 0.03 355.33 4.00 949101 0.00 587.69 5841.74
11.98 0.00 0.03 355.44 4.00 949111 0.00 588.07 5841.74
11.98 0.00 0.03 355.33 4.00 949121 0.00 587.69 5841.74
11.98 0.00 0.03 355.33 4.00 949131 0.00 587.69 5841.74
11.98 0.00 0.03 355.21 4.00 949141 0.00 587.32 5841.74
11.98 0.00 0.03 355.21 4.00 949151 0.00 587.32 5841.74
11.98 0.00 0.03 355.10 4.00 949161 0.00 586.94 5841.74
11.98 0.00 0.03 355.21 4.00 949171 0.00 587.32 5841.74
11.98 0.00 0.03 355.21 4.00 949181 0.00 587.32 5841.75
11.98 0.00 0.03 355.21 4.00 949191 0.00 587.32 5841.75
11.98 0.00 0.03 355.21 4.00 949201 0.00 587.32 5841.75
11.98 0.00 0.03 355.21 4.00 949211 0.00 587.32 5841.75
11.98 0.00 0.03 355.21 4.00 949221 0.00 587.32 5841.75
11.98 0.00 0.03 355.10 4.00 949231 0.00 586.94 5841.75
11.98 0.00 0.03 355.10 4.00 949241 0.00 586.94 5841.75
11.98 0.00 0.03 355.10 4.00 949251 0.00 586.94 5841.75
11.98 0.00 0.03 355.10 4.00 949261 0.00 586.94 5841.75
11.98 0.00 0.03 355.10 4.00 949271 0.00 586.94 5841.75
11.98 0.00 0.03 354.99 4.00 949281 0.00 586.57 5841.75
11.98 0.00 0.03 354.99 4.00 949291 0.00 586.57 5841.75
11.98 0.00 0.03 354.99 4.00 949301 0.00 586.57 5841.75
11.98 0.00 0.03 354.99 4.00 949311 0.00 586.57 5841.75
11.98 0.00 0.03 354.99 4.00 949321 0.00 586.57 5841.75
11.98 0.00 0.03 354.99 4.00 949331 0.00 586.57 5841.75
11.98 0.00 0.03 354.87 4.00 949341 0.00 586.19 5841.75
11.98 0.00 0.03 354.87 4.00 949351 0.00 586.19 5841.75
11.98 0.00 0.03 354.99 4.00 949361 0.00 586.57 5841.75
11.98 0.00 0.03 354.87 4.00 949371 0.00 586.19 5841.75
11.98 0.00 0.03 354.87 4.00 949381 0.00 586.19 5841.75
11.98 0.00 0.03 354.87 4.00 949391 0.00 586.19 5841.75
11.98 0.00 0.03 354.87 4.00 949401 0.00 586.19 5841.75
11.98 0.00 0.03 354.87 4.00 949411 0.00 586.19 5841.75
11.98 0.00 0.03 354.76 4.00 949421 0.00 585.82 5841.75
11.98 0.00 0.03 354.76 4.00 949431 0.00 585.82 5841.75
11.98 0.00 0.03 354.65 4.00 949441 0.00 585.45 5841.75
11.98 0.00 0.03 354.76 4.00 949451 0.00 585.82 5841.75
11.98 0.00 0.03 354.76 4.00 949461 0.00 585.82 5841.75
11.98 0.00 0.03 354.76 4.00 949471 0.00 585.82 5841.75
11.98 0.00 0.03 354.65 4.00 949481 0.00 585.45 5841.75
11.98 0.00 0.03 354.65 4.00 949491 0.00 585.45 5841.75
11.98 0.00 0.03 354.65 4.00 949501 0.00 585.45 5841.75
11.98 0.00 0.03 354.65 4.00 949511 0.00 585.45 5841.76
11.98 0.00 0.03 354.65 4.00 949521 0.00 585.45 5841.76
11.98 0.00 0.03 354.65 4.00 949531 0.00 585.45 5841.76
11.98 0.00 0.03 354.53 4.00 949541 0.00 585.07 5841.76
11.98 0.00 0.03 354.53 4.00 949551 0.00 585.07 5841.76
11.98 0.00 0.03 354.53 4.00 949561 0.00 585.07 5841.76
11.98 0.00 0.03 354.53 4.00 949571 0.00 585.07 5841.76
11.98 0.00 0.03 354.42 4.00 949581 0.00 584.70 5841.76
11.98 0.00 0.03 354.42 4.00 949591 0.00 584.70 5841.76
11.98 0.00 0.03 354.42 4.00 949601 0.00 584.70 5841.76
11.98 0.00 0.03 354.42 4.00 949611 0.00 584.70 5841.76
11.98 0.00 0.03 354.42 4.00 949621 0.00 584.70 5841.76
11.98 0.00 0.03 354.42 4.00 949631 0.00 584.70 5841.76
11.98 0.00 0.03 354.42 4.00 949641 0.00 584.70 5841.76
11.98 0.00 0.03 354.31 4.00 949651 0.00 584.33 5841.76
11.98 0.00 0.03 354.42 4.00 949661 0.00 584.70 5841.76
11.98 0.00 0.03 354.31 4.00 949671 0.00 584.33 5841.76
11.98 0.00 0.03 354.31 4.00 949681 0.00 584.33 5841.76
11.98 0.00 0.03 354.31 4.00 949691 0.00 584.33 5841.76
11.98 0.00 0.03 354.20 4.00 949701 0.00 583.95 5841.76
11.98 0.00 0.03 354.20 4.00 949711 0.00 583.95 5841.76
11.98 0.00 0.03 354.20 4.00 949721 0.00 583.95 5841.76
11.98 0.00 0.03 354.20 4.00 949731 0.00 583.95 5841.76
11.98 0.00 0.03 354.08 4.00 949741 0.00 583.58 5841.76
11.98 0.00 0.03 354.20 4.00 949751 0.00 583.95 5841.76
11.98 0.00 0.03 354.20 4.00 949761 0.00 583.95 5841.76
11.98 0.00 0.03 354.20 4.00 949771 0.00 583.95 5841.76
11.98 0.00 0.03 354.08 4.00 949781 0.00 583.58 5841.76
11.98 0.00 0.03 354.20 4.00 949791 0.00 583.95 5841.76
11.98 0.00 0.03 354.08 4.00 949801 0.00 583.58 5841.76
11.98 0.00 0.03 354.08 4.00 949811 0.00 583.58 5841.76
11.98 0.00 0.03 354.08 4.00 949821 0.00 583.58 5841.76
11.98 0.00 0.03 353.97 4.00 949831 0.00 583.21 5841.77
