11.98 0.00 0.01 0.00 4.00 163287 0.00 0.00 1938.47
11.98 0.00 0.01 0.00 4.00 163297 0.00 0.00 1938.47
11.98 0.00 0.01 0.00 4.00 163307 0.00 0.00 1938.47
11.98 0.00 0.01 0.00 4.00 163317 0.00 0.00 1938.47
11.98 0.00 0.01 0.00 4.00 163327 0.00 0.00 1938.47
11.98 0.00 0.01 0.00 4.00 163337 0.00 0.00 1938.47
11.98 0.00 0.01 0.00 4.00 163347 0.00 0.00 1938.47
11.98 0.00 0.01 0.00 4.00 163357 0.00 0.00 1938.47
11.98 0.00 0.01 0.00 4.00 163367 0.00 0.00 1938.47
11.98 0.00 0.01 0.00 4.00 163377 0.00 0.00 1938.47
11.98 0.00 0.03 43.66 4.00 413971 0.00 8.87 1960.96
11.98 0.00 0.03 43.64 4.00 413981 0.00 8.86 1960.96
11.98 0.00 0.03 43.64 4.00 413991 0.00 8.86 1960.96
11.98 0.00 0.03 43.61 4.00 414001 0.00 8.85 1960.96
11.98 0.00 0.03 43.61 4.00 414011 0.00 8.85 1960.96
11.98 0.00 0.03 43.61 4.00 414021 0.00 8.85 1960.96
11.98 0.00 0.03 43.58 4.00 414031 0.00 8.84 1960.96
11.98 0.00 0.03 43.58 4.00 414041 0.00 8.84 1960.96
11.98 0.00 0.03 43.56 4.00 414051 0.00 8.83 1960.96
11.98 0.00 0.03 43.56 4.00 414061 0.00 8.83 1960.96
11.98 0.00 0.03 43.56 4.00 414071 0.00 8.83 1960.96
11.98 0.00 0.03 43.53 4.00 414081 0.00 8.82 1960.96
11.98 0.00 0.03 43.53 4.00 414091 0.00 8.82 1960.96
11.98 0.00 0.03 43.53 4.00 414101 0.00 8.82 1960.96
11.98 0.00 0.03 43.51 4.00 414111 0.00 8.81 1960.96
11.98 0.00 0.03 43.51 4.00 414121 0.00 8.81 1960.96
11.98 0.00 0.03 43.48 4.00 414131 0.00 8.80 1960.97
11.98 0.00 0.03 43.48 4.00 414141 0.00 8.80 1960.97
11.98 0.00 0.03 43.48 4.00 414151 0.00 8.80 1960.97
11.98 0.00 0.03 43.45 4.00 414161 0.00 8.79 1960.97
11.98 0.00 0.03 43.45 4.00 414171 0.00 8.79 1960.97
11.98 0.00 0.03 43.43 4.00 414181 0.00 8.78 1960.97
11.98 0.00 0.03 43.43 4.00 414191 0.00 8.78 1960.97
11.98 0.00 0.03 43.43 4.00 414201 0.00 8.78 1960.97
11.98 0.00 0.03 43.40 4.00 414211 0.00 8.77 1960.97
11.98 0.00 0.03 43.40 4.00 414221 0.00 8.77 1960.97
11.98 0.00 0.03 43.40 4.00 414231 0.00 8.77 1960.97
11.98 0.00 0.03 43.38 4.00 414241 0.00 8.76 1960.97
11.98 0.00 0.03 43.38 4.00 414251 0.00 8.76 1960.97
11.98 0.00 0.03 43.36 4.00 414261 0.00 8.75 1960.97
11.98 0.00 0.03 43.36 4.00 414271 0.00 8.75 1960.97
11.98 0.00 0.03 43.36 4.00 414281 0.00 8.75 1960.97
11.98 0.02 0.20 43.34 4.00 414291 0.00 8.74 1960.97
11.98 0.02 0.20 43.34 4.00 414301 0.00 8.74 1960.97
11.98 0.02 0.20 43.30 4.00 414311 0.00 8.73 1960.97
11.98 0.02 0.20 43.30 4.00 414321 0.00 8.73 1960.98
11.98 0.02 0.20 43.30 4.00 414331 0.00 8.73 1960.98
11.98 0.02 0.20 43.29 4.00 414341 0.00 8.72 1960.98
11.98 0.02 0.20 43.29 4.00 414351 0.00 8.72 1960.98
11.98 0.02 0.20 43.28 4.00 414361 0.00 8.72 1960.98
11.98 0.02 0.20 43.28 4.00 414371 0.00 8.72 1960.99
11.98 0.02 0.20 43.28 4.00 414381 0.00 8.72 1960.99
11.98 0.02 0.20 43.29 4.00 414391 0.00 8.72 1960.99
11.98 0.02 0.20 43.29 4.00 414401 0.00 8.72 1960.99
11.98 0.02 0.20 43.33 4.00 414411 0.00 8.74 1960.99
11.98 0.02 0.20 43.33 4.00 414421 0.00 8.74 1961.00
11.98 3.87 46.34 43.33 4.00 414431 0.00 8.74 1961.06
11.85 3.87 45.84 43.39 4.00 414441 0.00 8.77 1961.54
11.85 3.87 45.84 43.39 4.00 414451 0.00 8.77 1961.99
11.85 3.87 45.84 43.48 4.00 414461 0.00 8.80 1962.44
11.85 3.87 45.84 43.48 4.00 414471 0.00 8.80 1962.92
11.85 3.87 45.84 43.57 4.00 414481 0.00 8.84 1963.37
11.85 3.87 45.84 43.57 4.00 414491 0.00 8.84 1963.82
11.85 3.87 45.84 43.70 4.00 414501 0.00 8.89 1964.27
11.85 3.87 45.84 43.70 4.00 414511 0.00 8.89 1964.75
11.85 3.87 45.84 43.83 4.00 414521 0.00 8.94 1965.20
11.85 3.87 45.84 43.83 4.00 414531 0.00 8.94 1965.65
11.85 3.87 45.84 44.01 4.00 414541 0.00 9.02 1966.12
11.85 3.87 45.84 44.01 4.00 414551 0.00 9.02 1966.57
11.85 3.87 45.84 44.20 4.00 414561 0.00 9.09 1967.02
11.85 3.87 45.84 44.20 4.00 414571 0.00 9.09 1967.50
11.46 12.96 148.52 44.41 4.00 414581 0.00 9.18 1968.97
11.46 12.96 148.52 44.41 4.00 414591 0.00 9.18 1970.42
11.46 12.96 148.52 44.64 4.00 414601 0.00 9.28 1971.88
11.46 12.96 148.52 44.64 4.00 414611 0.00 9.28 1973.44
11.46 12.96 148.52 44.90 4.00 414621 0.00 9.38 1974.89
11.46 12.96 148.52 44.90 4.00 414631 0.00 9.38 1976.35
11.46 12.96 148.52 45.17 4.00 414641 0.00 9.50 1977.90
11.46 12.96 148.52 45.44 4.00 414651 0.00 9.61 1979.36
11.46 12.96 148.52 45.44 4.00 414661 0.00 9.61 1980.81
11.46 12.96 148.52 45.75 4.00 414671 0.00 9.74 1982.27
11.46 12.96 148.52 45.75 4.00 414681 0.00 9.74 1983.83
11.46 12.96 148.52 46.04 4.00 414691 0.00 9.87 1985.28
11.46 12.96 148.52 46.38 4.00 414701 0.00 10.01 1986.74
11.46 12.96 148.52 46.38 4.00 414711 0.00 10.01 1988.30
8.54 17.93 153.24 46.71 4.00 414721 0.00 10.16 1989.86
8.54 17.93 153.24 46.71 4.00 414731 0.00 10.16 1991.36
8.54 17.93 153.24 47.06 4.00 414741 0.00 10.31 1992.86
8.54 17.93 153.24 47.43 4.00 414751 0.00 10.47 1994.47
8.54 17.93 153.24 47.43 4.00 414761 0.00 10.47 1995.97
8.54 17.93 153.24 47.78 4.00 414771 0.00 10.63 1997.48
8.54 17.93 153.24 48.21 4.00 414781 0.00 10.82 1999.08
8.54 17.93 153.24 48.21 4.00 414791 0.00 10.82 2000.58
8.54 17.93 153.24 48.61 4.00 414801 0.00 11.00 2002.08
8.54 17.93 153.24 49.04 4.00 414811 0.00 11.20 2003.68
8.54 17.93 153.24 49.04 4.00 414821 0.00 11.20 2005.19
8.54 17.93 153.24 49.48 4.00 414831 0.00 11.39 2006.69
8.54 17.93 153.24 49.94 4.00 414841 0.00 11.61 2008.20
8.54 17.93 153.24 49.94 4.00 414851 0.00 11.61 2009.80
7.49 18.29 137.04 50.40 4.00 414861 0.00 11.82 2011.24
7.49 18.29 137.04 50.89 4.00 414871 0.00 12.06 2012.59
7.49 18.29 137.04 50.89 4.00 414881 0.00 12.06 2014.02
7.49 18.29 137.04 51.38 4.00 414891 0.00 12.29 2015.36
7.49 18.29 137.04 51.91 4.00 414901 0.00 12.54 2016.70
7.49 18.29 137.04 52.47 4.00 414911 0.00 12.81 2018.13
7.49 18.29 137.04 52.47 4.00 414921 0.00 12.81 2019.48
7.49 18.29 137.04 53.02 4.00 414931 0.00 13.09 2020.82
7.49 18.29 137.04 53.60 4.00 414941 0.00 13.37 2022.16
7.49 18.29 137.04 54.21 4.00 414951 0.00 13.68 2023.60
7.49 18.29 137.04 54.21 4.00 414961 0.00 13.68 2024.94
7.49 18.29 137.04 54.83 4.00 414971 0.00 13.99 2026.28
7.49 18.29 137.04 55.46 4.00 414981 0.00 14.32 2027.72
7.49 18.29 137.04 56.14 4.00 414991 0.00 14.67 2029.06
7.97 17.54 139.85 56.14 4.00 415001 0.00 14.67 2030.40
7.97 17.54 139.85 56.83 4.00 415011 0.00 15.03 2031.86
7.97 17.54 139.85 57.55 4.00 415021 0.00 15.42 2033.24
7.97 17.54 139.85 58.27 4.00 415031 0.00 15.81 2034.60
7.97 17.54 139.85 59.05 4.00 415041 0.00 16.23 2035.98
7.97 17.54 139.85 59.05 4.00 415051 0.00 16.23 2037.44
7.97 17.54 139.85 59.84 4.00 415061 0.00 16.67 2038.81
7.97 17.54 139.85 60.69 4.00 415071 0.00 17.14 2040.18
7.97 17.54 139.85 61.53 4.00 415081 0.00 17.62 2041.65
7.97 17.54 139.85 62.42 4.00 415091 0.00 18.14 2043.02
7.97 17.54 139.85 63.35 4.00 415101 0.00 18.68 2044.39
7.97 17.54 139.85 63.35 4.00 415111 0.00 18.68 2045.76
7.97 17.54 139.85 64.31 4.00 415121 0.00 19.25 2047.23
7.97 17.54 139.85 65.31 4.00 415131 0.00 19.86 2048.60
7.97 19.78 157.74 66.33 4.00 415141 0.00 20.48 2050.00
7.10 19.78 140.46 67.42 4.00 415151 0.00 21.16 2051.46
7.10 19.78 140.46 68.53 4.00 415161 0.00 21.86 2052.84
7.10 19.78 140.46 69.72 4.00 415171 0.00 22.63 2054.22
7.10 19.78 140.46 69.72 4.00 415181 0.00 22.63 2055.69
7.10 19.78 140.46 70.90 4.00 415191 0.00 23.40 2057.07
7.10 19.78 140.46 72.12 4.00 415201 0.00 24.21 2058.44
7.10 19.78 140.46 73.32 4.00 415211 0.00 25.02 2059.82
7.10 19.78 140.46 74.51 4.00 415221 0.00 25.84 2061.29
7.10 19.78 140.46 75.68 4.00 415231 0.00 26.66 2062.66
7.10 19.78 140.46 76.84 4.00 415241 0.00 27.48 2064.04
7.10 19.78 140.46 77.97 4.00 415251 0.00 28.30 2065.51
7.10 19.78 140.46 79.08 4.00 415261 0.00 29.11 2066.89
7.10 19.78 140.46 80.16 4.00 415271 0.00 29.91 2068.27
7.10 19.78 140.46 81.19 4.00 415281 0.00 30.68 2069.73
7.18 19.36 138.91 82.19 4.00 415291 0.00 31.45 2071.10
7.18 19.36 138.91 83.17 4.00 415301 0.00 32.20 2072.45
7.18 19.36 138.91 83.17 4.00 415311 0.00 32.20 2073.82
7.18 19.36 138.91 85.01 4.00 415321 0.00 33.64 2075.27
7.18 19.36 138.91 85.01 4.00 415331 0.00 33.64 2076.63
7.18 19.36 138.91 85.90 4.00 415341 0.00 34.35 2078.00
7.18 19.36 138.91 86.79 4.00 415351 0.00 35.06 2079.44
7.18 19.36 138.91 87.63 4.00 415361 0.00 35.74 2080.81
7.18 19.36 138.91 88.53 4.00 415371 0.00 36.49 2082.17
7.18 19.36 138.91 89.35 4.00 415381 0.00 37.16 2083.62
7.18 19.36 138.91 90.23 4.00 415391 0.00 37.90 2084.99
7.18 19.36 138.91 91.04 4.00 415401 0.00 38.58 2086.35
7.18 19.36 138.91 91.87 4.00 415411 0.00 39.28 2087.71
7.18 19.36 138.91 93.48 4.00 415421 0.00 40.68 2089.17
7.43 19.70 146.34 94.32 4.00 415431 0.00 41.41 2090.58
7.43 19.70 146.34 95.10 4.00 415441 0.00 42.09 2092.01
7.43 19.70 146.34 95.91 4.00 415451 0.00 42.82 2093.54
7.43 19.70 146.34 96.68 4.00 415461 0.00 43.51 2094.97
7.43 19.70 146.34 97.50 4.00 415471 0.00 44.25 2096.41
7.43 19.70 146.34 98.24 4.00 415481 0.00 44.92 2097.84
7.43 19.70 146.34 99.08 4.00 415491 0.00 45.70 2099.38
7.43 19.70 146.34 99.85 4.00 415501 0.00 46.41 2100.81
7.43 19.70 146.34 100.58 4.00 415511 0.00 47.09 2102.25
7.43 19.70 146.34 101.36 4.00 415521 0.00 47.82 2103.77
7.43 19.70 146.34 102.12 4.00 415531 0.00 48.55 2105.21
7.43 19.70 146.34 102.82 4.00 415541 0.00 49.21 2106.64
7.43 19.70 146.34 103.58 4.00 415551 0.00 49.94 2108.17
7.43 19.70 146.34 105.06 4.00 415561 0.00 51.38 2109.61
7.80 19.53 152.29 105.76 4.00 415571 0.00 52.06 2111.06
7.80 19.53 152.29 106.46 4.00 415581 0.00 52.75 2112.55
7.80 19.53 152.29 107.22 4.00 415591 0.00 53.51 2114.15
7.80 19.53 152.29 107.86 4.00 415601 0.00 54.16 2115.64
7.80 19.53 152.29 108.63 4.00 415611 0.00 54.93 2117.13
7.80 19.53 152.29 109.23 4.00 415621 0.00 55.54 2118.72
7.80 19.53 152.29 110.00 4.00 415631 0.00 56.32 2120.22
7.80 19.53 152.29 111.30 4.00 415641 0.00 57.66 2121.71
7.80 19.53 152.29 111.98 4.00 415651 0.00 58.37 2123.30
7.80 19.53 152.29 112.62 4.00 415661 0.00 59.04 2124.80
7.80 19.53 152.29 113.31 4.00 415671 0.00 59.76 2126.29
7.80 19.53 152.29 113.94 4.00 415681 0.00 60.43 2127.88
7.80 19.53 152.29 115.26 4.00 415691 0.00 61.84 2129.38
7.80 19.53 152.29 115.91 4.00 415701 0.00 62.54 2130.86
8.24 19.46 160.27 116.54 4.00 415711 0.00 63.22 2132.37
8.24 19.46 160.27 117.22 4.00 415721 0.00 63.96 2134.05
8.24 19.46 160.27 117.84 4.00 415731 0.00 64.64 2135.62
8.24 19.46 160.27 119.06 4.00 415741 0.00 65.99 2137.19
8.24 19.46 160.27 119.69 4.00 415751 0.00 66.69 2138.87
8.24 19.46 160.27 120.32 4.00 415761 0.00 67.38 2140.45
8.24 19.46 160.27 120.93 4.00 415771 0.00 68.07 2142.02
8.24 19.46 160.27 121.55 4.00 415781 0.00 68.77 2143.59
8.24 19.46 160.27 122.73 4.00 415791 0.00 70.12 2145.27
8.24 19.46 160.27 123.36 4.00 415801 0.00 70.83 2146.84
8.24 19.46 160.27 123.94 4.00 415811 0.00 71.50 2148.41
8.24 19.46 160.27 125.14 4.00 415821 0.00 72.89 2150.09
8.24 19.46 160.27 125.75 4.00 415831 0.00 73.60 2151.67
8.24 19.46 160.27 126.32 4.00 415841 0.00 74.27 2153.23
8.24 19.58 161.28 126.91 4.00 415851 0.00 74.97 2154.81
8.54 19.58 167.32 128.08 4.00 415861 0.00 76.36 2156.56
8.54 19.58 167.32 128.65 4.00 415871 0.00 77.03 2158.21
8.54 19.58 167.32 129.24 4.00 415881 0.00 77.75 2159.85
8.54 19.58 167.32 129.80 4.00 415891 0.00 78.43 2161.49
8.54 19.58 167.32 130.95 4.00 415901 0.00 79.82 2163.25
8.54 19.58 167.32 131.52 4.00 415911 0.00 80.52 2164.89
8.54 19.58 167.32 132.09 4.00 415921 0.00 81.21 2166.53
8.54 19.58 167.32 133.19 4.00 415931 0.00 82.58 2168.28
8.54 19.58 167.32 133.74 4.00 415941 0.00 83.26 2169.93
8.54 19.58 167.32 134.31 4.00 415951 0.00 83.96 2171.57
8.54 19.58 167.32 135.40 4.00 415961 0.00 85.34 2173.21
8.54 19.58 167.32 135.93 4.00 415971 0.00 86.01 2174.96
8.54 19.58 167.32 137.07 4.00 415981 0.00 87.46 2176.61
8.54 19.58 167.32 137.60 4.00 415991 0.00 88.13 2178.25
8.99 19.52 175.57 138.11 4.00 416001 0.00 88.79 2180.06
8.99 19.52 175.57 139.20 4.00 416011 0.00 90.20 2181.79
8.99 19.52 175.57 139.74 4.00 416021 0.00 90.90 2183.50
8.99 19.52 175.57 140.27 4.00 416031 0.00 91.59 2185.22
8.99 19.52 175.57 141.34 4.00 416041 0.00 92.99 2187.07
8.99 19.52 175.57 141.85 4.00 416051 0.00 93.66 2188.78
8.99 19.52 175.57 142.91 4.00 416061 0.00 95.06 2190.51
8.99 19.52 175.57 143.44 4.00 416071 0.00 95.78 2192.35
8.99 19.52 175.57 144.51 4.00 416081 0.00 97.20 2194.07
8.99 19.52 175.57 145.00 4.00 416091 0.00 97.86 2195.79
8.99 19.52 175.57 145.53 4.00 416101 0.00 98.58 2197.52
8.99 19.52 175.57 146.55 4.00 416111 0.00 99.96 2199.36
8.99 19.52 175.57 147.07 4.00 416121 0.00 100.68 2201.08
8.99 19.52 175.57 148.09 4.00 416131 0.00 102.08 2202.80
9.47 19.59 185.60 148.66 4.00 416141 0.00 102.87 2204.70
9.47 19.59 185.60 149.58 4.00 416151 0.00 104.15 2206.52
9.47 19.59 185.60 150.09 4.00 416161 0.00 104.86 2208.34
9.47 19.59 185.60 151.07 4.00 416171 0.00 106.23 2210.16
9.47 19.59 185.60 151.60 4.00 416181 0.00 106.98 2212.10
9.47 19.59 185.60 152.60 4.00 416191 0.00 108.40 2213.92
9.47 19.59 185.60 153.11 4.00 416201 0.00 109.12 2215.74
9.47 19.59 185.60 154.11 4.00 416211 0.00 110.54 2217.68
9.47 19.59 185.60 154.56 4.00 416221 0.00 111.19 2219.51
9.47 19.59 185.60 155.55 4.00 416231 0.00 112.63 2221.33
9.47 19.59 185.60 156.03 4.00 416241 0.00 113.32 2223.27
9.47 19.59 185.60 157.00 4.00 416251 0.00 114.74 2225.09
9.47 19.59 185.60 157.47 4.00 416261 0.00 115.42 2226.90
9.47 19.59 185.60 158.46 4.00 416271 0.00 116.88 2228.73
9.77 20.13 196.72 158.93 4.00 416281 0.00 117.58 2230.72
9.77 20.13 196.72 159.85 4.00 416291 0.00 118.94 2232.65
9.77 20.13 196.72 160.33 4.00 416301 0.00 119.66 2234.58
9.77 20.13 196.72 161.29 4.00 416311 0.00 121.09 2236.64
9.77 20.13 196.72 162.23 4.00 416321 0.00 122.50 2238.57
9.77 20.13 196.72 162.68 4.00 416331 0.00 123.19 2240.50
9.77 20.13 196.72 163.64 4.00 416341 0.00 124.64 2242.43
9.77 20.13 196.72 164.07 4.00 416351 0.00 125.31 2244.49
9.77 20.13 196.72 165.00 4.00 416361 0.00 126.72 2246.42
9.77 20.13 196.72 165.44 4.00 416371 0.00 127.40 2248.35
9.77 20.13 196.72 166.38 4.00 416381 0.00 128.86 2250.41
9.77 20.13 196.72 167.29 4.00 416391 0.00 130.26 2252.35
9.77 20.13 196.72 167.74 4.00 416401 0.00 130.97 2254.27
9.77 20.13 196.72 168.61 4.00 416411 0.00 132.32 2256.21
10.24 19.62 200.98 169.53 4.00 416421 0.00 133.78 2258.27
10.24 19.62 200.98 169.92 4.00 416431 0.00 134.40 2260.24
10.24 19.62 200.98 170.86 4.00 416441 0.00 135.89 2262.22
10.24 19.62 200.98 171.28 4.00 416451 0.00 136.56 2264.19
10.24 19.62 200.98 172.16 4.00 416461 0.00 137.96 2266.30
10.24 19.62 200.98 173.04 4.00 416471 0.00 139.38 2268.26
10.24 19.62 200.98 173.48 4.00 416481 0.00 140.08 2270.24
10.24 19.62 200.98 174.35 4.00 416491 0.00 141.49 2272.34
10.24 19.62 200.98 175.23 4.00 416501 0.00 142.92 2274.31
10.24 19.62 200.98 175.67 4.00 416511 0.00 143.64 2276.28
10.24 19.62 200.98 176.51 4.00 416521 0.00 145.02 2278.26
10.24 19.62 200.98 177.38 4.00 416531 0.00 146.45 2280.36
10.24 19.62 200.98 178.23 4.00 416541 0.00 147.87 2282.33
10.24 19.62 200.98 178.64 4.00 416551 0.00 148.53 2284.31
10.24 19.54 200.10 179.50 4.00 416561 0.00 149.98 2286.41
10.60 19.54 207.06 180.35 4.00 416571 0.00 151.39 2288.45
10.60 19.54 207.06 180.76 4.00 416581 0.00 152.08 2290.47
10.60 19.54 207.06 181.61 4.00 416591 0.00 153.53 2292.50
10.60 19.54 207.06 182.45 4.00 416601 0.00 154.94 2294.67
10.60 19.54 207.06 183.26 4.00 416611 0.00 156.33 2296.70
10.60 19.54 207.06 183.72 4.00 416621 0.00 157.10 2298.74
10.60 19.54 207.06 184.54 4.00 416631 0.00 158.51 2300.90
10.60 19.54 207.06 185.37 4.00 416641 0.00 159.95 2302.93
10.60 19.54 207.06 186.18 4.00 416651 0.00 161.34 2304.96
10.60 19.54 207.06 186.96 4.00 416661 0.00 162.70 2307.13
10.60 19.54 207.06 187.40 4.00 416671 0.00 163.47 2309.16
10.60 19.54 207.06 188.16 4.00 416681 0.00 164.80 2311.19
10.60 19.54 207.06 189.00 4.00 416691 0.00 166.26 2313.22
10.60 19.54 207.06 189.77 4.00 416701 0.00 167.63 2315.39
10.85 19.36 209.99 190.23 4.00 416711 0.00 168.44 2317.43
10.85 19.36 209.99 191.01 4.00 416721 0.00 169.83 2319.50
10.85 19.36 209.99 191.77 4.00 416731 0.00 171.18 2321.69
10.85 19.36 209.99 192.53 4.00 416741 0.00 172.55 2323.76
10.85 19.36 209.99 193.34 4.00 416751 0.00 173.99 2325.82
10.85 19.36 209.99 194.11 4.00 416761 0.00 175.39 2327.88
10.85 19.36 209.99 194.49 4.00 416771 0.00 176.07 2330.08
10.85 19.36 209.99 195.27 4.00 416781 0.00 177.49 2332.14
10.85 19.36 209.99 196.03 4.00 416791 0.00 178.87 2334.20
10.85 19.36 209.99 196.83 4.00 416801 0.00 180.33 2336.40
10.85 19.36 209.99 197.57 4.00 416811 0.00 181.68 2338.46
10.85 19.36 209.99 198.34 4.00 416821 0.00 183.11 2340.52
10.85 19.36 209.99 199.09 4.00 416831 0.00 184.49 2342.59
10.85 19.36 209.99 199.84 4.00 416841 0.00 185.89 2344.78
11.47 19.64 225.23 200.24 4.00 416851 0.00 186.63 2346.92
11.47 19.64 225.23 200.96 4.00 416861 0.00 187.98 2349.14
11.47 19.64 225.23 201.73 4.00 416871 0.00 189.42 2351.35
11.47 19.64 225.23 202.46 4.00 416881 0.00 190.80 2353.71
11.47 19.64 225.23 203.24 4.00 416891 0.00 192.27 2355.92
11.47 19.64 225.23 203.95 4.00 416901 0.00 193.61 2358.14
11.47 19.64 225.23 204.74 4.00 416911 0.00 195.11 2360.49
11.47 19.64 225.23 205.46 4.00 416921 0.00 196.49 2362.71
11.47 19.64 225.23 206.22 4.00 416931 0.00 197.95 2364.92
11.47 19.64 225.23 206.95 4.00 416941 0.00 199.35 2367.13
11.47 19.64 225.23 207.68 4.00 416951 0.00 200.77 2369.49
11.47 19.64 225.23 208.39 4.00 416961 0.00 202.13 2371.70
11.47 19.64 225.23 209.09 4.00 416971 0.00 203.50 2373.91
11.47 19.64 225.23 209.88 4.00 416981 0.00 205.04 2376.27
11.56 19.06 220.40 210.52 4.00 416991 0.00 206.29 2378.45
11.56 19.06 220.40 211.24 4.00 417001 0.00 207.70 2380.61
11.56 19.06 220.40 211.96 4.00 417011 0.00 209.13 2382.78
11.56 19.06 220.40 212.65 4.00 417021 0.00 210.49 2385.09
11.56 19.06 220.40 213.35 4.00 417031 0.00 211.87 2387.25
11.56 19.06 220.40 214.05 4.00 417041 0.00 213.26 2389.41
11.56 19.06 220.40 214.75 4.00 417051 0.00 214.66 2391.71
11.56 19.06 220.40 215.37 4.00 417061 0.00 215.91 2393.87
11.56 19.06 220.40 216.09 4.00 417071 0.00 217.34 2396.03
11.56 19.06 220.40 216.76 4.00 417081 0.00 218.70 2398.19
11.56 19.06 220.40 217.44 4.00 417091 0.00 220.07 2400.50
11.56 19.06 220.40 218.04 4.00 417101 0.00 221.28 2402.66
11.56 19.06 220.40 218.68 4.00 417111 0.00 222.59 2404.82
11.56 19.06 220.40 219.28 4.00 417121 0.00 223.82 2407.13
11.48 16.73 192.16 219.93 4.00 417131 0.00 225.15 2409.22
11.48 16.73 192.16 220.59 4.00 417141 0.00 226.50 2411.10
11.48 16.73 192.16 221.20 4.00 417151 0.00 227.76 2413.11
11.48 16.73 192.16 221.82 4.00 417161 0.00 229.04 2415.00
11.48 16.73 192.16 222.40 4.00 417171 0.00 230.23 2416.88
11.48 16.73 192.16 222.98 4.00 417181 0.00 231.43 2418.77
11.48 16.73 192.16 223.61 4.00 417191 0.00 232.74 2420.79
11.48 16.73 192.16 224.15 4.00 417201 0.00 233.87 2422.67
11.48 16.73 192.16 224.78 4.00 417211 0.00 235.19 2424.55
11.48 16.73 192.16 225.65 4.00 417221 0.00 237.01 2426.57
11.48 16.73 192.16 226.20 4.00 417231 0.00 238.17 2428.46
11.48 16.73 192.16 226.80 4.00 417241 0.00 239.44 2430.35
11.48 16.73 192.16 227.36 4.00 417251 0.00 240.62 2432.24
11.48 16.73 192.16 227.92 4.00 417261 0.00 241.80 2434.24
11.48 15.97 183.41 228.44 4.00 417271 0.00 242.90 2436.13
11.49 15.97 183.49 229.00 4.00 417281 0.00 244.10 2437.93
11.49 15.97 183.49 229.57 4.00 417291 0.00 245.31 2439.72
11.49 15.97 183.49 230.04 4.00 417301 0.00 246.33 2441.65
11.49 15.97 183.49 230.86 4.00 417311 0.00 248.07 2443.45
11.49 15.97 183.49 231.43 4.00 417321 0.00 249.31 2445.25
11.49 15.97 183.49 231.92 4.00 417331 0.00 250.35 2447.18
11.49 15.97 183.49 232.45 4.00 417341 0.00 251.51 2448.98
11.49 15.97 183.49 232.94 4.00 417351 0.00 252.56 2450.78
11.49 15.97 183.49 233.52 4.00 417361 0.00 253.84 2452.58
11.49 15.97 183.49 234.26 4.00 417371 0.00 255.45 2454.51
11.49 15.97 183.49 234.76 4.00 417381 0.00 256.53 2456.31
11.49 15.97 183.49 235.31 4.00 417391 0.00 257.72 2458.11
11.49 15.97 183.49 235.80 4.00 417401 0.00 258.82 2459.92
11.49 15.97 183.49 236.21 4.00 417411 0.00 259.70 2461.84
11.55 14.25 164.60 236.71 4.00 417421 0.00 260.81 2463.48
11.55 14.25 164.60 237.52 4.00 417431 0.00 262.60 2465.10
11.55 14.25 164.60 238.03 4.00 417441 0.00 263.72 2466.71
11.55 14.25 164.60 238.49 4.00 417451 0.00 264.74 2468.44
11.55 14.25 164.60 238.95 4.00 417461 0.00 265.77 2470.05
11.55 14.25 164.60 239.41 4.00 417471 0.00 266.80 2471.67
11.55 14.25 164.60 240.14 4.00 417481 0.00 268.42 2473.39
11.55 14.25 164.60 240.60 4.00 417491 0.00 269.46 2475.01
11.55 14.25 164.60 241.02 4.00 417501 0.00 270.40 2476.62
11.55 14.25 164.60 241.55 4.00 417511 0.00 271.58 2478.24
11.55 14.25 164.60 242.23 4.00 417521 0.00 273.12 2479.96
11.55 14.25 164.60 242.65 4.00 417531 0.00 274.07 2481.58
11.55 14.25 164.60 243.18 4.00 417541 0.00 275.27 2483.19
11.55 14.25 164.60 243.56 4.00 417551 0.00 276.12 2484.92
11.54 13.96 161.13 244.25 4.00 417561 0.00 277.70 2486.51
11.54 13.96 161.13 244.68 4.00 417571 0.00 278.68 2488.09
11.54 13.96 161.13 245.12 4.00 417581 0.00 279.66 2489.67
11.54 13.96 161.13 245.60 4.00 417591 0.00 280.78 2491.36
11.54 13.96 161.13 246.20 4.00 417601 0.00 282.15 2492.94
11.54 13.96 161.13 246.69 4.00 417611 0.00 283.28 2494.53
11.54 13.96 161.13 247.13 4.00 417621 0.00 284.29 2496.11
11.54 13.96 161.13 247.52 4.00 417631 0.00 285.17 2497.80
11.54 13.96 161.13 248.13 4.00 417641 0.00 286.58 2499.38
11.54 13.96 161.13 248.57 4.00 417651 0.00 287.60 2500.96
11.54 13.96 161.13 249.02 4.00 417661 0.00 288.63 2502.65
11.54 13.96 161.13 249.58 4.00 417671 0.00 289.93 2504.23
11.54 13.96 161.13 249.97 4.00 417681 0.00 290.85 2505.82
11.54 13.96 161.13 250.36 4.00 417691 0.00 291.76 2507.40
11.60 12.46 144.47 250.82 4.00 417701 0.00 292.82 2509.01
11.60 12.46 144.47 251.44 4.00 417711 0.00 294.28 2510.42
11.60 12.46 144.47 251.84 4.00 417721 0.00 295.21 2511.85
11.60 12.46 144.47 252.24 4.00 417731 0.00 296.15 2513.36
11.60 12.46 144.47 252.81 4.00 417741 0.00 297.50 2514.78
11.60 12.46 144.47 253.22 4.00 417751 0.00 298.45 2516.19
11.60 12.46 144.47 253.62 4.00 417761 0.00 299.41 2517.61
11.60 12.46 144.47 254.14 4.00 417771 0.00 300.64 2519.13
11.60 12.46 144.47 254.61 4.00 417781 0.00 301.74 2520.54
11.60 12.46 144.47 254.90 4.00 417791 0.00 302.44 2521.96
11.60 12.46 144.47 255.49 4.00 417801 0.00 303.83 2523.38
11.60 12.46 144.47 255.84 4.00 417811 0.00 304.67 2524.89
11.60 12.46 144.47 256.25 4.00 417821 0.00 305.65 2526.31
11.60 12.46 144.47 256.79 4.00 417831 0.00 306.93 2527.73
11.60 11.91 138.17 257.14 4.00 417841 0.00 307.78 2529.23
11.60 11.91 138.17 257.56 4.00 417851 0.00 308.78 2530.58
11.60 11.91 138.17 258.10 4.00 417861 0.00 310.07 2531.94
11.60 11.91 138.17 258.46 4.00 417871 0.00 310.94 2533.29
11.60 11.91 138.17 259.00 4.00 417881 0.00 312.24 2534.74
11.60 11.91 138.17 259.30 4.00 417891 0.00 312.97 2536.09
11.60 11.91 138.17 259.67 4.00 417901 0.00 313.85 2537.45
11.60 11.91 138.17 260.21 4.00 417911 0.00 315.17 2538.90
11.60 11.91 138.17 260.58 4.00 417921 0.00 316.06 2540.25
11.60 11.91 138.17 260.95 4.00 417931 0.00 316.95 2541.61
11.60 11.91 138.17 261.44 4.00 417941 0.00 318.15 2542.97
11.60 11.91 138.17 261.81 4.00 417951 0.00 319.05 2544.42
11.60 11.91 138.17 262.30 4.00 417961 0.00 320.25 2545.77
11.60 11.91 138.17 262.61 4.00 417971 0.00 321.01 2547.13
11.60 11.13 129.10 263.17 4.00 417981 0.00 322.38 2548.56
11.64 11.13 129.60 263.42 4.00 417991 0.00 322.99 2549.84
11.64 11.13 129.60 263.80 4.00 418001 0.00 323.91 2551.11
11.64 11.13 129.60 264.24 4.00 418011 0.00 324.99 2552.38
11.64 11.13 129.60 264.61 4.00 418021 0.00 325.92 2553.74
11.64 11.13 129.60 265.06 4.00 418031 0.00 327.01 2555.01
11.64 11.13 129.60 265.44 4.00 418041 0.00 327.95 2556.28
11.64 11.13 129.60 265.75 4.00 418051 0.00 328.74 2557.64
11.64 11.13 129.60 266.20 4.00 418061 0.00 329.84 2558.91
11.64 11.13 129.60 266.52 4.00 418071 0.00 330.63 2560.18
11.64 11.13 129.60 266.97 4.00 418081 0.00 331.74 2561.45
11.64 11.13 129.60 267.29 4.00 418091 0.00 332.54 2562.81
11.64 11.13 129.60 267.74 4.00 418101 0.00 333.67 2564.08
11.64 11.13 129.60 268.06 4.00 418111 0.00 334.47 2565.36
11.64 11.13 129.60 268.38 4.00 418121 0.00 335.28 2566.63
11.66 10.45 121.84 268.84 4.00 418131 0.00 336.42 2567.92
11.66 10.45 121.84 269.16 4.00 418141 0.00 337.23 2569.12
11.66 10.45 121.84 269.56 4.00 418151 0.00 338.21 2570.31
11.66 10.45 121.84 269.95 4.00 418161 0.00 339.20 2571.59
11.66 10.45 121.84 270.28 4.00 418171 0.00 340.03 2572.79
11.66 10.45 121.84 270.61 4.00 418181 0.00 340.85 2573.98
11.66 10.45 121.84 271.13 4.00 418191 0.00 342.19 2575.18
11.66 10.45 121.84 271.33 4.00 418201 0.00 342.69 2576.46
11.66 10.45 121.84 271.86 4.00 418211 0.00 344.03 2577.65
11.66 10.45 121.84 272.06 4.00 418221 0.00 344.54 2578.85
11.66 10.45 121.84 272.53 4.00 418231 0.00 345.72 2580.13
11.66 10.45 121.84 272.80 4.00 418241 0.00 346.40 2581.32
11.66 10.45 121.84 273.20 4.00 418251 0.00 347.42 2582.52
11.66 10.45 121.84 273.47 4.00 418261 0.00 348.11 2583.72
11.67 9.81 114.48 273.94 4.00 418271 0.00 349.31 2584.94
11.67 9.81 114.48 274.21 4.00 418281 0.00 350.00 2586.07
11.67 9.81 114.48 274.62 4.00 418291 0.00 351.04 2587.19
11.67 9.81 114.48 274.89 4.00 418301 0.00 351.73 2588.31
11.67 9.81 114.48 275.30 4.00 418311 0.00 352.78 2589.51
11.67 9.81 114.48 275.57 4.00 418321 0.00 353.48 2590.63
11.67 9.81 114.48 275.98 4.00 418331 0.00 354.54 2591.76
11.67 9.81 114.48 276.26 4.00 418341 0.00 355.24 2592.96
11.67 9.81 114.48 276.74 4.00 418351 0.00 356.48 2594.08
11.67 9.81 114.48 276.95 4.00 418361 0.00 357.01 2595.21
11.67 9.81 114.48 277.36 4.00 418371 0.00 358.08 2596.33
11.67 9.81 114.48 277.57 4.00 418381 0.00 358.62 2597.53
11.67 9.81 114.48 277.99 4.00 418391 0.00 359.70 2598.65
11.67 9.81 114.48 278.26 4.00 418401 0.00 360.42 2599.78
11.69 9.18 107.35 278.61 4.00 418411 0.00 361.32 2600.94
11.69 9.18 107.35 278.89 4.00 418421 0.00 362.05 2601.99
11.69 9.18 107.35 279.24 4.00 418431 0.00 362.96 2603.05
11.69 9.18 107.35 279.60 4.00 418441 0.00 363.87 2604.10
11.69 9.18 107.35 279.88 4.00 418451 0.00 364.61 2605.23
11.69 9.18 107.35 280.30 4.00 418461 0.00 365.71 2606.28
11.69 9.18 107.35 280.51 4.00 418471 0.00 366.27 2607.34
11.69 9.18 107.35 280.94 4.00 418481 0.00 367.38 2608.46
11.69 9.18 107.35 281.15 4.00 418491 0.00 367.94 2609.51
11.69 9.18 107.35 281.51 4.00 418501 0.00 368.87 2610.56
11.69 9.18 107.35 281.72 4.00 418511 0.00 369.43 2611.62
11.69 9.18 107.35 282.15 4.00 418521 0.00 370.56 2612.74
11.69 9.18 107.35 282.44 4.00 418531 0.00 371.31 2613.80
11.69 9.18 107.35 282.73 4.00 418541 0.00 372.07 2614.85
11.71 8.94 104.63 283.01 4.00 418551 0.00 372.83 2615.97
11.71 8.94 104.63 283.30 4.00 418561 0.00 373.59 2616.99
11.71 8.94 104.63 283.66 4.00 418571 0.00 374.54 2618.02
11.71 8.94 104.63 283.88 4.00 418581 0.00 375.12 2619.05
11.71 8.94 104.63 284.24 4.00 418591 0.00 376.08 2620.14
11.71 8.94 104.63 284.61 4.00 418601 0.00 377.04 2621.17
11.71 8.94 104.63 284.83 4.00 418611 0.00 377.62 2622.20
11.71 8.94 104.63 285.27 4.00 418621 0.00 378.78 2623.22
11.71 8.94 104.63 285.41 4.00 418631 0.00 379.17 2624.32
11.71 8.94 104.63 285.71 4.00 418641 0.00 379.95 2625.35
11.71 8.94 104.63 286.07 4.00 418651 0.00 380.93 2626.38
11.71 8.94 104.63 286.30 4.00 418661 0.00 381.52 2627.47
11.71 8.94 104.63 286.66 4.00 418671 0.00 382.51 2628.50
11.71 8.94 104.63 286.89 4.00 418681 0.00 383.10 2629.53
11.71 8.94 104.63 287.26 4.00 418691 0.00 384.09 2630.55
11.71 8.59 100.62 287.55 4.00 418701 0.00 384.89 2631.61
11.71 8.59 100.62 287.78 4.00 418711 0.00 385.49 2632.59
11.71 8.59 100.62 288.15 4.00 418721 0.00 386.49 2633.58
11.71 8.59 100.62 288.45 4.00 418731 0.00 387.29 2634.64
11.71 8.59 100.62 288.75 4.00 418741 0.00 388.09 2635.62
11.71 8.59 100.62 289.05 4.00 418751 0.00 388.90 2636.61
11.71 8.59 100.62 289.28 4.00 418761 0.00 389.51 2637.60
11.71 8.59 100.62 289.58 4.00 418771 0.00 390.32 2638.65
11.71 8.59 100.62 289.88 4.00 418781 0.00 391.14 2639.64
11.71 8.59 100.62 290.11 4.00 418791 0.00 391.75 2640.63
11.71 8.59 100.62 290.41 4.00 418801 0.00 392.57 2641.62
11.71 8.59 100.62 290.79 4.00 418811 0.00 393.60 2642.67
11.71 8.59 100.62 291.02 4.00 418821 0.00 394.22 2643.66
11.71 8.59 100.62 291.32 4.00 418831 0.00 395.04 2644.65
11.73 8.05 94.42 291.55 4.00 418841 0.00 395.67 2645.65
11.73 8.05 94.42 291.86 4.00 418851 0.00 396.50 2646.58
11.73 8.05 94.42 292.09 4.00 418861 0.00 397.12 2647.50
11.73 8.05 94.42 292.32 4.00 418871 0.00 397.75 2648.43
11.73 8.05 94.42 292.63 4.00 418881 0.00 398.59 2649.42
11.73 8.05 94.42 292.94 4.00 418891 0.00 399.43 2650.34
11.73 8.05 94.42 293.09 4.00 418901 0.00 399.85 2651.27
11.73 8.05 94.42 293.40 4.00 418911 0.00 400.70 2652.26
11.73 8.05 94.42 293.71 4.00 418921 0.00 401.55 2653.19
11.73 8.05 94.42 293.94 4.00 418931 0.00 402.18 2654.11
11.73 8.05 94.42 294.26 4.00 418941 0.00 403.04 2655.04
11.73 8.05 94.42 294.57 4.00 418951 0.00 403.89 2656.03
11.73 8.05 94.42 294.72 4.00 418961 0.00 404.32 2656.95
11.73 8.05 94.42 294.96 4.00 418971 0.00 404.96 2657.88
11.74 7.67 90.10 295.35 4.00 418981 0.00 406.04 2658.84
11.74 7.67 90.10 295.59 4.00 418991 0.00 406.69 2659.73
11.74 7.67 90.10 295.74 4.00 419001 0.00 407.12 2660.61
11.74 7.67 90.10 296.06 4.00 419011 0.00 407.99 2661.50
11.74 7.67 90.10 296.30 4.00 419021 0.00 408.64 2662.44
11.74 7.67 90.10 296.53 4.00 419031 0.00 409.30 2663.32
11.74 7.67 90.10 296.77 4.00 419041 0.00 409.95 2664.21
11.74 7.67 90.10 297.01 4.00 419051 0.00 410.61 2665.15
11.74 7.67 90.10 297.33 4.00 419061 0.00 411.49 2666.03
11.74 7.67 90.10 297.57 4.00 419071 0.00 412.15 2666.92
11.74 7.67 90.10 297.89 4.00 419081 0.00 413.04 2667.80
11.74 7.67 90.10 298.04 4.00 419091 0.00 413.48 2668.75
11.74 7.67 90.10 298.36 4.00 419101 0.00 414.37 2669.63
11.74 7.67 90.10 298.61 4.00 419111 0.00 415.04 2670.51
11.75 7.46 87.67 298.85 4.00 419121 0.00 415.71 2671.39
11.75 7.46 87.67 299.01 4.00 419131 0.00 416.16 2672.31
11.75 7.46 87.67 299.33 4.00 419141 0.00 417.05 2673.17
11.75 7.46 87.67 299.57 4.00 419151 0.00 417.73 2674.03
11.75 7.46 87.67 299.81 4.00 419161 0.00 418.40 2674.95
11.75 7.46 87.67 300.06 4.00 419171 0.00 419.08 2675.81
11.75 7.46 87.67 300.30 4.00 419181 0.00 419.76 2676.67
11.75 7.46 87.67 300.54 4.00 419191 0.00 420.44 2677.53
11.75 7.46 87.67 300.79 4.00 419201 0.00 421.13 2678.45
11.75 7.46 87.67 301.03 4.00 419211 0.00 421.81 2679.31
11.75 7.46 87.67 301.28 4.00 419221 0.00 422.50 2680.17
11.75 7.46 87.67 301.52 4.00 419231 0.00 423.19 2681.09
11.75 7.46 87.67 301.69 4.00 419241 0.00 423.65 2681.95
11.75 7.46 87.67 302.01 4.00 419251 0.00 424.57 2682.81
11.77 6.68 78.61 302.26 4.00 419261 0.00 425.26 2683.65
11.77 6.68 78.61 302.51 4.00 419271 0.00 425.96 2684.47
11.77 6.68 78.61 302.59 4.00 419281 0.00 426.19 2685.24
11.77 6.68 78.61 302.84 4.00 419291 0.00 426.89 2686.02
11.77 6.68 78.61 303.09 4.00 419301 0.00 427.59 2686.79
11.77 6.68 78.61 303.25 4.00 419311 0.00 428.05 2687.61
11.77 6.68 78.61 303.50 4.00 419321 0.00 428.75 2688.38
11.77 6.68 78.61 303.75 4.00 419331 0.00 429.46 2689.15
11.77 6.68 78.61 304.00 4.00 419341 0.00 430.16 2689.98
11.77 6.68 78.61 304.16 4.00 419351 0.00 430.63 2690.75
11.77 6.68 78.61 304.41 4.00 419361 0.00 431.34 2691.52
11.77 6.68 78.61 304.66 4.00 419371 0.00 432.05 2692.29
11.77 6.68 78.61 304.92 4.00 419381 0.00 432.76 2693.12
11.77 6.68 78.61 305.00 4.00 419391 0.00 433.00 2693.89
11.77 6.68 78.61 305.25 4.00 419401 0.00 433.72 2694.66
11.78 6.63 78.03 305.50 4.00 419411 0.00 434.43 2695.48
11.78 6.63 78.03 305.84 4.00 419421 0.00 435.39 2696.24
11.78 6.63 78.03 306.01 4.00 419431 0.00 435.87 2697.01
11.78 6.63 78.03 306.09 4.00 419441 0.00 436.11 2697.77
11.78 6.63 78.03 306.43 4.00 419451 0.00 437.07 2698.59
11.78 6.63 78.03 306.60 4.00 419461 0.00 437.55 2699.36
11.78 6.63 78.03 306.85 4.00 419471 0.00 438.28 2700.12
11.78 6.63 78.03 307.11 4.00 419481 0.00 439.01 2700.94
11.78 6.63 78.03 307.19 4.00 419491 0.00 439.25 2701.70
11.78 6.63 78.03 307.45 4.00 419501 0.00 439.98 2702.47
11.78 6.63 78.03 307.62 4.00 419511 0.00 440.47 2703.24
11.78 6.63 78.03 307.96 4.00 419521 0.00 441.44 2704.06
11.78 6.63 78.03 308.13 4.00 419531 0.00 441.93 2704.82
11.78 6.63 78.03 308.38 4.00 419541 0.00 442.67 2705.59
11.77 6.58 77.42 308.56 4.00 419551 0.00 443.16 2706.40
11.77 6.58 77.42 308.73 4.00 419561 0.00 443.65 2707.16
11.77 6.58 77.42 308.99 4.00 419571 0.00 444.39 2707.92
11.77 6.58 77.42 309.16 4.00 419581 0.00 444.89 2708.68
11.77 6.58 77.42 309.42 4.00 419591 0.00 445.63 2709.49
11.77 6.58 77.42 309.59 4.00 419601 0.00 446.13 2710.25
11.77 6.58 77.42 309.85 4.00 419611 0.00 446.88 2711.01
11.77 6.58 77.42 310.02 4.00 419621 0.00 447.37 2711.77
11.77 6.58 77.42 310.19 4.00 419631 0.00 447.87 2712.58
11.77 6.58 77.42 310.45 4.00 419641 0.00 448.63 2713.34
11.77 6.58 77.42 310.63 4.00 419651 0.00 449.13 2714.10
11.77 6.58 77.42 310.89 4.00 419661 0.00 449.88 2714.91
11.77 6.58 77.42 311.06 4.00 419671 0.00 450.39 2715.67
11.77 6.58 77.42 311.15 4.00 419681 0.00 450.64 2716.43
11.81 5.62 66.35 311.41 4.00 419691 0.00 451.40 2717.12
11.81 5.62 66.35 311.58 4.00 419701 0.00 451.90 2717.81
11.81 5.62 66.35 311.76 4.00 419711 0.00 452.41 2718.46
11.81 5.62 66.35 312.02 4.00 419721 0.00 453.17 2719.15
11.81 5.62 66.35 312.20 4.00 419731 0.00 453.68 2719.80
11.81 5.62 66.35 312.37 4.00 419741 0.00 454.19 2720.45
11.81 5.62 66.35 312.55 4.00 419751 0.00 454.70 2721.14
11.81 5.62 66.35 312.81 4.00 419761 0.00 455.47 2721.79
11.81 5.62 66.35 312.99 4.00 419771 0.00 455.99 2722.44
11.81 5.62 66.35 313.17 4.00 419781 0.00 456.50 2723.13
11.81 5.62 66.35 313.43 4.00 419791 0.00 457.27 2723.78
11.81 5.62 66.35 313.52 4.00 419801 0.00 457.53 2724.43
11.81 5.62 66.35 313.70 4.00 419811 0.00 458.05 2725.12
11.81 5.62 66.35 313.96 4.00 419821 0.00 458.82 2725.77
11.78 6.38 75.14 314.14 4.00 419831 0.00 459.34 2726.44
11.78 6.38 75.14 314.32 4.00 419841 0.00 459.86 2727.23
11.78 6.38 75.14 314.50 4.00 419851 0.00 460.38 2727.97
11.78 6.38 75.14 314.67 4.00 419861 0.00 460.91 2728.71
11.78 6.38 75.14 314.94 4.00 419871 0.00 461.69 2729.45
11.78 6.38 75.14 315.12 4.00 419881 0.00 462.21 2730.24
11.78 6.38 75.14 315.21 4.00 419891 0.00 462.48 2730.97
11.78 6.38 75.14 315.48 4.00 419901 0.00 463.26 2731.71
11.78 6.38 75.14 315.75 4.00 419911 0.00 464.05 2732.50
11.78 6.38 75.14 315.93 4.00 419921 0.00 464.58 2733.24
11.78 6.38 75.14 316.02 4.00 419931 0.00 464.85 2733.98
11.78 6.38 75.14 316.20 4.00 419941 0.00 465.38 2734.71
11.78 6.38 75.14 316.47 4.00 419951 0.00 466.17 2735.50
11.78 6.38 75.14 316.56 4.00 419961 0.00 466.44 2736.24
11.78 5.36 63.14 316.83 4.00 419971 0.00 467.24 2736.95
11.80 5.36 63.24 316.92 4.00 419981 0.00 467.50 2737.57
11.80 5.36 63.24 317.19 4.00 419991 0.00 468.30 2738.23
11.80 5.36 63.24 317.28 4.00 420001 0.00 468.57 2738.85
11.80 5.36 63.24 317.37 4.00 420011 0.00 468.84 2739.47
11.80 5.36 63.24 317.64 4.00 420021 0.00 469.64 2740.14
11.80 5.36 63.24 317.91 4.00 420031 0.00 470.45 2740.76
11.80 5.36 63.24 318.01 4.00 420041 0.00 470.72 2741.38
11.80 5.36 63.24 318.19 4.00 420051 0.00 471.26 2742.00
11.80 5.36 63.24 318.37 4.00 420061 0.00 471.80 2742.66
11.80 5.36 63.24 318.55 4.00 420071 0.00 472.34 2743.28
11.80 5.36 63.24 318.74 4.00 420081 0.00 472.88 2743.90
11.80 5.36 63.24 318.83 4.00 420091 0.00 473.15 2744.56
11.80 5.36 63.24 319.01 4.00 420101 0.00 473.70 2745.18
11.80 5.36 63.24 319.19 4.00 420111 0.00 474.24 2745.80
11.84 5.32 62.95 319.38 4.00 420121 0.00 474.79 2746.42
11.84 5.32 62.95 319.56 4.00 420131 0.00 475.33 2747.08
11.84 5.32 62.95 319.65 4.00 420141 0.00 475.61 2747.70
11.84 5.32 62.95 319.84 4.00 420151 0.00 476.15 2748.32
11.84 5.32 62.95 320.02 4.00 420161 0.00 476.70 2748.98
11.84 5.32 62.95 320.20 4.00 420171 0.00 477.25 2749.59
11.84 5.32 62.95 320.30 4.00 420181 0.00 477.53 2750.21
11.84 5.32 62.95 320.48 4.00 420191 0.00 478.08 2750.83
11.84 5.32 62.95 320.67 4.00 420201 0.00 478.63 2751.49
11.84 5.32 62.95 320.85 4.00 420211 0.00 479.18 2752.11
11.84 5.32 62.95 320.94 4.00 420221 0.00 479.46 2752.73
11.84 5.32 62.95 321.13 4.00 420231 0.00 480.02 2753.39
11.84 5.32 62.95 321.22 4.00 420241 0.00 480.29 2754.00
11.84 5.32 62.95 321.41 4.00 420251 0.00 480.85 2754.62
11.82 4.87 57.51 321.60 4.00 420261 0.00 481.41 2755.20
11.82 4.87 57.51 321.78 4.00 420271 0.00 481.96 2755.80
11.82 4.87 57.51 321.78 4.00 420281 0.00 481.96 2756.37
11.82 4.87 57.51 322.06 4.00 420291 0.00 482.80 2756.93
11.82 4.87 57.51 322.15 4.00 420301 0.00 483.08 2757.53
11.82 4.87 57.51 322.34 4.00 420311 0.00 483.64 2758.10
11.82 4.87 57.51 322.44 4.00 420321 0.00 483.92 2758.66
11.82 4.87 57.51 322.62 4.00 420331 0.00 484.49 2759.23
11.82 4.87 57.51 322.81 4.00 420341 0.00 485.05 2759.83
11.82 4.87 57.51 322.90 4.00 420351 0.00 485.33 2760.39
11.82 4.87 57.51 323.09 4.00 420361 0.00 485.90 2760.96
11.82 4.87 57.51 323.19 4.00 420371 0.00 486.18 2761.52
11.82 4.87 57.51 323.47 4.00 420381 0.00 487.03 2762.13
11.82 4.87 57.51 323.47 4.00 420391 0.00 487.03 2762.69
11.84 4.59 54.29 323.66 4.00 420401 0.00 487.60 2763.24
11.84 4.59 54.29 323.75 4.00 420411 0.00 487.88 2763.81
11.84 4.59 54.29 323.94 4.00 420421 0.00 488.45 2764.34
11.84 4.59 54.29 324.03 4.00 420431 0.00 488.73 2764.87
11.84 4.59 54.29 324.22 4.00 420441 0.00 489.30 2765.41
11.84 4.59 54.29 324.32 4.00 420451 0.00 489.59 2765.97
11.84 4.59 54.29 324.51 4.00 420461 0.00 490.16 2766.51
11.84 4.59 54.29 324.60 4.00 420471 0.00 490.45 2767.04
11.84 4.59 54.29 324.79 4.00 420481 0.00 491.02 2767.61
11.84 4.59 54.29 324.89 4.00 420491 0.00 491.31 2768.14
11.84 4.59 54.29 325.08 4.00 420501 0.00 491.88 2768.68
11.84 4.59 54.29 325.27 4.00 420511 0.00 492.46 2769.21
11.84 4.59 54.29 325.36 4.00 420521 0.00 492.75 2769.78
11.84 4.59 54.29 325.55 4.00 420531 0.00 493.33 2770.31
11.83 4.62 54.68 325.65 4.00 420541 0.00 493.62 2770.85
11.83 4.62 54.68 325.74 4.00 420551 0.00 493.91 2771.38
11.83 4.62 54.68 325.93 4.00 420561 0.00 494.49 2771.96
11.83 4.62 54.68 326.13 4.00 420571 0.00 495.07 2772.49
11.83 4.62 54.68 326.22 4.00 420581 0.00 495.36 2773.03
11.83 4.62 54.68 326.32 4.00 420591 0.00 495.65 2773.57
11.83 4.62 54.68 326.51 4.00 420601 0.00 496.23 2774.14
11.83 4.62 54.68 326.61 4.00 420611 0.00 496.52 2774.68
11.83 4.62 54.68 326.80 4.00 420621 0.00 497.11 2775.21
11.83 4.62 54.68 326.99 4.00 420631 0.00 497.69 2775.79
11.83 4.62 54.68 327.09 4.00 420641 0.00 497.99 2776.32
11.83 4.62 54.68 327.18 4.00 420651 0.00 498.28 2776.86
11.83 4.62 54.68 327.38 4.00 420661 0.00 498.87 2777.40
11.83 4.62 54.68 327.47 4.00 420671 0.00 499.16 2777.97
11.83 4.22 49.90 327.57 4.00 420681 0.00 499.45 2778.50
11.85 4.22 49.99 327.66 4.00 420691 0.00 499.75 2778.99
11.85 4.22 49.99 327.95 4.00 420701 0.00 500.63 2779.48
11.85 4.22 49.99 328.05 4.00 420711 0.00 500.93 2780.01
11.85 4.22 49.99 328.15 4.00 420721 0.00 501.23 2780.50
11.85 4.22 49.99 328.25 4.00 420731 0.00 501.52 2780.99
11.85 4.22 49.99 328.34 4.00 420741 0.00 501.82 2781.51
11.85 4.22 49.99 328.54 4.00 420751 0.00 502.41 2782.00
11.85 4.22 49.99 328.63 4.00 420761 0.00 502.71 2782.49
11.85 4.22 49.99 328.83 4.00 420771 0.00 503.30 2782.98
11.85 4.22 49.99 328.93 4.00 420781 0.00 503.60 2783.51
11.85 4.22 49.99 329.02 4.00 420791 0.00 503.90 2784.00
11.85 4.22 49.99 329.12 4.00 420801 0.00 504.20 2784.49
11.85 4.22 49.99 329.22 4.00 420811 0.00 504.50 2785.01
11.85 4.22 49.99 329.32 4.00 420821 0.00 504.80 2785.50
11.85 3.98 47.18 329.51 4.00 420831 0.00 505.40 2785.96
11.85 3.98 47.18 329.71 4.00 420841 0.00 506.00 2786.43
11.85 3.98 47.18 329.80 4.00 420851 0.00 506.30 2786.92
11.85 3.98 47.18 329.90 4.00 420861 0.00 506.60 2787.38
11.85 3.98 47.18 330.10 4.00 420871 0.00 507.20 2787.85
11.85 3.98 47.18 330.10 4.00 420881 0.00 507.20 2788.34
11.85 3.98 47.18 330.29 4.00 420891 0.00 507.80 2788.80
11.85 3.98 47.18 330.39 4.00 420901 0.00 508.11 2789.27
11.85 3.98 47.18 330.49 4.00 420911 0.00 508.41 2789.73
11.85 3.98 47.18 330.69 4.00 420921 0.00 509.01 2790.22
11.85 3.98 47.18 330.79 4.00 420931 0.00 509.32 2790.69
11.85 3.98 47.18 330.88 4.00 420941 0.00 509.62 2791.15
11.85 3.98 47.18 330.88 4.00 420951 0.00 509.62 2791.64
11.85 3.98 47.18 331.08 4.00 420961 0.00 510.23 2792.11
11.86 3.91 46.40 331.18 4.00 420971 0.00 510.53 2792.56
11.86 3.91 46.40 331.28 4.00 420981 0.00 510.84 2793.02
11.86 3.91 46.40 331.48 4.00 420991 0.00 511.45 2793.51
11.86 3.91 46.40 331.58 4.00 421001 0.00 511.75 2793.96
11.86 3.91 46.40 331.67 4.00 421011 0.00 512.06 2794.42
11.86 3.91 46.40 331.77 4.00 421021 0.00 512.36 2794.90
11.86 3.91 46.40 331.87 4.00 421031 0.00 512.67 2795.36
11.86 3.91 46.40 332.07 4.00 421041 0.00 513.28 2795.81
11.86 3.91 46.40 332.07 4.00 421051 0.00 513.28 2796.27
11.86 3.91 46.40 332.27 4.00 421061 0.00 513.90 2796.75
11.86 3.91 46.40 332.37 4.00 421071 0.00 514.20 2797.21
11.86 3.91 46.40 332.47 4.00 421081 0.00 514.51 2797.66
11.86 3.91 46.40 332.67 4.00 421091 0.00 515.13 2798.15
11.86 3.91 46.40 332.67 4.00 421101 0.00 515.13 2798.61
11.86 3.72 44.11 332.77 4.00 421111 0.00 515.44 2799.05
11.86 3.72 44.11 332.87 4.00 421121 0.00 515.74 2799.48
11.86 3.72 44.11 333.07 4.00 421131 0.00 516.36 2799.94
11.86 3.72 44.11 333.17 4.00 421141 0.00 516.67 2800.38
11.86 3.72 44.11 333.27 4.00 421151 0.00 516.98 2800.81
11.86 3.72 44.11 333.47 4.00 421161 0.00 517.60 2801.24
11.86 3.72 44.11 333.57 4.00 421171 0.00 517.91 2801.71
11.86 3.72 44.11 333.57 4.00 421181 0.00 517.91 2802.14
11.86 3.72 44.11 333.67 4.00 421191 0.00 518.23 2802.57
11.86 3.72 44.11 333.87 4.00 421201 0.00 518.85 2803.01
11.86 3.72 44.11 333.97 4.00 421211 0.00 519.16 2803.47
11.86 3.72 44.11 333.97 4.00 421221 0.00 519.16 2803.90
11.86 3.72 44.11 334.17 4.00 421231 0.00 519.79 2804.33
11.86 3.72 44.11 334.17 4.00 421241 0.00 519.79 2804.80
11.87 3.25 38.63 334.27 4.00 421251 0.00 520.10 2805.21
11.87 3.25 38.63 334.47 4.00 421261 0.00 520.72 2805.59
11.87 3.25 38.63 334.47 4.00 421271 0.00 520.72 2805.99
11.87 3.25 38.63 334.67 4.00 421281 0.00 521.35 2806.37
11.87 3.25 38.63 334.67 4.00 421291 0.00 521.35 2806.75
11.87 3.25 38.63 334.87 4.00 421301 0.00 521.98 2807.15
11.87 3.25 38.63 334.97 4.00 421311 0.00 522.30 2807.53
11.87 3.25 38.63 335.08 4.00 421321 0.00 522.61 2807.91
11.87 3.25 38.63 335.18 4.00 421331 0.00 522.93 2808.31
11.87 3.25 38.63 335.18 4.00 421341 0.00 522.93 2808.69
11.87 3.25 38.63 335.28 4.00 421351 0.00 523.24 2809.06
11.87 3.25 38.63 335.38 4.00 421361 0.00 523.56 2809.47
11.87 3.25 38.63 335.58 4.00 421371 0.00 524.19 2809.84
11.87 3.25 38.63 335.68 4.00 421381 0.00 524.51 2810.22
11.87 3.38 40.10 335.68 4.00 421391 0.00 524.51 2810.63
11.88 3.38 40.14 335.78 4.00 421401 0.00 524.82 2811.02
11.88 3.38 40.14 335.89 4.00 421411 0.00 525.14 2811.41
11.88 3.38 40.14 335.99 4.00 421421 0.00 525.46 2811.84
11.88 3.38 40.14 336.09 4.00 421431 0.00 525.78 2812.23
11.88 3.38 40.14 336.19 4.00 421441 0.00 526.10 2812.62
11.88 3.38 40.14 336.39 4.00 421451 0.00 526.73 2813.02
11.88 3.38 40.14 336.39 4.00 421461 0.00 526.73 2813.44
11.88 3.38 40.14 336.50 4.00 421471 0.00 527.05 2813.83
11.88 3.38 40.14 336.60 4.00 421481 0.00 527.37 2814.23
11.88 3.38 40.14 336.70 4.00 421491 0.00 527.69 2814.62
11.88 3.38 40.14 336.80 4.00 421501 0.00 528.01 2815.04
11.88 3.38 40.14 336.90 4.00 421511 0.00 528.33 2815.43
11.88 3.38 40.14 337.01 4.00 421521 0.00 528.65 2815.83
11.88 3.38 40.14 337.11 4.00 421531 0.00 528.97 2816.25
11.87 3.11 36.91 337.11 4.00 421541 0.00 528.97 2816.61
11.87 3.11 36.91 337.31 4.00 421551 0.00 529.62 2816.97
11.87 3.11 36.91 337.31 4.00 421561 0.00 529.62 2817.34
11.87 3.11 36.91 337.42 4.00 421571 0.00 529.94 2817.72
11.87 3.11 36.91 337.52 4.00 421581 0.00 530.26 2818.09
11.87 3.11 36.91 337.62 4.00 421591 0.00 530.58 2818.45
11.87 3.11 36.91 337.83 4.00 421601 0.00 531.23 2818.81
11.87 3.11 36.91 337.83 4.00 421611 0.00 531.23 2819.20
11.87 3.11 36.91 337.93 4.00 421621 0.00 531.55 2819.56
11.87 3.11 36.91 337.83 4.00 421631 0.00 531.23 2819.92
11.87 3.11 36.91 338.03 4.00 421641 0.00 531.87 2820.31
11.87 3.11 36.91 338.13 4.00 421651 0.00 532.20 2820.67
11.87 3.11 36.91 338.24 4.00 421661 0.00 532.52 2821.04
11.87 3.11 36.91 338.34 4.00 421671 0.00 532.85 2821.40
11.87 3.00 35.60 338.44 4.00 421681 0.00 533.17 2821.78
11.87 3.00 35.60 338.55 4.00 421691 0.00 533.49 2822.13
11.87 3.00 35.60 338.65 4.00 421701 0.00 533.82 2822.47
11.87 3.00 35.60 338.75 4.00 421711 0.00 534.15 2822.82
11.87 3.00 35.60 338.86 4.00 421721 0.00 534.47 2823.20
11.87 3.00 35.60 338.86 4.00 421731 0.00 534.47 2823.55
11.87 3.00 35.60 338.96 4.00 421741 0.00 534.80 2823.90
11.87 3.00 35.60 339.06 4.00 421751 0.00 535.12 2824.27
11.87 3.00 35.60 339.17 4.00 421761 0.00 535.45 2824.62
11.87 3.00 35.60 339.17 4.00 421771 0.00 535.45 2824.97
11.87 3.00 35.60 339.27 4.00 421781 0.00 535.78 2825.32
11.87 3.00 35.60 339.37 4.00 421791 0.00 536.11 2825.69
11.87 3.00 35.60 339.48 4.00 421801 0.00 536.43 2826.04
11.87 3.00 35.60 339.48 4.00 421811 0.00 536.43 2826.39
11.89 2.97 35.37 339.69 4.00 421821 0.00 537.09 2826.76
11.89 2.97 35.37 339.79 4.00 421831 0.00 537.42 2827.11
11.89 2.97 35.37 339.89 4.00 421841 0.00 537.75 2827.45
11.89 2.97 35.37 339.89 4.00 421851 0.00 537.75 2827.80
11.89 2.97 35.37 340.00 4.00 421861 0.00 538.08 2828.17
11.89 2.97 35.37 340.10 4.00 421871 0.00 538.41 2828.52
11.89 2.97 35.37 340.21 4.00 421881 0.00 538.73 2828.86
11.89 2.97 35.37 340.21 4.00 421891 0.00 538.73 2829.24
11.89 2.97 35.37 340.31 4.00 421901 0.00 539.07 2829.58
11.89 2.97 35.37 340.41 4.00 421911 0.00 539.40 2829.93
11.89 2.97 35.37 340.52 4.00 421921 0.00 539.73 2830.28
11.89 2.97 35.37 340.62 4.00 421931 0.00 540.06 2830.65
11.89 2.97 35.37 340.62 4.00 421941 0.00 540.06 2830.99
11.89 2.97 35.37 340.73 4.00 421951 0.00 540.39 2831.34
11.89 2.76 32.87 340.83 4.00 421961 0.00 540.72 2831.68
11.89 2.76 32.87 340.94 4.00 421971 0.00 541.05 2832.03
11.89 2.76 32.87 341.04 4.00 421981 0.00 541.38 2832.35
11.89 2.76 32.87 341.04 4.00 421991 0.00 541.38 2832.67
11.89 2.76 32.87 341.15 4.00 422001 0.00 541.72 2833.02
11.89 2.76 32.87 341.15 4.00 422011 0.00 541.72 2833.34
11.89 2.76 32.87 341.25 4.00 422021 0.00 542.05 2833.66
11.89 2.76 32.87 341.36 4.00 422031 0.00 542.38 2833.99
11.89 2.76 32.87 341.36 4.00 422041 0.00 542.38 2834.33
11.89 2.76 32.87 341.46 4.00 422051 0.00 542.72 2834.65
11.89 2.76 32.87 341.57 4.00 422061 0.00 543.05 2834.98
11.89 2.76 32.87 341.67 4.00 422071 0.00 543.38 2835.30
11.89 2.76 32.87 341.67 4.00 422081 0.00 543.38 2835.64
11.89 2.76 32.87 341.78 4.00 422091 0.00 543.72 2835.97
11.89 2.73 32.51 341.88 4.00 422101 0.00 544.05 2836.29
11.89 2.73 32.52 341.99 4.00 422111 0.00 544.39 2836.61
11.89 2.73 32.52 342.09 4.00 422121 0.00 544.72 2836.95
11.89 2.73 32.52 342.09 4.00 422131 0.00 544.72 2837.27
11.89 2.73 32.52 342.20 4.00 422141 0.00 545.06 2837.59
11.89 2.73 32.52 342.30 4.00 422151 0.00 545.39 2837.93
11.89 2.73 32.52 342.30 4.00 422161 0.00 545.39 2838.25
11.89 2.73 32.52 342.41 4.00 422171 0.00 545.73 2838.57
11.89 2.73 32.52 342.51 4.00 422181 0.00 546.07 2838.89
11.89 2.73 32.52 342.62 4.00 422191 0.00 546.40 2839.23
11.89 2.73 32.52 342.62 4.00 422201 0.00 546.40 2839.55
11.89 2.73 32.52 342.72 4.00 422211 0.00 546.74 2839.87
11.89 2.73 32.52 342.83 4.00 422221 0.00 547.08 2840.19
11.89 2.73 32.52 342.83 4.00 422231 0.00 547.08 2840.53
11.89 2.73 32.52 342.94 4.00 422241 0.00 547.42 2840.85
11.90 2.61 31.04 342.94 4.00 422251 0.00 547.42 2841.15
11.90 2.61 31.04 343.15 4.00 422261 0.00 548.09 2841.48
11.90 2.61 31.04 343.15 4.00 422271 0.00 548.09 2841.78
11.90 2.61 31.04 343.25 4.00 422281 0.00 548.43 2842.09
11.90 2.61 31.04 343.36 4.00 422291 0.00 548.77 2842.39
11.90 2.61 31.04 343.36 4.00 422301 0.00 548.77 2842.72
11.90 2.61 31.04 343.47 4.00 422311 0.00 549.11 2843.02
11.90 2.61 31.04 343.57 4.00 422321 0.00 549.45 2843.32
11.90 2.61 31.04 343.57 4.00 422331 0.00 549.45 2843.65
11.90 2.61 31.04 343.68 4.00 422341 0.00 549.79 2843.95
11.90 2.61 31.04 343.78 4.00 422351 0.00 550.13 2844.26
11.90 2.61 31.04 343.78 4.00 422361 0.00 550.13 2844.56
11.90 2.61 31.04 343.89 4.00 422371 0.00 550.47 2844.89
11.90 2.61 31.04 344.00 4.00 422381 0.00 550.81 2845.19
11.90 2.56 30.47 344.00 4.00 422391 0.00 550.81 2845.49
11.90 2.56 30.47 344.10 4.00 422401 0.00 551.15 2845.81
11.90 2.56 30.47 344.10 4.00 422411 0.00 551.15 2846.11
11.90 2.56 30.47 344.21 4.00 422421 0.00 551.49 2846.41
11.90 2.56 30.47 344.21 4.00 422431 0.00 551.49 2846.72
11.90 2.56 30.47 344.32 4.00 422441 0.00 551.84 2847.02
11.90 2.56 30.47 344.42 4.00 422451 0.00 552.18 2847.32
11.90 2.56 30.47 344.53 4.00 422461 0.00 552.52 2847.64
11.90 2.56 30.47 344.53 4.00 422471 0.00 552.52 2847.94
11.90 2.56 30.47 344.64 4.00 422481 0.00 552.86 2848.23
11.90 2.56 30.47 344.74 4.00 422491 0.00 553.21 2848.55
11.90 2.56 30.47 344.85 4.00 422501 0.00 553.55 2848.85
11.90 2.56 30.47 344.85 4.00 422511 0.00 553.55 2849.15
11.90 2.56 30.47 344.85 4.00 422521 0.00 553.55 2849.47
11.90 2.41 28.64 344.85 4.00 422531 0.00 553.55 2849.76
11.90 2.41 28.64 345.07 4.00 422541 0.00 554.24 2850.04
11.90 2.41 28.64 345.17 4.00 422551 0.00 554.58 2850.34
11.90 2.41 28.64 345.17 4.00 422561 0.00 554.58 2850.62
11.90 2.41 28.64 345.28 4.00 422571 0.00 554.93 2850.90
11.90 2.41 28.64 345.28 4.00 422581 0.00 554.93 2851.18
11.90 2.41 28.64 345.39 4.00 422591 0.00 555.27 2851.48
11.90 2.41 28.64 345.49 4.00 422601 0.00 555.62 2851.76
11.90 2.41 28.64 345.49 4.00 422611 0.00 555.62 2852.04
11.90 2.41 28.64 345.60 4.00 422621 0.00 555.96 2852.34
11.90 2.41 28.64 345.60 4.00 422631 0.00 555.96 2852.62
11.90 2.41 28.64 345.71 4.00 422641 0.00 556.31 2852.90
11.90 2.41 28.64 345.71 4.00 422651 0.00 556.31 2853.19
11.90 2.41 28.64 345.92 4.00 422661 0.00 557.00 2853.49
11.91 2.37 28.24 345.82 4.00 422671 0.00 556.66 2853.77
11.91 2.37 28.24 345.92 4.00 422681 0.00 557.00 2854.04
11.91 2.37 28.24 345.92 4.00 422691 0.00 557.00 2854.34
11.91 2.37 28.24 346.14 4.00 422701 0.00 557.70 2854.61
11.91 2.37 28.24 346.03 4.00 422711 0.00 557.35 2854.89
11.91 2.37 28.24 346.25 4.00 422721 0.00 558.04 2855.17
11.91 2.37 28.24 346.36 4.00 422731 0.00 558.39 2855.46
11.91 2.37 28.24 346.25 4.00 422741 0.00 558.04 2855.74
11.91 2.37 28.24 346.36 4.00 422751 0.00 558.39 2856.02
11.91 2.37 28.24 346.46 4.00 422761 0.00 558.74 2856.30
11.91 2.37 28.24 346.46 4.00 422771 0.00 558.74 2856.59
11.91 2.37 28.24 346.57 4.00 422781 0.00 559.09 2856.87
11.91 2.37 28.24 346.57 4.00 422791 0.00 559.09 2857.15
11.91 2.37 28.24 346.68 4.00 422801 0.00 559.44 2857.44
11.91 2.27 27.06 346.68 4.00 422811 0.00 559.44 2857.72
11.91 2.27 27.07 346.79 4.00 422821 0.00 559.79 2857.98
11.91 2.27 27.07 346.90 4.00 422831 0.00 560.14 2858.25
11.91 2.27 27.07 346.90 4.00 422841 0.00 560.14 2858.53
11.91 2.27 27.07 347.01 4.00 422851 0.00 560.49 2858.80
11.91 2.27 27.07 347.01 4.00 422861 0.00 560.49 2859.06
11.91 2.27 27.07 347.11 4.00 422871 0.00 560.84 2859.35
11.91 2.27 27.07 347.22 4.00 422881 0.00 561.19 2859.61
11.91 2.27 27.07 347.22 4.00 422891 0.00 561.19 2859.88
11.91 2.27 27.07 347.33 4.00 422901 0.00 561.54 2860.14
11.91 2.27 27.07 347.33 4.00 422911 0.00 561.54 2860.43
11.91 2.27 27.07 347.33 4.00 422921 0.00 561.54 2860.69
11.91 2.27 27.07 347.44 4.00 422931 0.00 561.89 2860.96
11.91 2.27 27.07 347.55 4.00 422941 0.00 562.24 2861.24
11.91 2.27 27.07 347.55 4.00 422951 0.00 562.24 2861.51
11.91 2.35 27.97 347.66 4.00 422961 0.00 562.59 2861.78
11.91 2.35 27.97 347.66 4.00 422971 0.00 562.59 2862.06
11.91 2.35 27.97 347.77 4.00 422981 0.00 562.94 2862.35
11.91 2.35 27.97 347.77 4.00 422991 0.00 562.94 2862.62
11.91 2.35 27.97 347.87 4.00 423001 0.00 563.30 2862.90
11.91 2.35 27.97 347.87 4.00 423011 0.00 563.30 2863.17
11.91 2.35 27.97 347.98 4.00 423021 0.00 563.65 2863.47
11.91 2.35 27.97 348.09 4.00 423031 0.00 564.00 2863.74
11.91 2.35 27.97 348.20 4.00 423041 0.00 564.36 2864.02
11.91 2.35 27.97 348.20 4.00 423051 0.00 564.36 2864.31
11.91 2.35 27.97 348.31 4.00 423061 0.00 564.71 2864.58
11.91 2.35 27.97 348.20 4.00 423071 0.00 564.36 2864.86
11.91 2.35 27.97 348.31 4.00 423081 0.00 564.71 2865.13
11.91 2.35 27.97 348.31 4.00 423091 0.00 564.71 2865.43
11.91 2.10 25.03 348.42 4.00 423101 0.00 565.07 2865.68
11.91 2.10 25.03 348.53 4.00 423111 0.00 565.42 2865.93
11.91 2.10 25.03 348.53 4.00 423121 0.00 565.42 2866.19
11.91 2.10 25.03 348.64 4.00 423131 0.00 565.77 2866.43
11.91 2.10 25.03 348.75 4.00 423141 0.00 566.13 2866.68
11.91 2.10 25.03 348.75 4.00 423151 0.00 566.13 2866.93
11.91 2.10 25.03 348.75 4.00 423161 0.00 566.13 2867.19
11.91 2.10 25.03 348.86 4.00 423171 0.00 566.49 2867.43
11.91 2.10 25.03 348.86 4.00 423181 0.00 566.49 2867.68
11.91 2.10 25.03 348.97 4.00 423191 0.00 566.84 2867.94
11.91 2.10 25.03 348.97 4.00 423201 0.00 566.84 2868.19
11.91 2.10 25.03 349.08 4.00 423211 0.00 567.20 2868.43
11.91 2.10 25.03 349.08 4.00 423221 0.00 567.20 2868.68
11.91 2.10 25.03 349.19 4.00 423231 0.00 567.55 2868.94
11.91 2.07 24.62 349.19 4.00 423241 0.00 567.55 2869.18
11.91 2.07 24.62 349.30 4.00 423251 0.00 567.91 2869.42
11.91 2.07 24.62 349.30 4.00 423261 0.00 567.91 2869.68
11.91 2.07 24.62 349.41 4.00 423271 0.00 568.27 2869.92
11.91 2.07 24.62 349.41 4.00 423281 0.00 568.27 2870.17
11.91 2.07 24.62 349.52 4.00 423291 0.00 568.63 2870.41
11.91 2.07 24.62 349.52 4.00 423301 0.00 568.63 2870.67
11.91 2.07 24.62 349.52 4.00 423311 0.00 568.63 2870.91
11.91 2.07 24.62 349.52 4.00 423321 0.00 568.63 2871.15
11.91 2.07 24.62 349.63 4.00 423331 0.00 568.98 2871.39
11.91 2.07 24.62 349.74 4.00 423341 0.00 569.34 2871.65
11.91 2.07 24.62 349.74 4.00 423351 0.00 569.34 2871.89
11.91 2.07 24.62 349.85 4.00 423361 0.00 569.70 2872.13
11.91 2.07 24.62 349.85 4.00 423371 0.00 569.70 2872.39
11.91 2.10 25.01 349.96 4.00 423381 0.00 570.06 2872.63
11.91 2.10 25.01 350.07 4.00 423391 0.00 570.42 2872.88
11.91 2.10 25.01 350.07 4.00 423401 0.00 570.42 2873.12
11.91 2.10 25.01 350.07 4.00 423411 0.00 570.42 2873.38
11.91 2.10 25.01 350.07 4.00 423421 0.00 570.42 2873.63
11.91 2.10 25.01 350.18 4.00 423431 0.00 570.78 2873.87
11.91 2.10 25.01 350.29 4.00 423441 0.00 571.14 2874.14
11.91 2.10 25.01 350.29 4.00 423451 0.00 571.14 2874.38
11.91 2.10 25.01 350.29 4.00 423461 0.00 571.14 2874.63
11.91 2.10 25.01 350.40 4.00 423471 0.00 571.50 2874.89
11.91 2.10 25.01 350.51 4.00 423481 0.00 571.86 2875.13
11.91 2.10 25.01 350.51 4.00 423491 0.00 571.86 2875.38
11.91 2.10 25.01 350.62 4.00 423501 0.00 572.22 2875.63
11.91 2.10 25.01 350.51 4.00 423511 0.00 571.86 2875.89
11.91 1.92 22.84 350.62 4.00 423521 0.00 572.22 2876.13
11.92 1.92 22.84 350.73 4.00 423531 0.00 572.58 2876.36
11.92 1.92 22.84 350.73 4.00 423541 0.00 572.58 2876.58
11.92 1.92 22.84 350.84 4.00 423551 0.00 572.94 2876.82
11.92 1.92 22.84 350.73 4.00 423561 0.00 572.58 2877.04
11.92 1.92 22.84 350.84 4.00 423571 0.00 572.94 2877.27
11.92 1.92 22.84 350.95 4.00 423581 0.00 573.30 2877.51
11.92 1.92 22.84 350.95 4.00 423591 0.00 573.30 2877.73
11.92 1.92 22.84 351.06 4.00 423601 0.00 573.67 2877.96
11.92 1.92 22.84 351.06 4.00 423611 0.00 573.67 2878.18
11.92 1.92 22.84 351.17 4.00 423621 0.00 574.03 2878.42
11.92 1.92 22.84 351.28 4.00 423631 0.00 574.39 2878.64
11.92 1.92 22.84 351.17 4.00 423641 0.00 574.03 2878.87
11.92 1.92 22.84 351.17 4.00 423651 0.00 574.03 2879.09
11.92 1.92 22.84 351.40 4.00 423661 0.00 574.76 2879.33
11.92 1.84 21.93 351.28 4.00 423671 0.00 574.39 2879.55
11.92 1.84 21.93 351.51 4.00 423681 0.00 575.12 2879.76
11.92 1.84 21.93 351.51 4.00 423691 0.00 575.12 2880.00
11.92 1.84 21.93 351.51 4.00 423701 0.00 575.12 2880.21
11.92 1.84 21.93 351.51 4.00 423711 0.00 575.12 2880.43
11.92 1.84 21.93 351.62 4.00 423721 0.00 575.48 2880.64
11.92 1.84 21.93 351.73 4.00 423731 0.00 575.85 2880.87
11.92 1.84 21.93 351.73 4.00 423741 0.00 575.85 2881.09
11.92 1.84 21.93 351.73 4.00 423751 0.00 575.85 2881.30
11.92 1.84 21.93 351.73 4.00 423761 0.00 575.85 2881.52
11.92 1.84 21.93 351.84 4.00 423771 0.00 576.21 2881.75
11.92 1.84 21.93 351.84 4.00 423781 0.00 576.21 2881.96
11.92 1.84 21.93 351.84 4.00 423791 0.00 576.21 2882.18
11.92 1.84 21.93 351.95 4.00 423801 0.00 576.58 2882.41
11.92 1.83 21.86 351.95 4.00 423811 0.00 576.58 2882.62
11.92 1.83 21.86 352.06 4.00 423821 0.00 576.94 2882.84
11.92 1.83 21.86 352.06 4.00 423831 0.00 576.94 2883.06
11.92 1.83 21.86 352.06 4.00 423841 0.00 576.94 2883.28
11.92 1.83 21.86 352.17 4.00 423851 0.00 577.31 2883.49
11.92 1.83 21.86 352.17 4.00 423861 0.00 577.31 2883.72
11.92 1.83 21.86 352.17 4.00 423871 0.00 577.31 2883.93
11.92 1.83 21.86 352.29 4.00 423881 0.00 577.68 2884.15
11.92 1.83 21.86 352.29 4.00 423891 0.00 577.68 2884.37
11.92 1.83 21.86 352.29 4.00 423901 0.00 577.68 2884.59
11.92 1.83 21.86 352.40 4.00 423911 0.00 578.04 2884.80
11.92 1.83 21.86 352.40 4.00 423921 0.00 578.04 2885.03
11.92 1.83 21.86 352.51 4.00 423931 0.00 578.41 2885.24
11.92 1.83 21.86 352.51 4.00 423941 0.00 578.41 2885.46
11.92 1.67 19.97 352.51 4.00 423951 0.00 578.41 2885.68
11.92 1.67 19.97 352.62 4.00 423961 0.00 578.78 2885.87
11.92 1.67 19.97 352.62 4.00 423971 0.00 578.78 2886.07
11.92 1.67 19.97 352.62 4.00 423981 0.00 578.78 2886.27
11.92 1.67 19.97 352.73 4.00 423991 0.00 579.14 2886.47
11.92 1.67 19.97 352.73 4.00 424001 0.00 579.14 2886.67
11.92 1.67 19.97 352.73 4.00 424011 0.00 579.14 2886.87
11.92 1.67 19.97 352.85 4.00 424021 0.00 579.51 2887.07
11.92 1.67 19.97 352.85 4.00 424031 0.00 579.51 2887.26
11.92 1.67 19.97 352.96 4.00 424041 0.00 579.88 2887.47
11.92 1.67 19.97 352.96 4.00 424051 0.00 579.88 2887.67
11.92 1.67 19.97 352.96 4.00 424061 0.00 579.88 2887.86
11.92 1.67 19.97 353.07 4.00 424071 0.00 580.25 2888.07
11.92 1.67 19.97 353.07 4.00 424081 0.00 580.25 2888.27
11.92 1.84 21.88 353.07 4.00 424091 0.00 580.25 2888.47
11.92 1.84 21.88 353.18 4.00 424101 0.00 580.62 2888.69
11.92 1.84 21.88 353.18 4.00 424111 0.00 580.62 2888.91
11.92 1.84 21.88 353.18 4.00 424121 0.00 580.62 2889.12
11.92 1.84 21.88 353.29 4.00 424131 0.00 580.99 2889.35
11.92 1.84 21.88 353.41 4.00 424141 0.00 581.36 2889.57
11.92 1.84 21.88 353.41 4.00 424151 0.00 581.36 2889.78
11.92 1.84 21.88 353.41 4.00 424161 0.00 581.36 2890.00
11.92 1.84 21.88 353.52 4.00 424171 0.00 581.73 2890.23
11.92 1.84 21.88 353.52 4.00 424181 0.00 581.73 2890.44
11.92 1.84 21.88 353.52 4.00 424191 0.00 581.73 2890.66
11.92 1.84 21.88 353.63 4.00 424201 0.00 582.10 2890.87
11.92 1.84 21.88 353.63 4.00 424211 0.00 582.10 2891.10
11.92 1.84 21.88 353.63 4.00 424221 0.00 582.10 2891.32
11.92 1.65 19.68 353.74 4.00 424231 0.00 582.47 2891.53
11.93 1.65 19.69 353.74 4.00 424241 0.00 582.47 2891.72
11.93 1.65 19.69 353.86 4.00 424251 0.00 582.84 2891.93
11.93 1.65 19.69 353.86 4.00 424261 0.00 582.84 2892.12
11.93 1.65 19.69 353.86 4.00 424271 0.00 582.84 2892.32
11.93 1.65 19.69 353.86 4.00 424281 0.00 582.84 2892.52
11.93 1.65 19.69 353.97 4.00 424291 0.00 583.21 2892.72
11.93 1.65 19.69 353.97 4.00 424301 0.00 583.21 2892.91
11.93 1.65 19.69 353.97 4.00 424311 0.00 583.21 2893.10
11.93 1.65 19.69 354.08 4.00 424321 0.00 583.58 2893.31
11.93 1.65 19.69 354.08 4.00 424331 0.00 583.58 2893.50
11.93 1.65 19.69 354.20 4.00 424341 0.00 583.95 2893.69
11.93 1.65 19.69 354.20 4.00 424351 0.00 583.95 2893.90
11.93 1.65 19.69 354.20 4.00 424361 0.00 583.95 2894.09
11.93 1.65 19.69 354.20 4.00 424371 0.00 583.95 2894.29
11.93 1.60 19.08 354.31 4.00 424381 0.00 584.33 2894.48
11.93 1.60 19.08 354.31 4.00 424391 0.00 584.33 2894.68
11.93 1.60 19.08 354.31 4.00 424401 0.00 584.33 2894.86
11.93 1.60 19.08 354.42 4.00 424411 0.00 584.70 2895.05
11.93 1.60 19.08 354.42 4.00 424421 0.00 584.70 2895.24
11.93 1.60 19.08 354.42 4.00 424431 0.00 584.70 2895.44
11.93 1.60 19.08 354.53 4.00 424441 0.00 585.07 2895.63
11.93 1.60 19.08 354.53 4.00 424451 0.00 585.07 2895.81
11.93 1.60 19.08 354.53 4.00 424461 0.00 585.07 2896.01
11.93 1.60 19.08 354.65 4.00 424471 0.00 585.45 2896.20
11.93 1.60 19.08 354.65 4.00 424481 0.00 585.45 2896.39
11.93 1.60 19.08 354.65 4.00 424491 0.00 585.45 2896.57
11.93 1.60 19.08 354.65 4.00 424501 0.00 585.45 2896.77
11.93 1.60 19.08 354.76 4.00 424511 0.00 585.82 2896.96
11.93 1.57 18.78 354.76 4.00 424521 0.00 585.82 2897.15
11.93 1.57 18.78 354.87 4.00 424531 0.00 586.19 2897.34
11.93 1.57 18.78 354.87 4.00 424541 0.00 586.19 2897.53
11.93 1.57 18.78 354.87 4.00 424551 0.00 586.19 2897.71
11.93 1.57 18.78 354.87 4.00 424561 0.00 586.19 2897.90
11.93 1.57 18.78 354.99 4.00 424571 0.00 586.57 2898.09
11.93 1.57 18.78 354.99 4.00 424581 0.00 586.57 2898.28
11.93 1.57 18.78 354.99 4.00 424591 0.00 586.57 2898.46
11.93 1.57 18.78 355.10 4.00 424601 0.00 586.94 2898.66
11.93 1.57 18.78 355.10 4.00 424611 0.00 586.94 2898.84
11.93 1.57 18.78 355.10 4.00 424621 0.00 586.94 2899.03
11.93 1.57 18.78 355.21 4.00 424631 0.00 587.32 2899.21
11.93 1.57 18.78 355.21 4.00 424641 0.00 587.32 2899.41
11.93 1.57 18.78 355.21 4.00 424651 0.00 587.32 2899.59
11.93 1.54 18.38 355.33 4.00 424661 0.00 587.69 2899.78
11.93 1.54 18.38 355.33 4.00 424671 0.00 587.69 2899.96
11.93 1.54 18.38 355.33 4.00 424681 0.00 587.69 2900.15
11.93 1.54 18.38 355.21 4.00 424691 0.00 587.32 2900.33
11.93 1.54 18.38 355.33 4.00 424701 0.00 587.69 2900.51
11.93 1.54 18.38 355.44 4.00 424711 0.00 588.07 2900.69
11.93 1.54 18.38 355.44 4.00 424721 0.00 588.07 2900.88
11.93 1.54 18.38 355.56 4.00 424731 0.00 588.45 2901.06
11.93 1.54 18.38 355.56 4.00 424741 0.00 588.45 2901.24
11.93 1.54 18.38 355.56 4.00 424751 0.00 588.45 2901.44
11.93 1.54 18.38 355.56 4.00 424761 0.00 588.45 2901.62
11.93 1.54 18.38 355.67 4.00 424771 0.00 588.82 2901.80
11.93 1.54 18.38 355.67 4.00 424781 0.00 588.82 2901.98
11.93 1.54 18.38 355.67 4.00 424791 0.00 588.82 2902.17
11.93 1.51 18.01 355.67 4.00 424801 0.00 588.82 2902.35
11.93 1.51 18.01 355.67 4.00 424811 0.00 588.82 2902.53
11.93 1.51 18.01 355.90 4.00 424821 0.00 589.58 2902.71
11.93 1.51 18.01 355.78 4.00 424831 0.00 589.20 2902.89
11.93 1.51 18.01 355.90 4.00 424841 0.00 589.58 2903.07
11.93 1.51 18.01 356.01 4.00 424851 0.00 589.96 2903.25
11.93 1.51 18.01 355.90 4.00 424861 0.00 589.58 2903.44
11.93 1.51 18.01 356.01 4.00 424871 0.00 589.96 2903.61
11.93 1.51 18.01 356.01 4.00 424881 0.00 589.96 2903.79
11.93 1.51 18.01 356.01 4.00 424891 0.00 589.96 2903.98
11.93 1.51 18.01 356.01 4.00 424901 0.00 589.96 2904.15
11.93 1.51 18.01 356.13 4.00 424911 0.00 590.33 2904.33
11.93 1.51 18.01 356.13 4.00 424921 0.00 590.33 2904.51
11.93 1.51 18.01 356.24 4.00 424931 0.00 590.71 2904.70
11.93 1.45 17.34 356.13 4.00 424941 0.00 590.33 2904.87
11.93 1.45 17.35 356.24 4.00 424951 0.00 590.71 2905.04
11.93 1.45 17.35 356.24 4.00 424961 0.00 590.71 2905.21
11.93 1.45 17.35 356.24 4.00 424971 0.00 590.71 2905.40
11.93 1.45 17.35 356.35 4.00 424981 0.00 591.09 2905.57
11.93 1.45 17.35 356.35 4.00 424991 0.00 591.09 2905.74
11.93 1.45 17.35 356.35 4.00 425001 0.00 591.09 2905.92
11.93 1.45 17.35 356.47 4.00 425011 0.00 591.47 2906.09
11.93 1.45 17.35 356.35 4.00 425021 0.00 591.09 2906.26
11.93 1.45 17.35 356.47 4.00 425031 0.00 591.47 2906.43
11.93 1.45 17.35 356.47 4.00 425041 0.00 591.47 2906.61
11.93 1.45 17.35 356.58 4.00 425051 0.00 591.85 2906.78
11.93 1.45 17.35 356.58 4.00 425061 0.00 591.85 2906.95
11.93 1.45 17.35 356.58 4.00 425071 0.00 591.85 2907.12
11.93 1.45 17.35 356.58 4.00 425081 0.00 591.85 2907.30
11.93 1.45 17.35 356.58 4.00 425091 0.00 591.85 2907.47
11.93 1.45 17.35 356.70 4.00 425101 0.00 592.23 2907.64
11.93 1.45 17.35 356.70 4.00 425111 0.00 592.23 2907.83
11.93 1.45 17.35 356.70 4.00 425121 0.00 592.23 2908.00
11.93 1.45 17.35 356.70 4.00 425131 0.00 592.23 2908.17
11.93 1.45 17.35 356.81 4.00 425141 0.00 592.61 2908.34
11.93 1.45 17.35 356.81 4.00 425151 0.00 592.61 2908.52
11.93 1.45 17.35 356.93 4.00 425161 0.00 592.99 2908.69
11.93 1.45 17.35 356.81 4.00 425171 0.00 592.61 2908.86
11.93 1.45 17.35 356.93 4.00 425181 0.00 592.99 2909.03
11.93 1.45 17.35 356.93 4.00 425191 0.00 592.99 2909.21
11.93 1.45 17.35 356.93 4.00 425201 0.00 592.99 2909.38
11.93 1.45 17.35 357.04 4.00 425211 0.00 593.37 2909.55
11.93 1.45 17.35 356.93 4.00 425221 0.00 592.99 2909.73
11.94 1.36 16.25 357.04 4.00 425231 0.00 593.37 2909.90
11.94 1.36 16.25 357.04 4.00 425241 0.00 593.37 2910.06
11.94 1.36 16.25 357.04 4.00 425251 0.00 593.37 2910.22
11.94 1.36 16.25 357.04 4.00 425261 0.00 593.37 2910.39
11.94 1.36 16.25 357.16 4.00 425271 0.00 593.76 2910.55
11.94 1.36 16.25 357.16 4.00 425281 0.00 593.76 2910.71
11.94 1.36 16.25 357.16 4.00 425291 0.00 593.76 2910.87
11.94 1.36 16.25 357.16 4.00 425301 0.00 593.76 2911.04
11.94 1.36 16.25 357.27 4.00 425311 0.00 594.14 2911.20
11.94 1.36 16.25 357.27 4.00 425321 0.00 594.14 2911.35
11.94 1.36 16.25 357.39 4.00 425331 0.00 594.52 2911.52
11.94 1.36 16.25 357.39 4.00 425341 0.00 594.52 2911.68
11.94 1.36 16.25 357.39 4.00 425351 0.00 594.52 2911.84
11.94 1.36 16.25 357.50 4.00 425361 0.00 594.90 2912.00
11.94 1.35 16.06 357.39 4.00 425371 0.00 594.52 2912.17
11.94 1.35 16.06 357.39 4.00 425381 0.00 594.52 2912.33
11.94 1.35 16.06 357.50 4.00 425391 0.00 594.90 2912.49
11.94 1.35 16.06 357.50 4.00 425401 0.00 594.90 2912.65
11.94 1.35 16.06 357.50 4.00 425411 0.00 594.90 2912.81
11.94 1.35 16.06 357.62 4.00 425421 0.00 595.29 2912.97
11.94 1.35 16.06 357.62 4.00 425431 0.00 595.29 2913.13
11.94 1.35 16.06 357.62 4.00 425441 0.00 595.29 2913.30
11.94 1.35 16.06 357.62 4.00 425451 0.00 595.29 2913.46
11.94 1.35 16.06 357.62 4.00 425461 0.00 595.29 2913.61
11.94 1.35 16.06 357.62 4.00 425471 0.00 595.29 2913.77
11.94 1.35 16.06 357.73 4.00 425481 0.00 595.67 2913.94
11.94 1.35 16.06 357.85 4.00 425491 0.00 596.05 2914.10
11.94 1.35 16.06 357.85 4.00 425501 0.00 596.05 2914.25
11.94 1.30 15.57 357.85 4.00 425511 0.00 596.05 2914.42
11.94 1.30 15.57 357.85 4.00 425521 0.00 596.05 2914.57
11.94 1.30 15.57 357.85 4.00 425531 0.00 596.05 2914.73
11.94 1.30 15.57 357.85 4.00 425541 0.00 596.05 2914.88
11.94 1.30 15.57 357.85 4.00 425551 0.00 596.05 2915.04
11.94 1.30 15.57 357.96 4.00 425561 0.00 596.44 2915.20
11.94 1.30 15.57 357.96 4.00 425571 0.00 596.44 2915.35
11.94 1.30 15.57 357.96 4.00 425581 0.00 596.44 2915.50
11.94 1.30 15.57 358.08 4.00 425591 0.00 596.82 2915.66
11.94 1.30 15.57 357.96 4.00 425601 0.00 596.44 2915.82
11.94 1.30 15.57 358.08 4.00 425611 0.00 596.82 2915.97
11.94 1.30 15.57 357.96 4.00 425621 0.00 596.44 2916.13
11.94 1.30 15.57 358.08 4.00 425631 0.00 596.82 2916.29
11.94 1.30 15.57 358.19 4.00 425641 0.00 597.21 2916.44
11.94 1.30 15.57 358.19 4.00 425651 0.00 597.21 2916.59
11.94 1.26 15.09 358.08 4.00 425661 0.00 596.82 2916.75
11.94 1.26 15.09 358.19 4.00 425671 0.00 597.21 2916.90
11.94 1.26 15.09 358.19 4.00 425681 0.00 597.21 2917.04
11.94 1.26 15.09 358.19 4.00 425691 0.00 597.21 2917.20
11.94 1.26 15.09 358.31 4.00 425701 0.00 597.59 2917.35
11.94 1.26 15.09 358.31 4.00 425711 0.00 597.59 2917.50
11.94 1.26 15.09 358.31 4.00 425721 0.00 597.59 2917.65
11.94 1.26 15.09 358.31 4.00 425731 0.00 597.59 2917.81
11.94 1.26 15.09 358.31 4.00 425741 0.00 597.59 2917.95
11.94 1.26 15.09 358.42 4.00 425751 0.00 597.98 2918.10
11.94 1.26 15.09 358.42 4.00 425761 0.00 597.98 2918.26
11.94 1.26 15.09 358.42 4.00 425771 0.00 597.98 2918.41
11.94 1.26 15.09 358.42 4.00 425781 0.00 597.98 2918.56
11.94 1.26 15.09 358.42 4.00 425791 0.00 597.98 2918.70
11.94 1.24 14.83 358.42 4.00 425801 0.00 597.98 2918.86
11.94 1.24 14.83 358.54 4.00 425811 0.00 598.36 2919.01
11.94 1.24 14.83 358.65 4.00 425821 0.00 598.75 2919.15
11.94 1.24 14.83 358.54 4.00 425831 0.00 598.36 2919.31
11.94 1.24 14.83 358.54 4.00 425841 0.00 598.36 2919.45
11.94 1.24 14.83 358.54 4.00 425851 0.00 598.36 2919.60
11.94 1.24 14.83 358.65 4.00 425861 0.00 598.75 2919.74
11.94 1.24 14.83 358.65 4.00 425871 0.00 598.75 2919.90
11.94 1.24 14.83 358.65 4.00 425881 0.00 598.75 2920.04
11.94 1.24 14.83 358.65 4.00 425891 0.00 598.75 2920.19
11.94 1.24 14.83 358.77 4.00 425901 0.00 599.14 2920.34
11.94 1.24 14.83 358.77 4.00 425911 0.00 599.14 2920.49
11.94 1.24 14.83 358.77 4.00 425921 0.00 599.14 2920.64
11.94 1.24 14.83 358.77 4.00 425931 0.00 599.14 2920.78
11.94 1.20 14.34 358.77 4.00 425941 0.00 599.14 2920.93
11.94 1.20 14.34 358.77 4.00 425951 0.00 599.14 2921.08
11.94 1.20 14.34 358.89 4.00 425961 0.00 599.52 2921.22
11.94 1.20 14.34 358.89 4.00 425971 0.00 599.52 2921.36
11.94 1.20 14.34 358.89 4.00 425981 0.00 599.52 2921.51
11.94 1.20 14.34 359.00 4.00 425991 0.00 599.91 2921.65
11.94 1.20 14.34 358.89 4.00 426001 0.00 599.52 2921.79
11.94 1.20 14.34 359.00 4.00 426011 0.00 599.91 2921.94
11.94 1.20 14.34 359.00 4.00 426021 0.00 599.91 2922.08
11.94 1.20 14.34 359.00 4.00 426031 0.00 599.91 2922.22
11.94 1.20 14.34 359.00 4.00 426041 0.00 599.91 2922.36
11.94 1.20 14.34 359.00 4.00 426051 0.00 599.91 2922.51
11.94 1.20 14.34 359.12 4.00 426061 0.00 600.30 2922.65
11.94 1.20 14.34 359.12 4.00 426071 0.00 600.30 2922.79
11.94 1.22 14.54 359.12 4.00 426081 0.00 600.30 2922.94
11.94 1.22 14.54 359.23 4.00 426091 0.00 600.69 2923.09
11.94 1.22 14.54 359.23 4.00 426101 0.00 600.69 2923.23
11.94 1.22 14.54 359.23 4.00 426111 0.00 600.69 2923.37
11.94 1.22 14.54 359.23 4.00 426121 0.00 600.69 2923.52
11.94 1.22 14.54 359.23 4.00 426131 0.00 600.69 2923.67
11.94 1.22 14.54 359.35 4.00 426141 0.00 601.08 2923.81
11.94 1.22 14.54 359.23 4.00 426151 0.00 600.69 2923.96
11.94 1.22 14.54 359.23 4.00 426161 0.00 600.69 2924.10
11.94 1.22 14.54 359.23 4.00 426171 0.00 600.69 2924.25
11.94 1.22 14.54 359.35 4.00 426181 0.00 601.08 2924.39
11.94 1.22 14.54 359.35 4.00 426191 0.00 601.08 2924.54
11.94 1.22 14.54 359.35 4.00 426201 0.00 601.08 2924.68
11.94 1.22 14.54 359.47 4.00 426211 0.00 601.46 2924.83
11.94 1.15 13.78 359.35 4.00 426221 0.00 601.08 2924.97
11.94 1.15 13.79 359.47 4.00 426231 0.00 601.46 2925.11
11.94 1.15 13.79 359.58 4.00 426241 0.00 601.85 2925.25
11.94 1.15 13.79 359.47 4.00 426251 0.00 601.46 2925.38
11.94 1.15 13.79 359.58 4.00 426261 0.00 601.85 2925.53
11.94 1.15 13.79 359.58 4.00 426271 0.00 601.85 2925.66
11.94 1.15 13.79 359.58 4.00 426281 0.00 601.85 2925.80
11.94 1.15 13.79 359.58 4.00 426291 0.00 601.85 2925.94
11.94 1.15 13.79 359.58 4.00 426301 0.00 601.85 2926.08
11.94 1.15 13.79 359.58 4.00 426311 0.00 601.85 2926.22
11.94 1.15 13.79 359.58 4.00 426321 0.00 601.85 2926.35
11.94 1.15 13.79 359.70 4.00 426331 0.00 602.24 2926.49
11.94 1.15 13.79 359.70 4.00 426341 0.00 602.24 2926.63
11.94 1.15 13.79 359.70 4.00 426351 0.00 602.24 2926.77
11.94 1.15 13.79 359.70 4.00 426361 0.00 602.24 2926.90
11.94 1.10 13.18 359.82 4.00 426371 0.00 602.63 2927.03
11.94 1.10 13.18 359.82 4.00 426381 0.00 602.63 2927.17
11.94 1.10 13.18 359.82 4.00 426391 0.00 602.63 2927.30
11.94 1.10 13.18 359.82 4.00 426401 0.00 602.63 2927.43
11.94 1.10 13.18 359.82 4.00 426411 0.00 602.63 2927.57
11.94 1.10 13.18 359.82 4.00 426421 0.00 602.63 2927.70
11.94 1.10 13.18 359.82 4.00 426431 0.00 602.63 2927.82
11.94 1.10 13.18 359.82 4.00 426441 0.00 602.63 2927.95
11.94 1.10 13.18 359.93 4.00 426451 0.00 603.02 2928.09
11.94 1.10 13.18 359.93 4.00 426461 0.00 603.02 2928.22
11.94 1.10 13.18 360.05 4.00 426471 0.00 603.41 2928.35
11.94 1.10 13.18 359.93 4.00 426481 0.00 603.02 2928.49
11.94 1.10 13.18 359.93 4.00 426491 0.00 603.02 2928.62
11.94 1.10 13.18 359.93 4.00 426501 0.00 603.02 2928.75
11.94 1.14 13.64 360.05 4.00 426511 0.00 603.41 2928.88
11.94 1.14 13.64 360.05 4.00 426521 0.00 603.41 2929.02
11.94 1.14 13.64 360.05 4.00 426531 0.00 603.41 2929.16
11.94 1.14 13.64 360.05 4.00 426541 0.00 603.41 2929.29
11.94 1.14 13.64 360.05 4.00 426551 0.00 603.41 2929.43
11.94 1.14 13.64 360.17 4.00 426561 0.00 603.81 2929.57
11.94 1.14 13.64 360.17 4.00 426571 0.00 603.81 2929.70
11.94 1.14 13.64 360.17 4.00 426581 0.00 603.81 2929.84
11.94 1.14 13.64 360.17 4.00 426591 0.00 603.81 2929.98
11.94 1.14 13.64 360.17 4.00 426601 0.00 603.81 2930.11
11.94 1.14 13.64 360.17 4.00 426611 0.00 603.81 2930.25
11.94 1.14 13.64 360.28 4.00 426621 0.00 604.20 2930.38
11.94 1.14 13.64 360.28 4.00 426631 0.00 604.20 2930.52
11.94 1.14 13.64 360.28 4.00 426641 0.00 604.20 2930.66
11.94 1.05 12.59 360.28 4.00 426651 0.00 604.20 2930.78
11.94 1.05 12.59 360.28 4.00 426661 0.00 604.20 2930.92
11.94 1.05 12.59 360.28 4.00 426671 0.00 604.20 2931.04
11.94 1.05 12.59 360.40 4.00 426681 0.00 604.59 2931.16
11.94 1.05 12.59 360.28 4.00 426691 0.00 604.20 2931.29
11.94 1.05 12.59 360.28 4.00 426701 0.00 604.20 2931.42
11.94 1.05 12.59 360.28 4.00 426711 0.00 604.20 2931.54
11.94 1.05 12.59 360.40 4.00 426721 0.00 604.59 2931.67
11.94 1.05 12.59 360.40 4.00 426731 0.00 604.59 2931.80
11.94 1.05 12.59 360.52 4.00 426741 0.00 604.98 2931.92
11.94 1.05 12.59 360.40 4.00 426751 0.00 604.59 2932.05
11.94 1.05 12.59 360.40 4.00 426761 0.00 604.59 2932.17
11.94 1.05 12.59 360.40 4.00 426771 0.00 604.59 2932.30
11.94 1.05 12.59 360.52 4.00 426781 0.00 604.98 2932.42
11.94 1.05 12.59 360.40 4.00 426791 0.00 604.59 2932.55
11.94 1.05 12.59 360.52 4.00 426801 0.00 604.98 2932.68
11.94 1.05 12.59 360.52 4.00 426811 0.00 604.98 2932.80
11.94 1.05 12.59 360.52 4.00 426821 0.00 604.98 2932.93
11.94 1.05 12.59 360.63 4.00 426831 0.00 605.37 2933.05
11.94 1.05 12.59 360.52 4.00 426841 0.00 604.98 2933.18
11.94 1.05 12.59 360.63 4.00 426851 0.00 605.37 2933.31
11.94 1.05 12.59 360.52 4.00 426861 0.00 604.98 2933.43
11.94 1.05 12.59 360.63 4.00 426871 0.00 605.37 2933.55
11.94 1.05 12.59 360.63 4.00 426881 0.00 605.37 2933.69
11.94 1.05 12.59 360.63 4.00 426891 0.00 605.37 2933.81
11.94 1.05 12.59 360.75 4.00 426901 0.00 605.77 2933.93
11.94 1.05 12.59 360.75 4.00 426911 0.00 605.77 2934.06
11.94 1.05 12.59 360.63 4.00 426921 0.00 605.37 2934.19
11.94 1.00 11.95 360.63 4.00 426931 0.00 605.37 2934.31
11.95 1.00 11.95 360.75 4.00 426941 0.00 605.77 2934.43
11.95 1.00 11.95 360.75 4.00 426951 0.00 605.77 2934.55
11.95 1.00 11.95 360.75 4.00 426961 0.00 605.77 2934.67
11.95 1.00 11.95 360.75 4.00 426971 0.00 605.77 2934.79
11.95 1.00 11.95 360.87 4.00 426981 0.00 606.16 2934.91
11.95 1.00 11.95 360.75 4.00 426991 0.00 605.77 2935.03
11.95 1.00 11.95 360.87 4.00 427001 0.00 606.16 2935.15
11.95 1.00 11.95 360.87 4.00 427011 0.00 606.16 2935.27
11.95 1.00 11.95 360.87 4.00 427021 0.00 606.16 2935.39
11.95 1.00 11.95 360.87 4.00 427031 0.00 606.16 2935.51
11.95 1.00 11.95 360.87 4.00 427041 0.00 606.16 2935.63
11.95 1.00 11.95 360.87 4.00 427051 0.00 606.16 2935.74
11.95 1.00 11.95 360.98 4.00 427061 0.00 606.56 2935.87
11.95 1.00 11.95 360.87 4.00 427071 0.00 606.16 2935.99
11.94 1.09 13.03 360.98 4.00 427081 0.00 606.56 2936.11
11.94 1.09 13.03 360.98 4.00 427091 0.00 606.56 2936.25
11.94 1.09 13.03 361.10 4.00 427101 0.00 606.95 2936.38
11.94 1.09 13.03 360.98 4.00 427111 0.00 606.56 2936.51
11.94 1.09 13.03 361.10 4.00 427121 0.00 606.95 2936.63
11.94 1.09 13.03 360.98 4.00 427131 0.00 606.56 2936.77
11.94 1.09 13.03 361.10 4.00 427141 0.00 606.95 2936.90
11.94 1.09 13.03 361.10 4.00 427151 0.00 606.95 2937.03
11.94 1.09 13.03 361.10 4.00 427161 0.00 606.95 2937.15
11.94 1.09 13.03 361.10 4.00 427171 0.00 606.95 2937.29
11.94 1.09 13.03 361.10 4.00 427181 0.00 606.95 2937.42
11.94 1.09 13.03 361.10 4.00 427191 0.00 606.95 2937.55
11.94 1.09 13.03 361.22 4.00 427201 0.00 607.34 2937.68
11.94 1.09 13.03 361.22 4.00 427211 0.00 607.34 2937.81
11.95 0.99 11.85 361.22 4.00 427221 0.00 607.34 2937.93
11.95 0.99 11.85 361.22 4.00 427231 0.00 607.34 2938.05
11.95 0.99 11.85 361.22 4.00 427241 0.00 607.34 2938.17
11.95 0.99 11.85 361.22 4.00 427251 0.00 607.34 2938.29
11.95 0.99 11.85 361.34 4.00 427261 0.00 607.74 2938.40
11.95 0.99 11.85 361.34 4.00 427271 0.00 607.74 2938.53
11.95 0.99 11.85 361.22 4.00 427281 0.00 607.34 2938.64
11.95 0.99 11.85 361.22 4.00 427291 0.00 607.34 2938.76
11.95 0.99 11.85 361.34 4.00 427301 0.00 607.74 2938.88
11.95 0.99 11.85 361.34 4.00 427311 0.00 607.74 2939.00
11.95 0.99 11.85 361.34 4.00 427321 0.00 607.74 2939.12
11.95 0.99 11.85 361.22 4.00 427331 0.00 607.34 2939.23
11.95 0.99 11.85 361.34 4.00 427341 0.00 607.74 2939.35
11.95 0.99 11.85 361.34 4.00 427351 0.00 607.74 2939.47
11.95 0.97 11.57 361.34 4.00 427361 0.00 607.74 2939.59
11.95 0.97 11.57 361.34 4.00 427371 0.00 607.74 2939.70
