11.98 0.02 0.24 315.66 4.00 382080 0.00 463.79 1896.38
11.98 0.02 0.24 315.57 4.00 382090 0.00 463.53 1896.39
11.98 0.02 0.24 315.57 4.00 382100 0.00 463.53 1896.39
11.98 0.02 0.24 315.57 4.00 382110 0.00 463.53 1896.39
11.98 0.02 0.24 315.48 4.00 382120 0.00 463.26 1896.39
11.98 0.02 0.24 315.57 4.00 382130 0.00 463.53 1896.40
11.98 0.02 0.24 315.57 4.00 382140 0.00 463.53 1896.40
11.98 0.02 0.24 315.57 4.00 382150 0.00 463.53 1896.40
11.98 0.02 0.24 315.48 4.00 382160 0.00 463.26 1896.40
11.98 0.02 0.24 315.30 4.00 382170 0.00 462.74 1896.41
11.98 0.02 0.24 302.18 4.00 389514 0.00 425.03 1898.17
11.98 0.02 0.24 302.01 4.00 389524 0.00 424.57 1898.17
11.98 0.02 0.24 302.01 4.00 389534 0.00 424.57 1898.18
11.98 0.02 0.24 302.18 4.00 389544 0.00 425.03 1898.18
11.98 0.02 0.24 301.85 4.00 389554 0.00 424.11 1898.18
11.98 0.02 0.24 301.93 4.00 389564 0.00 424.34 1898.18
11.98 0.02 0.24 302.01 4.00 389574 0.00 424.57 1898.19
11.98 0.02 0.24 301.85 4.00 389584 0.00 424.11 1898.19
11.98 0.02 0.24 301.77 4.00 389594 0.00 423.88 1898.19
11.98 0.02 0.24 301.93 4.00 389604 0.00 424.34 1898.19
11.98 0.02 0.24 301.85 4.00 389614 0.00 424.11 1898.20
11.98 0.02 0.24 301.85 4.00 389624 0.00 424.11 1898.20
11.98 0.02 0.24 301.77 4.00 389634 0.00 423.88 1898.20
11.98 0.02 0.24 301.85 4.00 389644 0.00 424.11 1898.20
11.98 0.02 0.24 301.77 4.00 389654 0.00 423.88 1898.21
11.98 0.02 0.24 301.85 4.00 389664 0.00 424.11 1898.21
11.98 0.02 0.24 301.69 4.00 389674 0.00 423.65 1898.21
11.98 0.02 0.24 301.77 4.00 389684 0.00 423.88 1898.21
11.98 0.02 0.24 301.77 4.00 389694 0.00 423.88 1898.22
11.98 0.02 0.24 301.60 4.00 389704 0.00 423.42 1898.22
11.98 0.02 0.24 301.77 4.00 389714 0.00 423.88 1898.22
11.98 0.02 0.24 301.77 4.00 389724 0.00 423.88 1898.22
11.98 0.02 0.24 301.60 4.00 389734 0.00 423.42 1898.23
11.98 0.02 0.24 301.44 4.00 389744 0.00 422.96 1898.23
11.98 0.02 0.24 301.52 4.00 389754 0.00 423.19 1898.23
11.98 0.02 0.24 301.60 4.00 389764 0.00 423.42 1898.23
11.98 0.02 0.24 301.52 4.00 389774 0.00 423.19 1898.24
11.98 0.02 0.24 301.60 4.00 389784 0.00 423.42 1898.24
11.98 0.02 0.24 301.69 4.00 389794 0.00 423.65 1898.24
11.98 0.02 0.24 301.52 4.00 389804 0.00 423.19 1898.24
11.98 0.02 0.24 301.52 4.00 389814 0.00 423.19 1898.24
11.98 0.02 0.24 301.28 4.00 389824 0.00 422.50 1898.25
11.98 0.02 0.24 301.44 4.00 389834 0.00 422.96 1898.25
11.98 0.02 0.24 301.52 4.00 389844 0.00 423.19 1898.25
11.98 0.02 0.24 301.44 4.00 389854 0.00 422.96 1898.25
11.98 0.02 0.24 301.44 4.00 389864 0.00 422.96 1898.26
11.98 0.02 0.24 301.52 4.00 389874 0.00 423.19 1898.26
11.98 0.02 0.24 301.36 4.00 389884 0.00 422.73 1898.26
11.98 0.02 0.24 301.36 4.00 389894 0.00 422.73 1898.26
11.98 0.02 0.24 301.28 4.00 389904 0.00 422.50 1898.27
11.98 0.02 0.24 301.28 4.00 389914 0.00 422.50 1898.27
11.98 0.02 0.24 301.36 4.00 389924 0.00 422.73 1898.27
11.98 0.02 0.24 301.28 4.00 389934 0.00 422.50 1898.27
11.98 0.02 0.24 301.20 4.00 389944 0.00 422.27 1898.28
11.98 0.02 0.24 301.28 4.00 389954 0.00 422.50 1898.28
11.98 0.02 0.24 301.11 4.00 389964 0.00 422.04 1898.28
11.98 0.02 0.24 301.20 4.00 389974 0.00 422.27 1898.28
11.98 0.02 0.24 301.20 4.00 389984 0.00 422.27 1898.29
11.98 0.02 0.24 301.11 4.00 389994 0.00 422.04 1898.29
11.98 0.02 0.24 301.20 4.00 390004 0.00 422.27 1898.29
11.98 0.02 0.24 301.20 4.00 390014 0.00 422.27 1898.29
11.98 0.02 0.24 301.20 4.00 390024 0.00 422.27 1898.30
11.98 0.02 0.24 301.11 4.00 390034 0.00 422.04 1898.30
11.98 0.02 0.24 301.11 4.00 390044 0.00 422.04 1898.30
11.98 0.02 0.24 301.11 4.00 390054 0.00 422.04 1898.30
11.98 0.02 0.24 301.03 4.00 390064 0.00 421.81 1898.30
11.98 0.02 0.24 300.87 4.00 390074 0.00 421.36 1898.31
11.98 0.02 0.24 301.03 4.00 390084 0.00 421.81 1898.31
11.98 0.02 0.24 300.95 4.00 390094 0.00 421.58 1898.31
11.98 0.02 0.24 301.11 4.00 390104 0.00 422.04 1898.31
11.98 0.02 0.24 301.03 4.00 390114 0.00 421.81 1898.32
11.98 0.02 0.24 300.95 4.00 390124 0.00 421.58 1898.32
11.98 0.02 0.24 300.79 4.00 390134 0.00 421.13 1898.32
11.98 0.02 0.24 300.95 4.00 390144 0.00 421.58 1898.32
11.98 0.02 0.24 300.95 4.00 390154 0.00 421.58 1898.33
11.98 0.02 0.24 300.87 4.00 390164 0.00 421.36 1898.33
11.98 0.02 0.24 300.79 4.00 390174 0.00 421.13 1898.33
11.98 0.02 0.24 300.79 4.00 390184 0.00 421.13 1898.33
11.98 0.02 0.24 300.87 4.00 390194 0.00 421.36 1898.34
11.98 0.02 0.24 300.79 4.00 390204 0.00 421.13 1898.34
11.98 0.02 0.24 300.79 4.00 390214 0.00 421.13 1898.34
11.98 0.02 0.24 300.79 4.00 390224 0.00 421.13 1898.34
11.98 0.02 0.24 300.79 4.00 390234 0.00 421.13 1898.35
11.98 0.02 0.24 300.71 4.00 390244 0.00 420.90 1898.35
11.98 0.02 0.24 300.71 4.00 390254 0.00 420.90 1898.35
11.98 0.02 0.24 300.79 4.00 390264 0.00 421.13 1898.35
11.98 0.02 0.24 300.71 4.00 390274 0.00 420.90 1898.36
11.98 0.02 0.24 300.71 4.00 390284 0.00 420.90 1898.36
11.98 0.02 0.30 300.71 4.00 390294 0.00 420.90 1898.36
11.98 0.02 0.30 300.54 4.00 390304 0.00 420.44 1898.36
11.98 0.02 0.30 300.54 4.00 390314 0.00 420.44 1898.37
11.98 0.02 0.30 300.46 4.00 390324 0.00 420.22 1898.37
11.98 0.02 0.30 300.63 4.00 390334 0.00 420.67 1898.37
11.98 0.02 0.30 300.46 4.00 390344 0.00 420.22 1898.38
11.98 0.02 0.30 300.46 4.00 390354 0.00 420.22 1898.38
11.98 0.02 0.30 300.54 4.00 390364 0.00 420.44 1898.38
11.98 0.02 0.30 300.71 4.00 390374 0.00 420.90 1898.38
11.98 0.02 0.30 300.54 4.00 390384 0.00 420.44 1898.39
11.98 0.02 0.30 300.46 4.00 390394 0.00 420.22 1898.39
11.98 0.02 0.30 300.54 4.00 390404 0.00 420.44 1898.39
11.98 0.02 0.30 300.54 4.00 390414 0.00 420.44 1898.40
11.98 0.02 0.30 300.54 4.00 390424 0.00 420.44 1898.40
10.85 2.36 25.56 300.63 4.00 390434 0.00 420.67 1898.59
10.85 2.36 25.56 300.71 4.00 390444 0.00 420.90 1898.84
10.85 2.36 25.56 300.71 4.00 390454 0.00 420.90 1899.09
10.85 2.36 25.56 300.71 4.00 390464 0.00 420.90 1899.36
10.85 2.36 25.56 300.79 4.00 390474 0.00 421.13 1899.61
10.85 2.36 25.56 300.95 4.00 390484 0.00 421.58 1899.86
10.85 2.36 25.56 300.95 4.00 390494 0.00 421.58 1900.13
10.85 2.36 25.56 301.11 4.00 390504 0.00 422.04 1900.38
10.85 2.36 25.56 301.03 4.00 390514 0.00 421.81 1900.63
10.85 2.36 25.56 301.20 4.00 390524 0.00 422.27 1900.88
10.85 2.36 25.56 301.28 4.00 390534 0.00 422.50 1901.15
10.85 2.36 25.56 301.44 4.00 390544 0.00 422.96 1901.40
10.85 2.36 25.56 301.52 4.00 390554 0.00 423.19 1901.65
10.85 2.36 25.56 301.60 4.00 390564 0.00 423.42 1901.92
10.42 3.20 33.33 301.60 4.00 390574 0.00 423.42 1902.21
10.42 3.20 33.33 301.69 4.00 390584 0.00 423.65 1902.54
10.42 3.20 33.33 301.77 4.00 390594 0.00 423.88 1902.87
10.42 3.20 33.33 301.93 4.00 390604 0.00 424.34 1903.22
10.42 3.20 33.33 301.85 4.00 390614 0.00 424.11 1903.54
10.42 3.20 33.33 302.01 4.00 390624 0.00 424.57 1903.87
10.42 3.20 33.33 302.10 4.00 390634 0.00 424.80 1904.22
10.42 3.20 33.33 302.18 4.00 390644 0.00 425.03 1904.55
10.42 3.20 33.33 302.26 4.00 390654 0.00 425.26 1904.87
10.42 3.20 33.33 302.34 4.00 390664 0.00 425.49 1905.20
10.42 3.20 33.33 302.43 4.00 390674 0.00 425.73 1905.55
10.42 3.20 33.33 302.59 4.00 390684 0.00 426.19 1905.88
10.42 3.20 33.33 302.67 4.00 390694 0.00 426.42 1906.21
10.42 3.20 33.33 302.76 4.00 390704 0.00 426.65 1906.53
9.80 3.14 30.79 302.84 4.00 390714 0.00 426.89 1906.88
9.80 3.14 30.79 302.92 4.00 390724 0.00 427.12 1907.18
9.80 3.14 30.79 303.00 4.00 390734 0.00 427.35 1907.48
9.80 3.14 30.79 303.00 4.00 390744 0.00 427.35 1907.80
9.80 3.14 30.79 303.17 4.00 390754 0.00 427.82 1908.11
9.80 3.14 30.79 303.17 4.00 390764 0.00 427.82 1908.41
9.80 3.14 30.79 303.33 4.00 390774 0.00 428.29 1908.71
9.80 3.14 30.79 303.25 4.00 390784 0.00 428.05 1909.03
9.80 3.14 30.79 303.50 4.00 390794 0.00 428.75 1909.34
9.80 3.14 30.79 303.50 4.00 390804 0.00 428.75 1909.64
9.80 3.14 30.79 303.67 4.00 390814 0.00 429.22 1909.96
9.80 3.14 30.79 303.75 4.00 390824 0.00 429.46 1910.26
9.80 3.14 30.79 303.91 4.00 390834 0.00 429.93 1910.57
9.80 3.14 30.79 303.91 4.00 390844 0.00 429.93 1910.87
9.80 3.25 31.88 304.00 4.00 390854 0.00 430.16 1911.19
10.10 3.25 32.84 304.25 4.00 390864 0.00 430.87 1911.51
10.10 3.25 32.84 304.16 4.00 390874 0.00 430.63 1911.84
10.10 3.25 32.84 304.25 4.00 390884 0.00 430.87 1912.16
10.10 3.25 32.84 304.33 4.00 390894 0.00 431.11 1912.50
10.10 3.25 32.84 304.41 4.00 390904 0.00 431.34 1912.82
10.10 3.25 32.84 304.50 4.00 390914 0.00 431.58 1913.15
10.10 3.25 32.84 304.58 4.00 390924 0.00 431.82 1913.49
10.10 3.25 32.84 304.58 4.00 390934 0.00 431.82 1913.81
10.10 3.25 32.84 304.75 4.00 390944 0.00 432.29 1914.13
10.10 3.25 32.84 304.75 4.00 390954 0.00 432.29 1914.46
10.10 3.25 32.84 304.92 4.00 390964 0.00 432.76 1914.80
10.10 3.25 32.84 305.08 4.00 390974 0.00 433.24 1915.12
10.10 3.25 32.84 304.92 4.00 390984 0.00 432.76 1915.45
10.10 3.25 32.84 305.25 4.00 390994 0.00 433.72 1915.79
10.23 3.10 31.72 305.33 4.00 391004 0.00 433.95 1916.10
10.23 3.10 31.72 305.33 4.00 391014 0.00 433.95 1916.41
10.23 3.10 31.72 305.33 4.00 391024 0.00 433.95 1916.72
10.23 3.10 31.72 305.50 4.00 391034 0.00 434.43 1917.06
10.23 3.10 31.72 305.67 4.00 391044 0.00 434.91 1917.37
10.23 3.10 31.72 305.67 4.00 391054 0.00 434.91 1917.68
10.23 3.10 31.72 305.67 4.00 391064 0.00 434.91 1918.01
10.23 3.10 31.72 305.84 4.00 391074 0.00 435.39 1918.32
10.23 3.10 31.72 305.84 4.00 391084 0.00 435.39 1918.63
10.23 3.10 31.72 306.01 4.00 391094 0.00 435.87 1918.95
10.23 3.10 31.72 306.09 4.00 391104 0.00 436.11 1919.28
10.23 3.10 31.72 306.34 4.00 391114 0.00 436.83 1919.59
10.23 3.10 31.72 306.18 4.00 391124 0.00 436.35 1919.90
10.23 3.10 31.72 306.34 4.00 391134 0.00 436.83 1920.23
9.70 3.24 31.39 306.43 4.00 391144 0.00 437.07 1920.54
9.70 3.24 31.39 306.51 4.00 391154 0.00 437.31 1920.85
9.70 3.24 31.39 306.68 4.00 391164 0.00 437.80 1921.16
9.70 3.24 31.39 306.60 4.00 391174 0.00 437.55 1921.49
9.70 3.24 31.39 306.68 4.00 391184 0.00 437.80 1921.80
9.70 3.24 31.39 306.77 4.00 391194 0.00 438.04 1922.10
9.70 3.24 31.39 307.02 4.00 391204 0.00 438.76 1922.43
9.70 3.24 31.39 307.02 4.00 391214 0.00 438.76 1922.74
9.70 3.24 31.39 307.11 4.00 391224 0.00 439.01 1923.05
9.70 3.24 31.39 307.11 4.00 391234 0.00 439.01 1923.36
9.70 3.24 31.39 307.19 4.00 391244 0.00 439.25 1923.68
9.70 3.24 31.39 307.45 4.00 391254 0.00 439.98 1923.99
9.70 3.24 31.39 307.28 4.00 391264 0.00 439.49 1924.30
9.70 3.24 31.39 307.53 4.00 391274 0.00 440.22 1924.63
10.29 3.20 32.95 307.53 4.00 391284 0.00 440.22 1924.94
10.29 3.20 32.95 307.62 4.00 391294 0.00 440.47 1925.27
10.29 3.20 32.95 307.70 4.00 391304 0.00 440.71 1925.59
10.29 3.20 32.95 307.87 4.00 391314 0.00 441.20 1925.93
10.29 3.20 32.95 307.87 4.00 391324 0.00 441.20 1926.26
10.29 3.20 32.95 307.96 4.00 391334 0.00 441.44 1926.58
10.29 3.20 32.95 308.04 4.00 391344 0.00 441.69 1926.92
10.29 3.20 32.95 307.96 4.00 391354 0.00 441.44 1927.25
10.29 3.20 32.95 308.21 4.00 391364 0.00 442.18 1927.57
10.29 3.20 32.95 308.13 4.00 391374 0.00 441.93 1927.89
10.29 3.20 32.95 308.30 4.00 391384 0.00 442.42 1928.24
10.29 3.20 32.95 308.38 4.00 391394 0.00 442.67 1928.56
10.29 3.20 32.95 308.56 4.00 391404 0.00 443.16 1928.89
10.29 3.20 32.95 308.56 4.00 391414 0.00 443.16 1929.23
9.97 3.12 31.14 308.64 4.00 391424 0.00 443.41 1929.55
9.97 3.12 31.14 308.73 4.00 391434 0.00 443.65 1929.86
9.97 3.12 31.14 308.81 4.00 391444 0.00 443.90 1930.16
9.97 3.12 31.14 308.90 4.00 391454 0.00 444.15 1930.49
9.97 3.12 31.14 308.99 4.00 391464 0.00 444.39 1930.79
9.97 3.12 31.14 309.07 4.00 391474 0.00 444.64 1931.10
9.97 3.12 31.14 309.16 4.00 391484 0.00 444.89 1931.41
9.97 3.12 31.14 309.24 4.00 391494 0.00 445.14 1931.73
9.97 3.12 31.14 309.24 4.00 391504 0.00 445.14 1932.04
9.97 3.12 31.14 309.42 4.00 391514 0.00 445.63 1932.34
9.97 3.12 31.14 309.50 4.00 391524 0.00 445.88 1932.67
9.97 3.12 31.14 309.50 4.00 391534 0.00 445.88 1932.97
9.97 3.12 31.14 309.59 4.00 391544 0.00 446.13 1933.28
9.97 3.12 31.14 309.59 4.00 391554 0.00 446.13 1933.59
9.97 3.22 32.14 309.76 4.00 391564 0.00 446.63 1933.91
10.19 3.22 32.83 309.85 4.00 391574 0.00 446.88 1934.24
10.19 3.22 32.83 309.93 4.00 391584 0.00 447.13 1934.56
10.19 3.22 32.83 310.11 4.00 391594 0.00 447.62 1934.90
10.19 3.22 32.83 310.11 4.00 391604 0.00 447.62 1935.22
10.19 3.22 32.83 310.11 4.00 391614 0.00 447.62 1935.55
10.19 3.22 32.83 310.28 4.00 391624 0.00 448.12 1935.87
10.19 3.22 32.83 310.28 4.00 391634 0.00 448.12 1936.21
10.19 3.22 32.83 310.37 4.00 391644 0.00 448.38 1936.54
10.19 3.22 32.83 310.54 4.00 391654 0.00 448.88 1936.86
10.19 3.22 32.83 310.63 4.00 391664 0.00 449.13 1937.20
10.19 3.22 32.83 310.80 4.00 391674 0.00 449.63 1937.52
10.19 3.22 32.83 310.80 4.00 391684 0.00 449.63 1937.85
10.19 3.22 32.83 310.89 4.00 391694 0.00 449.88 1938.17
10.19 3.22 32.83 310.89 4.00 391704 0.00 449.88 1938.51
10.45 3.12 32.60 311.06 4.00 391714 0.00 450.39 1938.83
10.45 3.12 32.60 311.15 4.00 391724 0.00 450.64 1939.15
10.45 3.12 32.60 311.15 4.00 391734 0.00 450.64 1939.49
10.45 3.12 32.60 311.24 4.00 391744 0.00 450.89 1939.81
10.45 3.12 32.60 311.41 4.00 391754 0.00 451.40 1940.13
10.45 3.12 32.60 311.24 4.00 391764 0.00 450.89 1940.45
10.45 3.12 32.60 311.50 4.00 391774 0.00 451.65 1940.79
10.45 3.12 32.60 311.50 4.00 391784 0.00 451.65 1941.11
10.45 3.12 32.60 311.58 4.00 391794 0.00 451.90 1941.43
10.45 3.12 32.60 311.67 4.00 391804 0.00 452.16 1941.77
10.45 3.12 32.60 311.85 4.00 391814 0.00 452.66 1942.09
10.45 3.12 32.60 311.85 4.00 391824 0.00 452.66 1942.41
10.45 3.12 32.60 312.02 4.00 391834 0.00 453.17 1942.73
10.45 3.12 32.60 312.02 4.00 391844 0.00 453.17 1943.07
9.84 3.19 31.36 312.02 4.00 391854 0.00 453.17 1943.39
9.84 3.19 31.36 312.20 4.00 391864 0.00 453.68 1943.69
9.84 3.19 31.36 312.29 4.00 391874 0.00 453.94 1944.02
9.84 3.19 31.36 312.37 4.00 391884 0.00 454.19 1944.32
9.84 3.19 31.36 312.55 4.00 391894 0.00 454.70 1944.65
9.84 3.19 31.36 312.37 4.00 391904 0.00 454.19 1944.96
9.84 3.19 31.36 312.64 4.00 391914 0.00 454.96 1945.26
9.84 3.19 31.36 312.81 4.00 391924 0.00 455.47 1945.59
9.84 3.19 31.36 312.90 4.00 391934 0.00 455.73 1945.90
9.84 3.19 31.36 312.72 4.00 391944 0.00 455.22 1946.20
9.84 3.19 31.36 312.81 4.00 391954 0.00 455.47 1946.53
9.84 3.19 31.36 312.99 4.00 391964 0.00 455.99 1946.83
9.84 3.19 31.36 313.08 4.00 391974 0.00 456.24 1947.14
9.84 3.19 31.36 313.17 4.00 391984 0.00 456.50 1947.47
10.28 3.13 32.13 313.25 4.00 391994 0.00 456.76 1947.78
10.28 3.13 32.13 313.25 4.00 392004 0.00 456.76 1948.09
10.28 3.13 32.13 313.43 4.00 392014 0.00 457.27 1948.43
10.28 3.13 32.13 313.52 4.00 392024 0.00 457.53 1948.74
10.28 3.13 32.13 313.52 4.00 392034 0.00 457.53 1949.06
10.28 3.13 32.13 313.52 4.00 392044 0.00 457.53 1949.40
10.28 3.13 32.13 313.70 4.00 392054 0.00 458.05 1949.71
10.28 3.13 32.13 313.78 4.00 392064 0.00 458.31 1950.03
10.28 3.13 32.13 313.78 4.00 392074 0.00 458.31 1950.34
10.28 3.13 32.13 313.87 4.00 392084 0.00 458.57 1950.68
10.28 3.13 32.13 313.96 4.00 392094 0.00 458.82 1950.99
10.28 3.13 32.13 314.05 4.00 392104 0.00 459.08 1951.31
10.28 3.13 32.13 314.05 4.00 392114 0.00 459.08 1951.62
10.28 3.13 32.13 314.14 4.00 392124 0.00 459.34 1951.96
10.13 3.15 31.88 314.23 4.00 392134 0.00 459.60 1952.28
10.13 3.15 31.88 314.23 4.00 392144 0.00 459.60 1952.59
10.13 3.15 31.88 314.41 4.00 392154 0.00 460.12 1952.92
10.13 3.15 31.88 314.50 4.00 392164 0.00 460.38 1953.23
10.13 3.15 31.88 314.58 4.00 392174 0.00 460.64 1953.54
10.13 3.15 31.88 314.76 4.00 392184 0.00 461.17 1953.88
10.13 3.15 31.88 314.76 4.00 392194 0.00 461.17 1954.19
10.13 3.15 31.88 314.76 4.00 392204 0.00 461.17 1954.50
10.13 3.15 31.88 314.76 4.00 392214 0.00 461.17 1954.83
10.13 3.15 31.88 314.94 4.00 392224 0.00 461.69 1955.14
10.13 3.15 31.88 315.12 4.00 392234 0.00 462.21 1955.47
10.13 3.15 31.88 315.12 4.00 392244 0.00 462.21 1955.79
10.13 3.15 31.88 315.21 4.00 392254 0.00 462.48 1956.10
10.13 3.15 31.88 315.21 4.00 392264 0.00 462.48 1956.43
10.13 3.21 32.47 315.39 4.00 392274 0.00 463.00 1956.74
10.13 3.21 32.47 315.48 4.00 392284 0.00 463.26 1957.06
10.13 3.21 32.47 315.39 4.00 392294 0.00 463.00 1957.40
10.13 3.21 32.47 315.57 4.00 392304 0.00 463.53 1957.72
10.13 3.21 32.47 315.57 4.00 392314 0.00 463.53 1958.04
10.13 3.21 32.47 315.84 4.00 392324 0.00 464.32 1958.36
10.13 3.21 32.47 316.02 4.00 392334 0.00 464.85 1958.70
10.13 3.21 32.47 315.93 4.00 392344 0.00 464.58 1959.02
10.13 3.21 32.47 315.93 4.00 392354 0.00 464.58 1959.34
10.13 3.21 32.47 316.02 4.00 392364 0.00 464.85 1959.65
10.13 3.21 32.47 316.20 4.00 392374 0.00 465.38 1959.99
10.13 3.21 32.47 316.11 4.00 392384 0.00 465.11 1960.31
10.13 3.21 32.47 316.29 4.00 392394 0.00 465.64 1960.63
10.13 3.21 32.47 316.29 4.00 392404 0.00 465.64 1960.97
10.13 3.21 32.47 316.29 4.00 392414 0.00 465.64 1961.29
10.51 3.16 33.25 316.38 4.00 392424 0.00 465.91 1961.61
10.51 3.16 33.25 316.56 4.00 392434 0.00 466.44 1961.94
10.51 3.16 33.25 316.56 4.00 392444 0.00 466.44 1962.29
10.51 3.16 33.25 316.74 4.00 392454 0.00 466.97 1962.61
10.51 3.16 33.25 316.74 4.00 392464 0.00 466.97 1962.94
10.51 3.16 33.25 316.74 4.00 392474 0.00 466.97 1963.27
10.51 3.16 33.25 316.92 4.00 392484 0.00 467.50 1963.62
10.51 3.16 33.25 317.10 4.00 392494 0.00 468.04 1963.94
10.51 3.16 33.25 317.10 4.00 392504 0.00 468.04 1964.27
10.51 3.16 33.25 317.10 4.00 392514 0.00 468.04 1964.62
10.51 3.16 33.25 317.01 4.00 392524 0.00 467.77 1964.94
10.51 3.16 33.25 317.28 4.00 392534 0.00 468.57 1965.27
10.51 3.16 33.25 317.37 4.00 392544 0.00 468.84 1965.60
10.51 3.16 33.25 317.46 4.00 392554 0.00 469.11 1965.94
10.29 3.12 32.12 317.46 4.00 392564 0.00 469.11 1966.27
10.29 3.12 32.12 317.55 4.00 392574 0.00 469.37 1966.58
10.29 3.12 32.12 317.82 4.00 392584 0.00 470.18 1966.92
10.29 3.12 32.12 318.01 4.00 392594 0.00 470.72 1967.23
10.29 3.12 32.12 317.91 4.00 392604 0.00 470.45 1967.55
10.29 3.12 32.12 318.01 4.00 392614 0.00 470.72 1967.86
10.29 3.12 32.12 318.10 4.00 392624 0.00 470.99 1968.20
10.29 3.12 32.12 318.28 4.00 392634 0.00 471.53 1968.51
10.29 3.12 32.12 318.28 4.00 392644 0.00 471.53 1968.83
10.29 3.12 32.12 318.37 4.00 392654 0.00 471.80 1969.15
10.29 3.12 32.12 318.46 4.00 392664 0.00 472.07 1969.48
10.29 3.12 32.12 318.55 4.00 392674 0.00 472.34 1969.80
10.29 3.12 32.12 318.46 4.00 392684 0.00 472.07 1970.11
10.29 3.12 32.12 318.64 4.00 392694 0.00 472.61 1970.45
10.51 3.25 34.11 318.83 4.00 392704 0.00 473.15 1970.77
10.51 3.25 34.11 318.92 4.00 392714 0.00 473.42 1971.11
10.51 3.25 34.11 319.01 4.00 392724 0.00 473.70 1971.44
10.51 3.25 34.11 319.01 4.00 392734 0.00 473.70 1971.80
10.51 3.25 34.11 319.19 4.00 392744 0.00 474.24 1972.13
10.51 3.25 34.11 319.19 4.00 392754 0.00 474.24 1972.47
10.51 3.25 34.11 319.28 4.00 392764 0.00 474.51 1972.80
10.51 3.25 34.11 319.28 4.00 392774 0.00 474.51 1973.16
10.51 3.25 34.11 319.28 4.00 392784 0.00 474.51 1973.50
10.51 3.25 34.11 319.47 4.00 392794 0.00 475.06 1973.83
10.51 3.25 34.11 319.56 4.00 392804 0.00 475.33 1974.19
10.51 3.25 34.11 319.56 4.00 392814 0.00 475.33 1974.52
10.51 3.25 34.11 319.56 4.00 392824 0.00 475.33 1974.86
10.51 3.25 34.11 319.74 4.00 392834 0.00 475.88 1975.19
10.55 3.20 33.80 319.74 4.00 392844 0.00 475.88 1975.55
10.55 3.20 33.80 320.02 4.00 392854 0.00 476.70 1975.88
10.55 3.20 33.80 320.11 4.00 392864 0.00 476.98 1976.21
10.55 3.20 33.80 320.11 4.00 392874 0.00 476.98 1976.57
10.55 3.20 33.80 320.20 4.00 392884 0.00 477.25 1976.90
10.55 3.20 33.80 320.30 4.00 392894 0.00 477.53 1977.23
10.55 3.20 33.80 320.39 4.00 392904 0.00 477.80 1977.56
10.55 3.20 33.80 320.39 4.00 392914 0.00 477.80 1977.92
10.55 3.20 33.80 320.48 4.00 392924 0.00 478.08 1978.25
10.55 3.20 33.80 320.48 4.00 392934 0.00 478.08 1978.58
10.55 3.20 33.80 320.57 4.00 392944 0.00 478.36 1978.93
10.55 3.20 33.80 320.67 4.00 392954 0.00 478.63 1979.26
10.55 3.20 33.80 320.76 4.00 392964 0.00 478.91 1979.60
10.55 3.20 33.80 320.85 4.00 392974 0.00 479.18 1979.93
10.55 3.15 33.28 320.94 4.00 392984 0.00 479.46 1980.28
10.28 3.15 32.42 321.04 4.00 392994 0.00 479.74 1980.60
10.28 3.15 32.42 321.04 4.00 393004 0.00 479.74 1980.92
10.28 3.15 32.42 321.22 4.00 393014 0.00 480.29 1981.26
10.28 3.15 32.42 321.32 4.00 393024 0.00 480.57 1981.58
10.28 3.15 32.42 321.41 4.00 393034 0.00 480.85 1981.90
10.28 3.15 32.42 321.50 4.00 393044 0.00 481.13 1982.21
10.28 3.15 32.42 321.60 4.00 393054 0.00 481.41 1982.55
10.28 3.15 32.42 321.60 4.00 393064 0.00 481.41 1982.87
10.28 3.15 32.42 321.69 4.00 393074 0.00 481.68 1983.19
10.28 3.15 32.42 321.60 4.00 393084 0.00 481.41 1983.51
10.28 3.15 32.42 321.97 4.00 393094 0.00 482.52 1983.85
10.28 3.15 32.42 321.97 4.00 393104 0.00 482.52 1984.17
10.28 3.15 32.42 321.97 4.00 393114 0.00 482.52 1984.49
10.28 3.15 32.42 322.06 4.00 393124 0.00 482.80 1984.83
10.86 3.25 35.25 322.15 4.00 393134 0.00 483.08 1985.16
10.86 3.25 35.25 322.25 4.00 393144 0.00 483.36 1985.51
10.86 3.25 35.25 322.34 4.00 393154 0.00 483.64 1985.86
10.86 3.25 35.25 322.44 4.00 393164 0.00 483.92 1986.23
10.86 3.25 35.25 322.44 4.00 393174 0.00 483.92 1986.57
10.86 3.25 35.25 322.53 4.00 393184 0.00 484.20 1986.92
10.86 3.25 35.25 322.72 4.00 393194 0.00 484.77 1987.26
10.86 3.25 35.25 322.81 4.00 393204 0.00 485.05 1987.63
10.86 3.25 35.25 322.72 4.00 393214 0.00 484.77 1987.98
10.86 3.25 35.25 322.81 4.00 393224 0.00 485.05 1988.33
10.86 3.25 35.25 322.90 4.00 393234 0.00 485.33 1988.70
10.86 3.25 35.25 323.00 4.00 393244 0.00 485.61 1989.04
10.86 3.25 35.25 323.28 4.00 393254 0.00 486.46 1989.39
10.86 3.25 35.25 323.19 4.00 393264 0.00 486.18 1989.73
10.68 3.03 32.35 323.37 4.00 393274 0.00 486.74 1990.09
10.68 3.03 32.35 323.37 4.00 393284 0.00 486.74 1990.40
10.68 3.03 32.35 323.37 4.00 393294 0.00 486.74 1990.72
10.68 3.03 32.35 323.66 4.00 393304 0.00 487.60 1991.06
10.68 3.03 32.35 323.56 4.00 393314 0.00 487.31 1991.38
10.68 3.03 32.35 323.75 4.00 393324 0.00 487.88 1991.69
10.68 3.03 32.35 323.84 4.00 393334 0.00 488.16 1992.01
10.68 3.03 32.35 324.03 4.00 393344 0.00 488.73 1992.35
10.68 3.03 32.35 323.94 4.00 393354 0.00 488.45 1992.67
10.68 3.03 32.35 324.03 4.00 393364 0.00 488.73 1992.99
10.68 3.03 32.35 324.13 4.00 393374 0.00 489.02 1993.30
10.68 3.03 32.35 324.32 4.00 393384 0.00 489.59 1993.64
10.68 3.03 32.35 324.22 4.00 393394 0.00 489.30 1993.96
10.68 3.03 32.35 324.32 4.00 393404 0.00 489.59 1994.28
10.35 3.25 33.66 324.41 4.00 393414 0.00 489.88 1994.62
10.35 3.25 33.66 324.51 4.00 393424 0.00 490.16 1994.95
10.35 3.25 33.66 324.60 4.00 393434 0.00 490.45 1995.28
10.35 3.25 33.66 324.70 4.00 393444 0.00 490.74 1995.61
10.35 3.25 33.66 324.70 4.00 393454 0.00 490.74 1995.97
10.35 3.25 33.66 324.79 4.00 393464 0.00 491.02 1996.30
10.35 3.25 33.66 324.79 4.00 393474 0.00 491.02 1996.63
10.35 3.25 33.66 324.98 4.00 393484 0.00 491.60 1996.98
10.35 3.25 33.66 325.08 4.00 393494 0.00 491.88 1997.31
10.35 3.25 33.66 325.17 4.00 393504 0.00 492.17 1997.64
10.35 3.25 33.66 325.27 4.00 393514 0.00 492.46 1997.97
10.35 3.25 33.66 325.27 4.00 393524 0.00 492.46 1998.32
10.35 3.25 33.66 325.27 4.00 393534 0.00 492.46 1998.66
10.35 3.25 33.66 325.46 4.00 393544 0.00 493.04 1998.99
10.35 3.15 32.65 325.65 4.00 393554 0.00 493.62 1999.32
10.93 3.15 34.47 325.65 4.00 393564 0.00 493.62 1999.68
10.93 3.15 34.47 325.65 4.00 393574 0.00 493.62 2000.01
10.93 3.15 34.47 325.84 4.00 393584 0.00 494.20 2000.35
10.93 3.15 34.47 325.93 4.00 393594 0.00 494.49 2000.71
10.93 3.15 34.47 326.03 4.00 393604 0.00 494.78 2001.05
10.93 3.15 34.47 326.03 4.00 393614 0.00 494.78 2001.39
10.93 3.15 34.47 326.03 4.00 393624 0.00 494.78 2001.73
10.93 3.15 34.47 326.03 4.00 393634 0.00 494.78 2002.09
10.93 3.15 34.47 326.32 4.00 393644 0.00 495.65 2002.43
10.93 3.15 34.47 326.22 4.00 393654 0.00 495.36 2002.77
10.93 3.15 34.47 326.41 4.00 393664 0.00 495.94 2003.13
10.93 3.15 34.47 326.41 4.00 393674 0.00 495.94 2003.47
10.93 3.15 34.47 326.61 4.00 393684 0.00 496.52 2003.80
10.93 3.15 34.47 326.61 4.00 393694 0.00 496.52 2004.14
10.75 3.15 33.87 326.61 4.00 393704 0.00 496.52 2004.50
10.75 3.15 33.87 326.70 4.00 393714 0.00 496.81 2004.83
10.75 3.15 33.87 326.89 4.00 393724 0.00 497.40 2005.16
10.75 3.15 33.87 326.99 4.00 393734 0.00 497.69 2005.50
10.75 3.15 33.87 327.09 4.00 393744 0.00 497.99 2005.85
10.75 3.15 33.87 327.18 4.00 393754 0.00 498.28 2006.18
10.75 3.15 33.87 327.28 4.00 393764 0.00 498.57 2006.52
10.75 3.15 33.87 327.47 4.00 393774 0.00 499.16 2006.87
10.75 3.15 33.87 327.38 4.00 393784 0.00 498.87 2007.20
10.75 3.15 33.87 327.38 4.00 393794 0.00 498.87 2007.54
10.75 3.15 33.87 327.47 4.00 393804 0.00 499.16 2007.87
10.75 3.15 33.87 327.57 4.00 393814 0.00 499.45 2008.22
10.75 3.15 33.87 327.86 4.00 393824 0.00 500.34 2008.56
10.75 3.15 33.87 327.66 4.00 393834 0.00 499.75 2008.89
10.35 3.21 33.18 327.76 4.00 393844 0.00 500.04 2009.22
10.35 3.21 33.18 327.76 4.00 393854 0.00 500.04 2009.57
10.35 3.21 33.18 327.95 4.00 393864 0.00 500.63 2009.89
10.35 3.21 33.18 327.95 4.00 393874 0.00 500.63 2010.22
10.35 3.21 33.18 328.25 4.00 393884 0.00 501.52 2010.54
10.35 3.21 33.18 328.15 4.00 393894 0.00 501.23 2010.89
10.35 3.21 33.18 328.15 4.00 393904 0.00 501.23 2011.22
10.35 3.21 33.18 328.34 4.00 393914 0.00 501.82 2011.54
10.35 3.21 33.18 328.25 4.00 393924 0.00 501.52 2011.89
10.35 3.21 33.18 328.34 4.00 393934 0.00 501.82 2012.22
10.35 3.21 33.18 328.34 4.00 393944 0.00 501.82 2012.54
10.35 3.21 33.18 328.73 4.00 393954 0.00 503.01 2012.87
10.35 3.21 33.18 328.63 4.00 393964 0.00 502.71 2013.22
10.35 3.21 33.18 328.63 4.00 393974 0.00 502.71 2013.54
11.04 3.15 34.83 328.83 4.00 393984 0.00 503.30 2013.88
11.04 3.15 34.83 328.93 4.00 393994 0.00 503.60 2014.24
11.04 3.15 34.83 328.93 4.00 394004 0.00 503.60 2014.58
11.04 3.15 34.83 329.02 4.00 394014 0.00 503.90 2014.92
11.04 3.15 34.83 329.22 4.00 394024 0.00 504.50 2015.26
11.04 3.15 34.83 329.22 4.00 394034 0.00 504.50 2015.63
11.04 3.15 34.83 329.32 4.00 394044 0.00 504.80 2015.97
11.04 3.15 34.83 329.41 4.00 394054 0.00 505.10 2016.31
11.04 3.15 34.83 329.41 4.00 394064 0.00 505.10 2016.66
11.04 3.15 34.83 329.61 4.00 394074 0.00 505.70 2017.02
11.04 3.15 34.83 329.61 4.00 394084 0.00 505.70 2017.36
11.04 3.15 34.83 329.71 4.00 394094 0.00 506.00 2017.70
11.04 3.15 34.83 329.80 4.00 394104 0.00 506.30 2018.07
11.04 3.15 34.83 329.90 4.00 394114 0.00 506.60 2018.41
10.65 3.22 34.30 330.00 4.00 394124 0.00 506.90 2018.75
10.65 3.22 34.30 330.00 4.00 394134 0.00 506.90 2019.11
10.65 3.22 34.30 330.00 4.00 394144 0.00 506.90 2019.45
10.65 3.22 34.30 330.20 4.00 394154 0.00 507.50 2019.78
10.65 3.22 34.30 330.29 4.00 394164 0.00 507.80 2020.12
10.65 3.22 34.30 330.39 4.00 394174 0.00 508.11 2020.48
10.65 3.22 34.30 330.39 4.00 394184 0.00 508.11 2020.82
10.65 3.22 34.30 330.49 4.00 394194 0.00 508.41 2021.15
10.65 3.22 34.30 330.69 4.00 394204 0.00 509.01 2021.51
10.65 3.22 34.30 330.49 4.00 394214 0.00 508.41 2021.85
10.65 3.22 34.30 330.69 4.00 394224 0.00 509.01 2022.18
10.65 3.22 34.30 330.88 4.00 394234 0.00 509.62 2022.52
10.65 3.22 34.30 330.98 4.00 394244 0.00 509.92 2022.88
10.65 3.22 34.30 330.88 4.00 394254 0.00 509.62 2023.22
10.65 3.22 34.27 331.08 4.00 394264 0.00 510.23 2023.55
10.80 3.22 34.77 331.18 4.00 394274 0.00 510.53 2023.90
10.80 3.22 34.77 331.28 4.00 394284 0.00 510.84 2024.26
10.80 3.22 34.77 331.28 4.00 394294 0.00 510.84 2024.60
10.80 3.22 34.77 331.48 4.00 394304 0.00 511.45 2024.94
10.80 3.22 34.77 331.58 4.00 394314 0.00 511.75 2025.31
10.80 3.22 34.77 331.77 4.00 394324 0.00 512.36 2025.65
10.80 3.22 34.77 331.67 4.00 394334 0.00 512.06 2025.99
10.80 3.22 34.77 331.77 4.00 394344 0.00 512.36 2026.33
10.80 3.22 34.77 331.87 4.00 394354 0.00 512.67 2026.69
10.80 3.22 34.77 331.87 4.00 394364 0.00 512.67 2027.03
10.80 3.22 34.77 332.07 4.00 394374 0.00 513.28 2027.38
10.80 3.22 34.77 332.07 4.00 394384 0.00 513.28 2027.74
10.80 3.22 34.77 332.17 4.00 394394 0.00 513.59 2028.08
10.80 3.22 34.77 332.27 4.00 394404 0.00 513.90 2028.42
11.27 2.96 33.34 332.37 4.00 394414 0.00 514.20 2028.75
11.27 2.96 33.34 332.37 4.00 394424 0.00 514.20 2029.10
11.27 2.96 33.34 332.57 4.00 394434 0.00 514.82 2029.42
11.27 2.96 33.34 332.67 4.00 394444 0.00 515.13 2029.75
11.27 2.96 33.34 332.67 4.00 394454 0.00 515.13 2030.10
11.27 2.96 33.34 332.77 4.00 394464 0.00 515.44 2030.43
11.27 2.96 33.34 332.87 4.00 394474 0.00 515.74 2030.75
11.27 2.96 33.34 332.87 4.00 394484 0.00 515.74 2031.08
11.27 2.96 33.34 332.97 4.00 394494 0.00 516.05 2031.43
11.27 2.96 33.34 332.97 4.00 394504 0.00 516.05 2031.76
11.27 2.96 33.34 333.07 4.00 394514 0.00 516.36 2032.09
11.27 2.96 33.34 333.27 4.00 394524 0.00 516.98 2032.43
11.27 2.96 33.34 333.27 4.00 394534 0.00 516.98 2032.76
11.27 2.96 33.34 333.37 4.00 394544 0.00 517.29 2033.09
10.53 3.17 33.38 333.37 4.00 394554 0.00 517.29 2033.42
10.53 3.17 33.38 333.67 4.00 394564 0.00 518.23 2033.77
10.53 3.17 33.38 333.67 4.00 394574 0.00 518.23 2034.10
10.53 3.17 33.38 333.77 4.00 394584 0.00 518.54 2034.43
10.53 3.17 33.38 333.77 4.00 394594 0.00 518.54 2034.75
10.53 3.17 33.38 333.87 4.00 394604 0.00 518.85 2035.10
10.53 3.17 33.38 333.87 4.00 394614 0.00 518.85 2035.43
10.53 3.17 33.38 333.97 4.00 394624 0.00 519.16 2035.76
10.53 3.17 33.38 333.97 4.00 394634 0.00 519.16 2036.11
10.53 3.17 33.38 334.17 4.00 394644 0.00 519.79 2036.44
10.53 3.17 33.38 334.27 4.00 394654 0.00 520.10 2036.76
10.53 3.17 33.38 334.27 4.00 394664 0.00 520.10 2037.09
10.53 3.17 33.38 334.37 4.00 394674 0.00 520.41 2037.44
10.53 3.17 33.38 334.47 4.00 394684 0.00 520.72 2037.77
10.97 3.31 36.32 334.67 4.00 394694 0.00 521.35 2038.11
10.97 3.31 36.32 334.67 4.00 394704 0.00 521.35 2038.47
10.97 3.31 36.32 334.57 4.00 394714 0.00 521.04 2038.85
10.97 3.31 36.32 334.77 4.00 394724 0.00 521.67 2039.20
10.97 3.31 36.32 334.87 4.00 394734 0.00 521.98 2039.56
10.97 3.31 36.32 334.87 4.00 394744 0.00 521.98 2039.94
10.97 3.31 36.32 334.97 4.00 394754 0.00 522.30 2040.30
10.97 3.31 36.32 334.97 4.00 394764 0.00 522.30 2040.65
10.97 3.31 36.32 335.18 4.00 394774 0.00 522.93 2041.01
10.97 3.31 36.32 335.18 4.00 394784 0.00 522.93 2041.39
10.97 3.31 36.32 335.38 4.00 394794 0.00 523.56 2041.75
10.97 3.31 36.32 335.48 4.00 394804 0.00 523.87 2042.11
10.97 3.31 36.32 335.48 4.00 394814 0.00 523.87 2042.46
10.97 3.31 36.32 335.48 4.00 394824 0.00 523.87 2042.84
11.56 3.19 36.93 335.68 4.00 394834 0.00 524.51 2043.20
11.56 3.19 36.93 335.78 4.00 394844 0.00 524.82 2043.56
11.56 3.19 36.93 335.89 4.00 394854 0.00 525.14 2043.95
11.56 3.19 36.93 335.99 4.00 394864 0.00 525.46 2044.31
11.56 3.19 36.93 335.99 4.00 394874 0.00 525.46 2044.67
11.56 3.19 36.93 336.09 4.00 394884 0.00 525.78 2045.04
11.56 3.19 36.93 336.19 4.00 394894 0.00 526.10 2045.42
11.56 3.19 36.93 336.09 4.00 394904 0.00 525.78 2045.78
11.56 3.19 36.93 336.29 4.00 394914 0.00 526.41 2046.15
11.56 3.19 36.93 336.50 4.00 394924 0.00 527.05 2046.53
11.56 3.19 36.93 336.50 4.00 394934 0.00 527.05 2046.90
11.56 3.19 36.93 336.60 4.00 394944 0.00 527.37 2047.26
11.56 3.19 36.93 336.60 4.00 394954 0.00 527.37 2047.62
11.56 3.19 36.93 336.90 4.00 394964 0.00 528.33 2048.01
11.56 3.07 35.49 336.80 4.00 394974 0.00 528.01 2048.37
11.36 3.07 34.88 336.90 4.00 394984 0.00 528.33 2048.71
11.36 3.07 34.88 337.01 4.00 394994 0.00 528.65 2049.08
11.36 3.07 34.88 337.11 4.00 395004 0.00 528.97 2049.42
11.36 3.07 34.88 337.21 4.00 395014 0.00 529.29 2049.76
11.36 3.07 34.88 337.31 4.00 395024 0.00 529.62 2050.10
11.36 3.07 34.88 337.31 4.00 395034 0.00 529.62 2050.47
11.36 3.07 34.88 337.52 4.00 395044 0.00 530.26 2050.81
11.36 3.07 34.88 337.62 4.00 395054 0.00 530.58 2051.15
11.36 3.07 34.88 337.62 4.00 395064 0.00 530.58 2051.52
11.36 3.07 34.88 337.72 4.00 395074 0.00 530.90 2051.86
11.36 3.07 34.88 338.03 4.00 395084 0.00 531.87 2052.20
11.36 3.07 34.88 337.93 4.00 395094 0.00 531.55 2052.54
11.36 3.07 34.88 338.03 4.00 395104 0.00 531.87 2052.91
11.36 3.07 34.88 338.13 4.00 395114 0.00 532.20 2053.25
10.99 3.13 34.37 338.13 4.00 395124 0.00 532.20 2053.59
10.99 3.13 34.37 338.24 4.00 395134 0.00 532.52 2053.95
10.99 3.13 34.37 338.34 4.00 395144 0.00 532.85 2054.29
10.99 3.13 34.37 338.44 4.00 395154 0.00 533.17 2054.63
10.99 3.13 34.37 338.44 4.00 395164 0.00 533.17 2054.97
10.99 3.13 34.37 338.55 4.00 395174 0.00 533.49 2055.33
10.99 3.13 34.37 338.55 4.00 395184 0.00 533.49 2055.66
10.99 3.13 34.37 338.65 4.00 395194 0.00 533.82 2056.00
10.99 3.13 34.37 338.65 4.00 395204 0.00 533.82 2056.34
10.99 3.13 34.37 338.75 4.00 395214 0.00 534.15 2056.70
10.99 3.13 34.37 338.86 4.00 395224 0.00 534.47 2057.03
10.99 3.13 34.37 338.96 4.00 395234 0.00 534.80 2057.37
10.99 3.13 34.37 339.06 4.00 395244 0.00 535.12 2057.73
10.99 3.13 34.37 339.17 4.00 395254 0.00 535.45 2058.07
11.35 2.97 33.71 339.17 4.00 395264 0.00 535.45 2058.40
11.35 2.97 33.71 339.37 4.00 395274 0.00 536.11 2058.73
11.35 2.97 33.71 339.37 4.00 395284 0.00 536.11 2059.08
11.35 2.97 33.71 339.48 4.00 395294 0.00 536.43 2059.41
11.35 2.97 33.71 339.58 4.00 395304 0.00 536.76 2059.75
11.35 2.97 33.71 339.69 4.00 395314 0.00 537.09 2060.08
11.35 2.97 33.71 339.69 4.00 395324 0.00 537.09 2060.43
11.35 2.97 33.71 339.79 4.00 395334 0.00 537.42 2060.76
11.35 2.97 33.71 339.89 4.00 395344 0.00 537.75 2061.09
11.35 2.97 33.71 339.89 4.00 395354 0.00 537.75 2061.45
11.35 2.97 33.71 340.10 4.00 395364 0.00 538.41 2061.78
11.35 2.97 33.71 340.10 4.00 395374 0.00 538.41 2062.11
11.35 2.97 33.71 340.10 4.00 395384 0.00 538.41 2062.44
11.35 2.97 33.71 340.21 4.00 395394 0.00 538.73 2062.79
10.94 3.35 36.61 340.31 4.00 395404 0.00 539.07 2063.14
10.94 3.35 36.61 340.31 4.00 395414 0.00 539.07 2063.49
10.94 3.35 36.61 340.62 4.00 395424 0.00 540.06 2063.88
10.94 3.35 36.61 340.62 4.00 395434 0.00 540.06 2064.23
10.94 3.35 36.61 340.62 4.00 395444 0.00 540.06 2064.59
10.94 3.35 36.61 340.73 4.00 395454 0.00 540.39 2064.97
10.94 3.35 36.61 340.73 4.00 395464 0.00 540.39 2065.33
10.94 3.35 36.61 340.94 4.00 395474 0.00 541.05 2065.69
10.94 3.35 36.61 341.04 4.00 395484 0.00 541.38 2066.07
10.94 3.35 36.61 341.04 4.00 395494 0.00 541.38 2066.43
10.94 3.35 36.61 341.15 4.00 395504 0.00 541.72 2066.81
10.94 3.35 36.61 341.15 4.00 395514 0.00 541.72 2067.17
10.94 3.35 36.61 341.46 4.00 395524 0.00 542.72 2067.53
10.94 3.35 36.61 341.46 4.00 395534 0.00 542.72 2067.91
11.07 3.29 36.41 341.46 4.00 395544 0.00 542.72 2068.27
11.07 3.29 36.41 341.46 4.00 395554 0.00 542.72 2068.62
11.07 3.29 36.41 341.57 4.00 395564 0.00 543.05 2068.98
11.07 3.29 36.41 341.67 4.00 395574 0.00 543.38 2069.36
11.07 3.29 36.41 341.78 4.00 395584 0.00 543.72 2069.72
11.07 3.29 36.41 341.78 4.00 395594 0.00 543.72 2070.08
11.07 3.29 36.41 341.88 4.00 395604 0.00 544.05 2070.46
11.07 3.29 36.41 341.88 4.00 395614 0.00 544.05 2070.82
11.07 3.29 36.41 342.09 4.00 395624 0.00 544.72 2071.17
11.07 3.29 36.41 342.30 4.00 395634 0.00 545.39 2071.53
11.07 3.29 36.41 342.20 4.00 395644 0.00 545.06 2071.91
11.07 3.29 36.41 342.30 4.00 395654 0.00 545.39 2072.27
11.07 3.29 36.41 342.41 4.00 395664 0.00 545.73 2072.63
11.07 3.29 36.41 342.41 4.00 395674 0.00 545.73 2073.01
11.07 3.44 38.12 342.51 4.00 395684 0.00 546.07 2073.37
11.60 3.44 39.94 342.51 4.00 395694 0.00 546.07 2073.76
11.60 3.44 39.94 342.72 4.00 395704 0.00 546.74 2074.15
11.60 3.44 39.94 342.94 4.00 395714 0.00 547.42 2074.57
11.60 3.44 39.94 342.94 4.00 395724 0.00 547.42 2074.96
11.60 3.44 39.94 343.04 4.00 395734 0.00 547.75 2075.35
11.60 3.44 39.94 343.15 4.00 395744 0.00 548.09 2075.77
11.60 3.44 39.94 343.15 4.00 395754 0.00 548.09 2076.16
11.60 3.44 39.94 343.15 4.00 395764 0.00 548.09 2076.56
11.60 3.44 39.94 343.25 4.00 395774 0.00 548.43 2076.95
11.60 3.44 39.94 343.25 4.00 395784 0.00 548.43 2077.37
11.60 3.44 39.94 343.47 4.00 395794 0.00 549.11 2077.76
11.60 3.44 39.94 343.57 4.00 395804 0.00 549.45 2078.15
11.60 3.44 39.94 343.47 4.00 395814 0.00 549.11 2078.57
11.60 3.44 39.94 343.68 4.00 395824 0.00 549.79 2078.96
11.11 2.95 32.75 343.78 4.00 395834 0.00 550.13 2079.28
11.11 2.95 32.75 343.89 4.00 395844 0.00 550.47 2079.60
11.11 2.95 32.75 344.00 4.00 395854 0.00 550.81 2079.94
11.11 2.95 32.75 344.00 4.00 395864 0.00 550.81 2080.26
11.11 2.95 32.75 344.10 4.00 395874 0.00 551.15 2080.61
11.11 2.95 32.75 344.21 4.00 395884 0.00 551.49 2080.93
11.11 2.95 32.75 344.42 4.00 395894 0.00 552.18 2081.25
11.11 2.95 32.75 344.53 4.00 395904 0.00 552.52 2081.59
11.11 2.95 32.75 344.42 4.00 395914 0.00 552.18 2081.91
11.11 2.95 32.75 344.53 4.00 395924 0.00 552.52 2082.23
11.11 2.95 32.75 344.53 4.00 395934 0.00 552.52 2082.57
11.11 2.95 32.75 344.64 4.00 395944 0.00 552.86 2082.89
11.11 2.95 32.75 344.74 4.00 395954 0.00 553.21 2083.21
11.11 2.95 32.75 344.64 4.00 395964 0.00 552.86 2083.55
11.26 3.27 36.77 344.96 4.00 395974 0.00 553.89 2083.90
11.26 3.27 36.77 344.85 4.00 395984 0.00 553.55 2084.26
11.26 3.27 36.77 345.07 4.00 395994 0.00 554.24 2084.64
11.26 3.27 36.77 345.17 4.00 396004 0.00 554.58 2085.00
11.26 3.27 36.77 345.28 4.00 396014 0.00 554.93 2085.36
11.26 3.27 36.77 345.49 4.00 396024 0.00 555.62 2085.74
11.26 3.27 36.77 345.28 4.00 396034 0.00 554.93 2086.10
11.26 3.27 36.77 345.49 4.00 396044 0.00 555.62 2086.46
11.26 3.27 36.77 345.60 4.00 396054 0.00 555.96 2086.85
11.26 3.27 36.77 345.71 4.00 396064 0.00 556.31 2087.21
11.26 3.27 36.77 345.71 4.00 396074 0.00 556.31 2087.57
11.26 3.27 36.77 345.82 4.00 396084 0.00 556.66 2087.95
11.26 3.27 36.77 345.92 4.00 396094 0.00 557.00 2088.31
11.26 3.27 36.77 345.82 4.00 396104 0.00 556.66 2088.67
11.59 3.05 35.36 346.03 4.00 396114 0.00 557.35 2089.04
11.59 3.05 35.36 346.03 4.00 396124 0.00 557.35 2089.39
11.59 3.05 35.36 346.25 4.00 396134 0.00 558.04 2089.74
11.59 3.05 35.36 346.25 4.00 396144 0.00 558.04 2090.11
11.59 3.05 35.36 346.46 4.00 396154 0.00 558.74 2090.45
11.59 3.05 35.36 346.46 4.00 396164 0.00 558.74 2090.80
11.59 3.05 35.36 346.46 4.00 396174 0.00 558.74 2091.17
11.59 3.05 35.36 346.57 4.00 396184 0.00 559.09 2091.52
11.59 3.05 35.36 346.68 4.00 396194 0.00 559.44 2091.87
11.59 3.05 35.36 346.79 4.00 396204 0.00 559.79 2092.21
11.59 3.05 35.36 346.79 4.00 396214 0.00 559.79 2092.58
11.59 3.05 35.36 346.90 4.00 396224 0.00 560.14 2092.93
11.59 3.05 35.36 346.90 4.00 396234 0.00 560.14 2093.28
11.59 3.05 35.36 347.01 4.00 396244 0.00 560.49 2093.62
11.12 3.19 35.53 347.11 4.00 396254 0.00 560.84 2094.00
11.12 3.19 35.53 347.11 4.00 396264 0.00 560.84 2094.34
11.12 3.19 35.53 347.22 4.00 396274 0.00 561.19 2094.69
11.12 3.19 35.53 347.44 4.00 396284 0.00 561.89 2095.07
11.12 3.19 35.53 347.55 4.00 396294 0.00 562.24 2095.41
11.12 3.19 35.53 347.55 4.00 396304 0.00 562.24 2095.76
11.12 3.19 35.53 347.55 4.00 396314 0.00 562.24 2096.11
11.12 3.19 35.53 347.77 4.00 396324 0.00 562.94 2096.49
11.12 3.19 35.53 347.55 4.00 396334 0.00 562.24 2096.83
11.12 3.19 35.53 347.87 4.00 396344 0.00 563.30 2097.18
11.12 3.19 35.53 347.87 4.00 396354 0.00 563.30 2097.56
11.12 3.19 35.53 347.87 4.00 396364 0.00 563.30 2097.90
11.12 3.19 35.53 347.87 4.00 396374 0.00 563.30 2098.25
11.12 3.19 35.53 348.09 4.00 396384 0.00 564.00 2098.60
11.12 3.23 35.90 348.20 4.00 396394 0.00 564.36 2098.97
11.77 3.23 37.98 348.42 4.00 396404 0.00 565.07 2099.35
11.77 3.23 37.98 348.31 4.00 396414 0.00 564.71 2099.72
11.77 3.23 37.98 348.42 4.00 396424 0.00 565.07 2100.09
11.77 3.23 37.98 348.53 4.00 396434 0.00 565.42 2100.49
11.77 3.23 37.98 348.64 4.00 396444 0.00 565.77 2100.86
11.77 3.23 37.98 348.64 4.00 396454 0.00 565.77 2101.24
11.77 3.23 37.98 348.75 4.00 396464 0.00 566.13 2101.64
11.77 3.23 37.98 348.75 4.00 396474 0.00 566.13 2102.01
11.77 3.23 37.98 348.86 4.00 396484 0.00 566.49 2102.38
11.77 3.23 37.98 348.97 4.00 396494 0.00 566.84 2102.75
11.77 3.23 37.98 349.19 4.00 396504 0.00 567.55 2103.15
11.77 3.23 37.98 349.08 4.00 396514 0.00 567.20 2103.53
11.77 3.23 37.98 349.19 4.00 396524 0.00 567.55 2103.90
11.77 3.23 37.98 349.30 4.00 396534 0.00 567.91 2104.27
11.33 3.18 36.00 349.41 4.00 396544 0.00 568.27 2104.65
11.33 3.18 36.00 349.41 4.00 396554 0.00 568.27 2105.01
11.33 3.18 36.00 349.41 4.00 396564 0.00 568.27 2105.36
11.33 3.18 36.00 349.63 4.00 396574 0.00 568.98 2105.74
11.33 3.18 36.00 349.52 4.00 396584 0.00 568.63 2106.09
11.33 3.18 36.00 349.74 4.00 396594 0.00 569.34 2106.44
11.33 3.18 36.00 349.85 4.00 396604 0.00 569.70 2106.80
11.33 3.18 36.00 349.96 4.00 396614 0.00 570.06 2107.17
11.33 3.18 36.00 349.96 4.00 396624 0.00 570.06 2107.53
11.33 3.18 36.00 350.07 4.00 396634 0.00 570.42 2107.88
11.33 3.18 36.00 349.96 4.00 396644 0.00 570.06 2108.26
11.33 3.18 36.00 350.07 4.00 396654 0.00 570.42 2108.61
11.33 3.18 36.00 350.18 4.00 396664 0.00 570.78 2108.96
11.33 3.18 36.00 350.29 4.00 396674 0.00 571.14 2109.32
11.47 3.11 35.66 350.40 4.00 396684 0.00 571.50 2109.69
11.47 3.11 35.66 350.40 4.00 396694 0.00 571.50 2110.04
11.47 3.11 35.66 350.51 4.00 396704 0.00 571.86 2110.39
11.47 3.11 35.66 350.62 4.00 396714 0.00 572.22 2110.76
11.47 3.11 35.66 350.62 4.00 396724 0.00 572.22 2111.11
11.47 3.11 35.66 350.73 4.00 396734 0.00 572.58 2111.46
11.47 3.11 35.66 350.95 4.00 396744 0.00 573.30 2111.81
11.47 3.11 35.66 350.95 4.00 396754 0.00 573.30 2112.19
11.47 3.11 35.66 351.06 4.00 396764 0.00 573.67 2112.54
11.47 3.11 35.66 351.06 4.00 396774 0.00 573.67 2112.89
11.47 3.11 35.66 350.95 4.00 396784 0.00 573.30 2113.26
11.47 3.11 35.66 351.28 4.00 396794 0.00 574.39 2113.61
11.47 3.11 35.66 351.28 4.00 396804 0.00 574.39 2113.96
11.47 3.11 35.66 351.51 4.00 396814 0.00 575.12 2114.31
11.32 3.27 37.04 351.28 4.00 396824 0.00 574.39 2114.69
11.32 3.27 37.04 351.62 4.00 396834 0.00 575.48 2115.06
11.32 3.27 37.04 351.73 4.00 396844 0.00 575.85 2115.42
11.32 3.27 37.04 351.84 4.00 396854 0.00 576.21 2115.79
11.32 3.27 37.04 351.84 4.00 396864 0.00 576.21 2116.17
11.32 3.27 37.04 351.95 4.00 396874 0.00 576.58 2116.54
11.32 3.27 37.04 351.95 4.00 396884 0.00 576.58 2116.90
11.32 3.27 37.04 352.06 4.00 396894 0.00 576.94 2117.29
11.32 3.27 37.04 352.17 4.00 396904 0.00 577.31 2117.65
11.32 3.27 37.04 352.06 4.00 396914 0.00 576.94 2118.02
11.32 3.27 37.04 352.29 4.00 396924 0.00 577.68 2118.38
11.32 3.27 37.04 352.29 4.00 396934 0.00 577.68 2118.77
11.32 3.27 37.04 352.51 4.00 396944 0.00 578.41 2119.13
11.32 3.27 37.04 352.40 4.00 396954 0.00 578.04 2119.49
12.13 2.79 33.86 352.51 4.00 396964 0.00 578.41 2119.85
12.13 2.79 33.86 352.62 4.00 396974 0.00 578.78 2120.20
12.13 2.79 33.86 352.51 4.00 396984 0.00 578.41 2120.53
12.13 2.79 33.86 352.85 4.00 396994 0.00 579.51 2120.87
12.13 2.79 33.86 352.85 4.00 397004 0.00 579.51 2121.22
12.13 2.79 33.86 352.96 4.00 397014 0.00 579.88 2121.55
12.13 2.79 33.86 352.96 4.00 397024 0.00 579.88 2121.89
12.13 2.79 33.86 353.18 4.00 397034 0.00 580.62 2122.22
12.13 2.79 33.86 353.18 4.00 397044 0.00 580.62 2122.57
12.13 2.79 33.86 353.29 4.00 397054 0.00 580.99 2122.91
12.13 2.79 33.86 353.41 4.00 397064 0.00 581.36 2123.24
12.13 2.79 33.86 353.41 4.00 397074 0.00 581.36 2123.57
12.13 2.79 33.86 353.52 4.00 397084 0.00 581.73 2123.93
12.13 2.79 33.86 353.63 4.00 397094 0.00 582.10 2124.26
12.13 2.96 35.86 353.63 4.00 397104 0.00 582.10 2124.59
11.89 2.96 35.15 353.86 4.00 397114 0.00 582.84 2124.96
11.89 2.96 35.15 353.97 4.00 397124 0.00 583.21 2125.31
11.89 2.96 35.15 353.97 4.00 397134 0.00 583.21 2125.65
11.89 2.96 35.15 353.97 4.00 397144 0.00 583.21 2126.00
11.89 2.96 35.15 354.20 4.00 397154 0.00 583.95 2126.36
11.89 2.96 35.15 354.20 4.00 397164 0.00 583.95 2126.71
11.89 2.96 35.15 354.20 4.00 397174 0.00 583.95 2127.05
11.89 2.96 35.15 354.08 4.00 397184 0.00 583.58 2127.40
11.89 2.96 35.15 354.42 4.00 397194 0.00 584.70 2127.77
11.89 2.96 35.15 354.42 4.00 397204 0.00 584.70 2128.11
11.89 2.96 35.15 354.53 4.00 397214 0.00 585.07 2128.46
11.89 2.96 35.15 354.76 4.00 397224 0.00 585.82 2128.83
11.89 2.96 35.15 354.65 4.00 397234 0.00 585.45 2129.17
11.89 2.96 35.15 354.76 4.00 397244 0.00 585.82 2129.52
11.67 3.08 35.97 354.76 4.00 397254 0.00 585.82 2129.87
11.67 3.08 35.97 354.76 4.00 397264 0.00 585.82 2130.25
11.67 3.08 35.97 354.99 4.00 397274 0.00 586.57 2130.60
11.67 3.08 35.97 355.10 4.00 397284 0.00 586.94 2130.95
11.67 3.08 35.97 354.99 4.00 397294 0.00 586.57 2131.33
11.67 3.08 35.97 355.33 4.00 397304 0.00 587.69 2131.68
11.67 3.08 35.97 355.33 4.00 397314 0.00 587.69 2132.04
11.67 3.08 35.97 355.44 4.00 397324 0.00 588.07 2132.39
11.67 3.08 35.97 355.33 4.00 397334 0.00 587.69 2132.76
11.67 3.08 35.97 355.67 4.00 397344 0.00 588.82 2133.12
11.67 3.08 35.97 355.67 4.00 397354 0.00 588.82 2133.47
11.67 3.08 35.97 355.78 4.00 397364 0.00 589.20 2133.85
11.67 3.08 35.97 355.78 4.00 397374 0.00 589.20 2134.20
11.67 3.08 35.97 355.90 4.00 397384 0.00 589.58 2134.55
12.10 2.78 33.58 356.01 4.00 397394 0.00 589.96 2134.89
12.10 2.78 33.58 356.13 4.00 397404 0.00 590.33 2135.24
12.10 2.78 33.58 0.00 4.00 397414 0.00 0.00 2135.57
12.10 2.78 33.58 356.13 4.00 397424 0.00 590.33 2135.90
12.10 2.78 33.58 356.35 4.00 397434 0.00 591.09 2136.23
12.10 2.78 33.58 356.35 4.00 397444 0.00 591.09 2136.58
12.10 2.78 33.58 356.24 4.00 397454 0.00 590.71 2136.91
12.10 2.78 33.58 356.35 4.00 397464 0.00 591.09 2137.24
12.10 2.78 33.58 356.58 4.00 397474 0.00 591.85 2137.59
12.10 2.78 33.58 356.58 4.00 397484 0.00 591.85 2137.92
12.10 2.78 33.58 356.58 4.00 397494 0.00 591.85 2138.25
12.10 2.78 33.58 356.70 4.00 397504 0.00 592.23 2138.58
12.10 2.78 33.58 356.70 4.00 397514 0.00 592.23 2138.93
12.10 2.78 33.58 356.93 4.00 397524 0.00 592.99 2139.26
11.92 2.00 23.83 356.81 4.00 397534 0.00 592.61 2139.55
11.92 2.00 23.83 356.93 4.00 397544 0.00 592.99 2139.80
11.92 2.00 23.83 356.93 4.00 397554 0.00 592.99 2140.03
11.92 2.00 23.83 357.16 4.00 397564 0.00 593.76 2140.27
11.92 2.00 23.83 357.04 4.00 397574 0.00 593.37 2140.50
11.92 2.00 23.83 357.16 4.00 397584 0.00 593.76 2140.75
11.92 2.00 23.83 357.16 4.00 397594 0.00 593.76 2140.98
11.92 2.00 23.83 357.16 4.00 397604 0.00 593.76 2141.22
11.92 2.00 23.83 357.16 4.00 397614 0.00 593.76 2141.47
11.92 2.00 23.83 357.27 4.00 397624 0.00 594.14 2141.70
11.92 2.00 23.83 357.27 4.00 397634 0.00 594.14 2141.93
11.92 2.00 23.83 357.16 4.00 397644 0.00 593.76 2142.17
11.92 2.00 23.83 357.39 4.00 397654 0.00 594.52 2142.42
11.92 2.00 23.83 357.39 4.00 397664 0.00 594.52 2142.65
11.92 2.09 24.94 357.39 4.00 397674 0.00 594.52 2142.89
11.92 2.09 24.94 357.50 4.00 397684 0.00 594.90 2143.15
11.92 2.09 24.94 357.50 4.00 397694 0.00 594.90 2143.39
11.92 2.09 24.94 357.62 4.00 397704 0.00 595.29 2143.64
11.92 2.09 24.94 357.73 4.00 397714 0.00 595.67 2143.88
11.92 2.09 24.94 357.73 4.00 397724 0.00 595.67 2144.14
11.92 2.09 24.94 357.62 4.00 397734 0.00 595.29 2144.39
11.92 2.09 24.94 357.73 4.00 397744 0.00 595.67 2144.63
11.92 2.09 24.94 357.96 4.00 397754 0.00 596.44 2144.90
11.92 2.09 24.94 357.85 4.00 397764 0.00 596.05 2145.14
11.92 2.09 24.94 357.96 4.00 397774 0.00 596.44 2145.38
11.92 2.09 24.94 358.08 4.00 397784 0.00 596.82 2145.63
11.92 2.09 24.94 357.85 4.00 397794 0.00 596.05 2145.89
11.92 2.09 24.94 357.85 4.00 397804 0.00 596.05 2146.14
11.92 2.69 32.11 358.19 4.00 397814 0.00 597.21 2146.38
11.75 2.69 31.67 358.19 4.00 397824 0.00 597.21 2146.72
11.75 2.69 31.67 358.31 4.00 397834 0.00 597.59 2147.03
11.75 2.69 31.67 358.42 4.00 397844 0.00 597.98 2147.34
11.75 2.69 31.67 358.42 4.00 397854 0.00 597.98 2147.65
11.75 2.69 31.67 358.54 4.00 397864 0.00 598.36 2147.98
11.75 2.69 31.67 358.42 4.00 397874 0.00 597.98 2148.29
11.75 2.69 31.67 358.65 4.00 397884 0.00 598.75 2148.60
11.75 2.69 31.67 358.77 4.00 397894 0.00 599.14 2148.91
11.75 2.69 31.67 358.77 4.00 397904 0.00 599.14 2149.25
11.75 2.69 31.67 358.89 4.00 397914 0.00 599.52 2149.56
11.75 2.69 31.67 359.00 4.00 397924 0.00 599.91 2149.87
11.75 2.69 31.67 359.12 4.00 397934 0.00 600.30 2150.20
11.75 2.69 31.67 359.00 4.00 397944 0.00 599.91 2150.51
11.75 2.69 31.67 359.12 4.00 397954 0.00 600.30 2150.82
12.05 2.22 26.79 359.35 4.00 397964 0.00 601.08 2151.09
12.05 2.22 26.79 359.35 4.00 397974 0.00 601.08 2151.37
12.05 2.22 26.79 359.35 4.00 397984 0.00 601.08 2151.63
12.05 2.22 26.79 359.47 4.00 397994 0.00 601.46 2151.89
12.05 2.22 26.79 359.58 4.00 398004 0.00 601.85 2152.18
12.05 2.22 26.79 359.70 4.00 398014 0.00 602.24 2152.44
12.05 2.22 26.79 359.47 4.00 398024 0.00 601.46 2152.70
12.05 2.22 26.79 359.70 4.00 398034 0.00 602.24 2152.96
12.05 2.22 26.79 359.70 4.00 398044 0.00 602.24 2153.24
12.05 2.22 26.79 359.70 4.00 398054 0.00 602.24 2153.51
12.05 2.22 26.79 359.82 4.00 398064 0.00 602.63 2153.77
12.05 2.22 26.79 359.82 4.00 398074 0.00 602.63 2154.05
12.05 2.22 26.79 359.82 4.00 398084 0.00 602.63 2154.31
12.05 2.22 26.79 359.82 4.00 398094 0.00 602.63 2154.58
11.87 3.06 36.32 360.05 4.00 398104 0.00 603.41 2154.90
11.87 3.06 36.32 360.28 4.00 398114 0.00 604.20 2155.28
11.87 3.06 36.32 360.17 4.00 398124 0.00 603.81 2155.64
11.87 3.06 36.32 360.17 4.00 398134 0.00 603.81 2156.00
11.87 3.06 36.32 360.28 4.00 398144 0.00 604.20 2156.38
11.87 3.06 36.32 360.52 4.00 398154 0.00 604.98 2156.73
11.87 3.06 36.32 360.52 4.00 398164 0.00 604.98 2157.09
11.87 3.06 36.32 360.63 4.00 398174 0.00 605.37 2157.45
11.87 3.06 36.32 360.63 4.00 398184 0.00 605.37 2157.83
11.87 3.06 36.32 360.87 4.00 398194 0.00 606.16 2158.18
11.87 3.06 36.32 360.75 4.00 398204 0.00 605.77 2158.54
11.87 3.06 36.32 360.75 4.00 398214 0.00 605.77 2158.92
11.87 3.06 36.32 360.87 4.00 398224 0.00 606.16 2159.28
11.87 3.06 36.32 360.98 4.00 398234 0.00 606.56 2159.63
11.74 3.01 35.30 361.22 4.00 398244 0.00 607.34 2159.98
11.74 3.01 35.30 361.10 4.00 398254 0.00 606.95 2160.35
11.74 3.01 35.30 361.22 4.00 398264 0.00 607.34 2160.70
11.74 3.01 35.30 361.22 4.00 398274 0.00 607.34 2161.05
11.74 3.01 35.30 361.34 4.00 398284 0.00 607.74 2161.42
11.74 3.01 35.30 361.45 4.00 398294 0.00 608.13 2161.76
11.74 3.01 35.30 361.45 4.00 398304 0.00 608.13 2162.11
11.74 3.01 35.30 361.45 4.00 398314 0.00 608.13 2162.45
11.74 3.01 35.30 361.69 4.00 398324 0.00 608.93 2162.82
11.74 3.01 35.30 361.81 4.00 398334 0.00 609.32 2163.17
11.74 3.01 35.30 361.81 4.00 398344 0.00 609.32 2163.52
11.74 3.01 35.30 361.81 4.00 398354 0.00 609.32 2163.88
11.74 3.01 35.30 361.81 4.00 398364 0.00 609.32 2164.23
11.74 3.01 35.30 361.93 4.00 398374 0.00 609.72 2164.58
12.00 2.47 29.67 362.04 4.00 398384 0.00 610.12 2164.91
12.00 2.47 29.67 362.04 4.00 398394 0.00 610.12 2165.22
12.00 2.47 29.67 362.04 4.00 398404 0.00 610.12 2165.51
12.00 2.47 29.67 362.16 4.00 398414 0.00 610.52 2165.81
12.00 2.47 29.67 362.04 4.00 398424 0.00 610.12 2166.12
12.00 2.47 29.67 362.28 4.00 398434 0.00 610.91 2166.41
12.00 2.47 29.67 362.28 4.00 398444 0.00 610.91 2166.70
12.00 2.47 29.67 362.52 4.00 398454 0.00 611.71 2166.99
12.00 2.47 29.67 362.40 4.00 398464 0.00 611.31 2167.30
12.00 2.47 29.67 362.52 4.00 398474 0.00 611.71 2167.59
12.00 2.47 29.67 362.52 4.00 398484 0.00 611.71 2167.88
12.00 2.47 29.67 362.63 4.00 398494 0.00 612.11 2168.19
12.00 2.47 29.67 362.75 4.00 398504 0.00 612.51 2168.48
12.00 2.47 29.67 362.87 4.00 398514 0.00 612.91 2168.77
12.00 2.47 29.67 362.87 4.00 398524 0.00 612.91 2169.07
11.95 2.84 33.98 362.99 4.00 398534 0.00 613.31 2169.42
11.95 2.84 33.98 362.99 4.00 398544 0.00 613.31 2169.76
11.95 2.84 33.98 363.11 4.00 398554 0.00 613.71 2170.09
11.95 2.84 33.98 363.11 4.00 398564 0.00 613.71 2170.43
11.95 2.84 33.98 363.11 4.00 398574 0.00 613.71 2170.78
11.95 2.84 33.98 363.11 4.00 398584 0.00 613.71 2171.12
11.95 2.84 33.98 363.23 4.00 398594 0.00 614.11 2171.45
11.95 2.84 33.98 363.46 4.00 398604 0.00 614.92 2171.81
11.95 2.84 33.98 363.35 4.00 398614 0.00 614.52 2172.14
11.95 2.84 33.98 363.58 4.00 398624 0.00 615.32 2172.47
11.95 2.84 33.98 363.58 4.00 398634 0.00 615.32 2172.81
11.95 2.84 33.98 363.58 4.00 398644 0.00 615.32 2173.16
11.95 2.84 33.98 363.70 4.00 398654 0.00 615.72 2173.50
11.95 2.84 33.98 363.70 4.00 398664 0.00 615.72 2173.83
12.07 2.15 25.94 363.70 4.00 398674 0.00 615.72 2174.10
12.07 2.15 25.94 363.82 4.00 398684 0.00 616.13 2174.37
12.07 2.15 25.94 363.94 4.00 398694 0.00 616.53 2174.62
12.07 2.15 25.94 363.82 4.00 398704 0.00 616.13 2174.88
12.07 2.15 25.94 363.82 4.00 398714 0.00 616.13 2175.15
12.07 2.15 25.94 363.94 4.00 398724 0.00 616.53 2175.40
12.07 2.15 25.94 364.06 4.00 398734 0.00 616.93 2175.66
12.07 2.15 25.94 363.82 4.00 398744 0.00 616.13 2175.91
12.07 2.15 25.94 363.82 4.00 398754 0.00 616.13 2176.18
12.07 2.15 25.94 364.06 4.00 398764 0.00 616.93 2176.44
12.07 2.15 25.94 363.94 4.00 398774 0.00 616.53 2176.69
12.07 2.15 25.94 363.82 4.00 398784 0.00 616.13 2176.95
12.07 2.15 25.94 363.82 4.00 398794 0.00 616.13 2177.22
12.07 2.15 25.94 363.82 4.00 398804 0.00 616.13 2177.47
12.85 -0.01 -0.09 363.82 4.00 398814 0.00 616.13 2177.57
12.85 -0.01 -0.09 363.82 4.00 398824 0.00 616.13 2177.57
12.85 -0.01 -0.09 363.82 4.00 398834 0.00 616.13 2177.57
12.85 -0.01 -0.09 363.70 4.00 398844 0.00 615.72 2177.57
12.85 -0.01 -0.09 363.70 4.00 398854 0.00 615.72 2177.57
12.85 -0.01 -0.09 363.70 4.00 398864 0.00 615.72 2177.57
12.85 -0.01 -0.09 363.70 4.00 398874 0.00 615.72 2177.57
12.85 -0.01 -0.09 363.58 4.00 398884 0.00 615.32 2177.57
12.85 -0.01 -0.09 363.58 4.00 398894 0.00 615.32 2177.57
12.85 -0.01 -0.09 363.70 4.00 398904 0.00 615.72 2177.57
12.85 -0.01 -0.09 363.58 4.00 398914 0.00 615.32 2177.56
12.85 -0.01 -0.09 363.58 4.00 398924 0.00 615.32 2177.56
12.85 -0.01 -0.09 363.58 4.00 398934 0.00 615.32 2177.56
12.85 -0.01 -0.09 363.70 4.00 398944 0.00 615.72 2177.56
11.89 0.02 0.18 363.70 4.00 398954 0.00 615.72 2177.56
11.89 0.02 0.18 363.46 4.00 398964 0.00 614.92 2177.56
11.89 0.02 0.18 363.58 4.00 398974 0.00 615.32 2177.57
11.89 0.02 0.18 363.46 4.00 398984 0.00 614.92 2177.57
11.89 0.02 0.18 363.58 4.00 398994 0.00 615.32 2177.57
11.89 0.02 0.18 363.58 4.00 399004 0.00 615.32 2177.57
11.89 0.02 0.18 363.46 4.00 399014 0.00 614.92 2177.57
11.89 0.02 0.18 363.35 4.00 399024 0.00 614.52 2177.57
11.89 0.02 0.18 363.35 4.00 399034 0.00 614.52 2177.58
11.89 0.02 0.18 363.35 4.00 399044 0.00 614.52 2177.58
11.89 0.02 0.18 363.11 4.00 399054 0.00 613.71 2177.58
11.89 0.02 0.18 363.35 4.00 399064 0.00 614.52 2177.58
11.89 0.02 0.18 363.35 4.00 399074 0.00 614.52 2177.58
11.89 0.02 0.18 363.46 4.00 399084 0.00 614.92 2177.59
11.96 0.37 4.41 363.23 4.00 399094 0.00 614.11 2177.60
11.96 0.37 4.41 363.35 4.00 399104 0.00 614.52 2177.64
11.96 0.37 4.41 363.23 4.00 399114 0.00 614.11 2177.68
11.96 0.37 4.41 363.23 4.00 399124 0.00 614.11 2177.73
11.96 0.37 4.41 363.23 4.00 399134 0.00 614.11 2177.77
11.96 0.37 4.41 363.23 4.00 399144 0.00 614.11 2177.82
11.96 0.37 4.41 363.46 4.00 399154 0.00 614.92 2177.86
11.96 0.37 4.41 363.58 4.00 399164 0.00 615.32 2177.91
11.96 0.37 4.41 363.35 4.00 399174 0.00 614.52 2177.95
11.96 0.37 4.41 363.35 4.00 399184 0.00 614.52 2177.99
11.96 0.37 4.41 363.35 4.00 399194 0.00 614.52 2178.04
11.96 0.37 4.41 363.46 4.00 399204 0.00 614.92 2178.08
11.96 0.37 4.41 363.46 4.00 399214 0.00 614.92 2178.13
11.96 0.37 4.41 363.46 4.00 399224 0.00 614.92 2178.17
11.96 0.37 4.41 363.58 4.00 399234 0.00 615.32 2178.21
11.62 2.87 33.41 363.70 4.00 399244 0.00 615.72 2178.54
11.62 2.87 33.41 363.82 4.00 399254 0.00 616.13 2178.89
11.62 2.87 33.41 363.82 4.00 399264 0.00 616.13 2179.22
11.62 2.87 33.41 363.94 4.00 399274 0.00 616.53 2179.55
11.62 2.87 33.41 363.94 4.00 399284 0.00 616.53 2179.88
11.62 2.87 33.41 364.18 4.00 399294 0.00 617.34 2180.23
11.62 2.87 33.41 364.18 4.00 399304 0.00 617.34 2180.56
11.62 2.87 33.41 363.94 4.00 399314 0.00 616.53 2180.88
11.62 2.87 33.41 364.18 4.00 399324 0.00 617.34 2181.24
11.62 2.87 33.41 364.30 4.00 399334 0.00 617.74 2181.56
11.62 2.87 33.41 364.30 4.00 399344 0.00 617.74 2181.89
11.62 2.87 33.41 364.54 4.00 399354 0.00 618.55 2182.22
11.62 2.87 33.41 364.54 4.00 399364 0.00 618.55 2182.57
11.62 2.87 33.41 364.66 4.00 399374 0.00 618.96 2182.90
12.14 3.07 37.23 364.54 4.00 399384 0.00 618.55 2183.25
12.14 3.07 37.23 364.78 4.00 399394 0.00 619.37 2183.64
12.14 3.07 37.23 364.78 4.00 399404 0.00 619.37 2184.00
12.14 3.07 37.23 364.78 4.00 399414 0.00 619.37 2184.37
12.14 3.07 37.23 365.02 4.00 399424 0.00 620.18 2184.75
12.14 3.07 37.23 365.02 4.00 399434 0.00 620.18 2185.12
12.14 3.07 37.23 365.02 4.00 399444 0.00 620.18 2185.48
12.14 3.07 37.23 365.26 4.00 399454 0.00 621.00 2185.87
12.14 3.07 37.23 365.38 4.00 399464 0.00 621.40 2186.23
12.14 3.07 37.23 365.50 4.00 399474 0.00 621.81 2186.60
12.14 3.07 37.23 365.38 4.00 399484 0.00 621.40 2186.99
12.14 3.07 37.23 365.62 4.00 399494 0.00 622.22 2187.35
12.14 3.07 37.23 365.50 4.00 399504 0.00 621.81 2187.74
12.14 3.07 37.23 365.86 4.00 399514 0.00 623.04 2188.10
11.92 2.08 24.75 365.74 4.00 399524 0.00 622.63 2188.39
11.92 2.08 24.75 365.74 4.00 399534 0.00 622.63 2188.64
11.92 2.08 24.75 365.86 4.00 399544 0.00 623.04 2188.89
11.92 2.08 24.75 365.86 4.00 399554 0.00 623.04 2189.14
11.92 2.08 24.75 365.86 4.00 399564 0.00 623.04 2189.38
11.92 2.08 24.75 365.98 4.00 399574 0.00 623.45 2189.64
11.92 2.08 24.75 365.98 4.00 399584 0.00 623.45 2189.88
11.92 2.08 24.75 366.10 4.00 399594 0.00 623.86 2190.12
11.92 2.08 24.75 366.10 4.00 399604 0.00 623.86 2190.37
11.92 2.08 24.75 366.22 4.00 399614 0.00 624.28 2190.63
11.92 2.08 24.75 366.10 4.00 399624 0.00 623.86 2190.87
11.92 2.08 24.75 366.22 4.00 399634 0.00 624.28 2191.11
11.92 2.08 24.75 366.34 4.00 399644 0.00 624.69 2191.37
11.92 2.08 24.75 366.34 4.00 399654 0.00 624.69 2191.62
11.86 3.07 36.42 366.58 4.00 399664 0.00 625.51 2191.90
11.86 3.07 36.42 366.58 4.00 399674 0.00 625.51 2192.26
11.86 3.07 36.42 366.58 4.00 399684 0.00 625.51 2192.64
11.86 3.07 36.42 366.70 4.00 399694 0.00 625.92 2193.00
11.86 3.07 36.42 366.70 4.00 399704 0.00 625.92 2193.36
11.86 3.07 36.42 366.58 4.00 399714 0.00 625.51 2193.74
11.86 3.07 36.42 366.82 4.00 399724 0.00 626.34 2194.10
11.86 3.07 36.42 366.82 4.00 399734 0.00 626.34 2194.45
11.86 3.07 36.42 366.95 4.00 399744 0.00 626.75 2194.81
11.86 3.07 36.42 366.95 4.00 399754 0.00 626.75 2195.19
11.86 3.07 36.42 367.07 4.00 399764 0.00 627.17 2195.55
11.86 3.07 36.42 367.07 4.00 399774 0.00 627.17 2195.91
11.86 3.07 36.42 367.07 4.00 399784 0.00 627.17 2196.29
11.86 3.07 36.42 367.19 4.00 399794 0.00 627.58 2196.65
11.94 1.94 23.19 367.19 4.00 399804 0.00 627.58 2196.98
11.94 1.94 23.19 367.07 4.00 399814 0.00 627.17 2197.21
11.94 1.94 23.19 367.31 4.00 399824 0.00 628.00 2197.45
11.94 1.94 23.19 367.31 4.00 399834 0.00 628.00 2197.68
11.94 1.94 23.19 367.43 4.00 399844 0.00 628.41 2197.90
11.94 1.94 23.19 367.43 4.00 399854 0.00 628.41 2198.13
11.94 1.94 23.19 367.55 4.00 399864 0.00 628.83 2198.37
11.94 1.94 23.19 367.67 4.00 399874 0.00 629.24 2198.60
11.94 1.94 23.19 367.55 4.00 399884 0.00 628.83 2198.83
11.94 1.94 23.19 367.80 4.00 399894 0.00 629.66 2199.07
11.94 1.94 23.19 367.80 4.00 399904 0.00 629.66 2199.30
11.94 1.94 23.19 367.67 4.00 399914 0.00 629.24 2199.53
11.94 1.94 23.19 367.67 4.00 399924 0.00 629.24 2199.76
11.94 1.94 23.19 367.80 4.00 399934 0.00 629.66 2200.00
11.94 1.94 23.19 367.92 4.00 399944 0.00 630.08 2200.23
11.92 2.09 24.85 368.04 4.00 399954 0.00 630.49 2200.47
11.92 2.09 24.85 368.04 4.00 399964 0.00 630.49 2200.71
11.92 2.09 24.85 368.04 4.00 399974 0.00 630.49 2200.97
11.92 2.09 24.85 368.16 4.00 399984 0.00 630.91 2201.22
11.92 2.09 24.85 368.16 4.00 399994 0.00 630.91 2201.46
11.92 2.09 24.85 368.28 4.00 400004 0.00 631.33 2201.72
11.92 2.09 24.85 368.28 4.00 400014 0.00 631.33 2201.97
11.92 2.09 24.85 368.28 4.00 400024 0.00 631.33 2202.21
11.92 2.09 24.85 368.28 4.00 400034 0.00 631.33 2202.45
11.92 2.09 24.85 368.41 4.00 400044 0.00 631.75 2202.71
11.92 2.09 24.85 368.53 4.00 400054 0.00 632.17 2202.96
11.92 2.09 24.85 368.41 4.00 400064 0.00 631.75 2203.20
11.92 2.09 24.85 368.53 4.00 400074 0.00 632.17 2203.46
11.92 2.09 24.85 368.65 4.00 400084 0.00 632.59 2203.71
11.92 2.05 24.48 368.77 4.00 400094 0.00 633.01 2203.95
11.92 2.05 24.48 368.77 4.00 400104 0.00 633.01 2204.19
11.92 2.05 24.48 368.89 4.00 400114 0.00 633.43 2204.44
11.92 2.05 24.48 369.02 4.00 400124 0.00 633.85 2204.68
11.92 2.05 24.48 368.89 4.00 400134 0.00 633.43 2204.92
11.92 2.05 24.48 368.77 4.00 400144 0.00 633.01 2205.18
11.92 2.05 24.48 368.89 4.00 400154 0.00 633.43 2205.42
11.92 2.05 24.48 369.14 4.00 400164 0.00 634.27 2205.66
11.92 2.05 24.48 369.02 4.00 400174 0.00 633.85 2205.90
11.92 2.05 24.48 369.14 4.00 400184 0.00 634.27 2206.16
11.92 2.05 24.48 369.02 4.00 400194 0.00 633.85 2206.40
11.92 2.05 24.48 369.39 4.00 400204 0.00 635.11 2206.64
11.92 2.05 24.48 369.26 4.00 400214 0.00 634.69 2206.88
11.92 2.05 24.48 369.26 4.00 400224 0.00 634.69 2207.14
11.89 2.67 31.80 369.26 4.00 400234 0.00 634.69 2207.42
11.89 2.67 31.80 369.39 4.00 400244 0.00 635.11 2207.73
11.89 2.67 31.80 369.39 4.00 400254 0.00 635.11 2208.05
11.89 2.67 31.80 369.63 4.00 400264 0.00 635.96 2208.38
11.89 2.67 31.80 369.63 4.00 400274 0.00 635.96 2208.69
11.89 2.67 31.80 369.63 4.00 400284 0.00 635.96 2209.00
11.89 2.67 31.80 369.75 4.00 400294 0.00 636.38 2209.34
11.89 2.67 31.80 369.63 4.00 400304 0.00 635.96 2209.65
11.89 2.67 31.80 370.00 4.00 400314 0.00 637.23 2209.96
11.89 2.67 31.80 369.88 4.00 400324 0.00 636.81 2210.27
11.89 2.67 31.80 370.00 4.00 400334 0.00 637.23 2210.61
11.89 2.67 31.80 370.00 4.00 400344 0.00 637.23 2210.92
11.89 2.67 31.80 370.12 4.00 400354 0.00 637.66 2211.23
11.89 2.67 31.80 370.12 4.00 400364 0.00 637.66 2211.56
11.49 3.03 34.79 370.12 4.00 400374 0.00 637.66 2211.89
11.49 3.03 34.79 370.25 4.00 400384 0.00 638.08 2212.23
11.49 3.03 34.79 370.37 4.00 400394 0.00 638.51 2212.59
11.49 3.03 34.79 370.25 4.00 400404 0.00 638.08 2212.93
11.49 3.03 34.79 370.37 4.00 400414 0.00 638.51 2213.27
11.49 3.03 34.79 370.37 4.00 400424 0.00 638.51 2213.63
11.49 3.03 34.79 370.37 4.00 400434 0.00 638.51 2213.97
11.49 3.03 34.79 370.49 4.00 400444 0.00 638.93 2214.31
11.49 3.03 34.79 370.62 4.00 400454 0.00 639.36 2214.67
11.49 3.03 34.79 370.62 4.00 400464 0.00 639.36 2215.02
11.49 3.03 34.79 370.74 4.00 400474 0.00 639.78 2215.35
11.49 3.03 34.79 370.62 4.00 400484 0.00 639.36 2215.72
11.49 3.03 34.79 370.62 4.00 400494 0.00 639.36 2216.06
11.49 3.03 34.79 370.86 4.00 400504 0.00 640.21 2216.40
12.08 1.81 21.90 370.86 4.00 400514 0.00 640.21 2216.73
12.08 1.81 21.90 371.11 4.00 400524 0.00 641.07 2216.95
12.08 1.81 21.90 370.99 4.00 400534 0.00 640.64 2217.16
12.08 1.81 21.90 370.99 4.00 400544 0.00 640.64 2217.39
12.08 1.81 21.90 370.86 4.00 400554 0.00 640.21 2217.61
12.08 1.81 21.90 371.11 4.00 400564 0.00 641.07 2217.82
12.08 1.81 21.90 371.24 4.00 400574 0.00 641.50 2218.04
12.08 1.81 21.90 371.11 4.00 400584 0.00 641.07 2218.27
12.08 1.81 21.90 371.24 4.00 400594 0.00 641.50 2218.48
12.08 1.81 21.90 371.24 4.00 400604 0.00 641.50 2218.70
12.08 1.81 21.90 371.36 4.00 400614 0.00 641.93 2218.93
12.08 1.81 21.90 371.48 4.00 400624 0.00 642.35 2219.14
12.08 1.81 21.90 371.36 4.00 400634 0.00 641.93 2219.36
12.08 1.81 21.90 371.36 4.00 400644 0.00 641.93 2219.57
12.08 1.81 21.90 371.36 4.00 400654 0.00 641.93 2219.80
11.92 1.91 22.75 371.48 4.00 400664 0.00 642.35 2220.02
11.92 1.91 22.75 371.61 4.00 400674 0.00 642.78 2220.25
11.92 1.91 22.75 371.36 4.00 400684 0.00 641.93 2220.47
11.92 1.91 22.75 371.73 4.00 400694 0.00 643.21 2220.71
11.92 1.91 22.75 371.73 4.00 400704 0.00 643.21 2220.93
11.92 1.91 22.75 371.61 4.00 400714 0.00 642.78 2221.16
11.92 1.91 22.75 371.73 4.00 400724 0.00 643.21 2221.39
11.92 1.91 22.75 371.73 4.00 400734 0.00 643.21 2221.62
11.92 1.91 22.75 371.73 4.00 400744 0.00 643.21 2221.84
11.92 1.91 22.75 371.73 4.00 400754 0.00 643.21 2222.07
11.92 1.91 22.75 371.73 4.00 400764 0.00 643.21 2222.30
11.92 1.91 22.75 371.86 4.00 400774 0.00 643.65 2222.53
11.92 1.91 22.75 371.86 4.00 400784 0.00 643.65 2222.75
11.92 1.91 22.75 371.86 4.00 400794 0.00 643.65 2222.99
11.91 2.09 24.84 371.98 4.00 400804 0.00 644.08 2223.23
11.91 2.09 24.84 371.98 4.00 400814 0.00 644.08 2223.47
11.91 2.09 24.84 372.11 4.00 400824 0.00 644.51 2223.72
11.91 2.09 24.84 372.11 4.00 400834 0.00 644.51 2223.98
11.91 2.09 24.84 372.11 4.00 400844 0.00 644.51 2224.22
11.91 2.09 24.84 372.23 4.00 400854 0.00 644.94 2224.46
11.91 2.09 24.84 372.11 4.00 400864 0.00 644.51 2224.72
11.91 2.09 24.84 372.23 4.00 400874 0.00 644.94 2224.97
11.91 2.09 24.84 372.36 4.00 400884 0.00 645.37 2225.21
11.91 2.09 24.84 372.23 4.00 400894 0.00 644.94 2225.46
11.91 2.09 24.84 372.36 4.00 400904 0.00 645.37 2225.71
11.91 2.09 24.84 372.36 4.00 400914 0.00 645.37 2225.96
11.91 2.09 24.84 372.48 4.00 400924 0.00 645.80 2226.20
11.91 2.09 24.84 372.23 4.00 400934 0.00 644.94 2226.46
11.94 1.21 14.39 372.23 4.00 400944 0.00 644.94 2226.64
11.94 1.21 14.39 372.36 4.00 400954 0.00 645.37 2226.79
11.94 1.21 14.39 372.36 4.00 400964 0.00 645.37 2226.93
11.94 1.21 14.39 372.61 4.00 400974 0.00 646.24 2227.08
11.94 1.21 14.39 372.48 4.00 400984 0.00 645.80 2227.22
11.94 1.21 14.39 372.36 4.00 400994 0.00 645.37 2227.36
11.94 1.21 14.39 372.48 4.00 401004 0.00 645.80 2227.50
11.94 1.21 14.39 372.73 4.00 401014 0.00 646.67 2227.65
11.94 1.21 14.39 372.61 4.00 401024 0.00 646.24 2227.79
11.94 1.21 14.39 372.73 4.00 401034 0.00 646.67 2227.93
11.94 1.21 14.39 372.73 4.00 401044 0.00 646.67 2228.09
11.94 1.21 14.39 372.98 4.00 401054 0.00 647.54 2228.23
11.94 1.21 14.39 372.73 4.00 401064 0.00 646.67 2228.37
11.94 1.21 14.39 372.86 4.00 401074 0.00 647.11 2228.51
11.91 2.36 28.16 372.86 4.00 401084 0.00 647.11 2228.71
11.91 2.36 28.16 373.11 4.00 401094 0.00 647.97 2228.99
11.91 2.36 28.16 373.11 4.00 401104 0.00 647.97 2229.27
11.91 2.36 28.16 373.11 4.00 401114 0.00 647.97 2229.56
11.91 2.36 28.16 373.23 4.00 401124 0.00 648.41 2229.84
11.91 2.36 28.16 373.11 4.00 401134 0.00 647.97 2230.12
11.91 2.36 28.16 373.23 4.00 401144 0.00 648.41 2230.39
11.91 2.36 28.16 373.36 4.00 401154 0.00 648.85 2230.69
11.91 2.36 28.16 373.36 4.00 401164 0.00 648.85 2230.96
11.91 2.36 28.16 373.23 4.00 401174 0.00 648.41 2231.24
11.91 2.36 28.16 373.36 4.00 401184 0.00 648.85 2231.52
11.91 2.36 28.16 373.48 4.00 401194 0.00 649.28 2231.81
11.91 2.36 28.16 373.48 4.00 401204 0.00 649.28 2232.09
11.91 2.36 28.16 373.48 4.00 401214 0.00 649.28 2232.37
11.93 2.53 30.16 373.61 4.00 401224 0.00 649.72 2232.66
11.93 2.53 30.16 373.61 4.00 401234 0.00 649.72 2232.96
11.93 2.53 30.16 373.73 4.00 401244 0.00 650.16 2233.25
11.93 2.53 30.16 373.73 4.00 401254 0.00 650.16 2233.57
11.93 2.53 30.16 373.73 4.00 401264 0.00 650.16 2233.86
11.93 2.53 30.16 373.73 4.00 401274 0.00 650.16 2234.16
11.93 2.53 30.16 373.73 4.00 401284 0.00 650.16 2234.47
11.93 2.53 30.16 373.86 4.00 401294 0.00 650.59 2234.77
11.93 2.53 30.16 373.73 4.00 401304 0.00 650.16 2235.06
11.93 2.53 30.16 373.73 4.00 401314 0.00 650.16 2235.38
11.93 2.53 30.16 373.73 4.00 401324 0.00 650.16 2235.67
11.93 2.53 30.16 373.73 4.00 401334 0.00 650.16 2235.97
11.93 2.53 30.16 373.61 4.00 401344 0.00 649.72 2236.28
11.93 2.53 30.16 373.61 4.00 401354 0.00 649.72 2236.58
11.93 2.53 30.16 373.86 4.00 401364 0.00 650.59 2236.87
12.42 -0.01 -0.17 373.48 4.00 401374 0.00 649.28 2236.87
12.42 -0.01 -0.17 373.61 4.00 401384 0.00 649.72 2236.87
12.42 -0.01 -0.17 373.48 4.00 401394 0.00 649.28 2236.87
12.42 -0.01 -0.17 373.48 4.00 401404 0.00 649.28 2236.86
12.42 -0.01 -0.17 373.61 4.00 401414 0.00 649.72 2236.86
12.42 -0.01 -0.17 373.61 4.00 401424 0.00 649.72 2236.86
12.42 -0.01 -0.17 373.48 4.00 401434 0.00 649.28 2236.86
12.42 -0.01 -0.17 373.48 4.00 401444 0.00 649.28 2236.86
12.42 -0.01 -0.17 373.48 4.00 401454 0.00 649.28 2236.86
12.42 -0.01 -0.17 373.61 4.00 401464 0.00 649.72 2236.85
12.42 -0.01 -0.17 373.23 4.00 401474 0.00 648.41 2236.85
12.42 -0.01 -0.17 373.48 4.00 401484 0.00 649.28 2236.85
12.42 -0.01 -0.17 373.48 4.00 401494 0.00 649.28 2236.85
12.42 -0.01 -0.17 373.36 4.00 401504 0.00 648.85 2236.85
11.95 0.02 0.30 373.36 4.00 401514 0.00 648.85 2236.85
11.95 0.02 0.30 373.23 4.00 401524 0.00 648.41 2236.85
11.95 0.02 0.30 373.23 4.00 401534 0.00 648.41 2236.86
11.95 0.02 0.30 373.23 4.00 401544 0.00 648.41 2236.86
11.95 0.02 0.30 373.23 4.00 401554 0.00 648.41 2236.86
11.95 0.02 0.30 373.23 4.00 401564 0.00 648.41 2236.86
11.95 0.02 0.30 373.23 4.00 401574 0.00 648.41 2236.87
11.95 0.02 0.30 373.11 4.00 401584 0.00 647.97 2236.87
11.95 0.02 0.30 373.11 4.00 401594 0.00 647.97 2236.87
11.95 0.02 0.30 373.11 4.00 401604 0.00 647.97 2236.88
11.95 0.02 0.30 373.23 4.00 401614 0.00 648.41 2236.88
11.95 0.02 0.30 372.98 4.00 401624 0.00 647.54 2236.88
11.95 0.02 0.30 373.36 4.00 401634 0.00 648.85 2236.89
11.95 0.02 0.30 372.98 4.00 401644 0.00 647.54 2236.89
11.98 0.01 0.11 373.23 4.00 401654 0.00 648.41 2236.89
11.98 0.01 0.11 373.11 4.00 401664 0.00 647.97 2236.89
11.98 0.01 0.11 373.11 4.00 401674 0.00 647.97 2236.89
11.98 0.01 0.11 373.11 4.00 401684 0.00 647.97 2236.89
11.98 0.01 0.11 373.11 4.00 401694 0.00 647.97 2236.89
11.98 0.01 0.11 373.11 4.00 401704 0.00 647.97 2236.90
11.98 0.01 0.11 373.23 4.00 401714 0.00 648.41 2236.90
11.98 0.01 0.11 373.11 4.00 401724 0.00 647.97 2236.90
11.98 0.01 0.11 373.23 4.00 401734 0.00 648.41 2236.90
11.98 0.01 0.11 373.23 4.00 401744 0.00 648.41 2236.90
11.98 0.01 0.11 373.36 4.00 401754 0.00 648.85 2236.90
11.98 0.01 0.11 373.23 4.00 401764 0.00 648.41 2236.90
11.98 0.01 0.11 373.23 4.00 401774 0.00 648.41 2236.90
11.98 0.01 0.11 373.36 4.00 401784 0.00 648.85 2236.90
11.89 2.39 28.47 373.36 4.00 401794 0.00 648.85 2237.02
11.89 2.39 28.47 373.48 4.00 401804 0.00 649.28 2237.30
11.89 2.39 28.47 373.48 4.00 401814 0.00 649.28 2237.58
11.89 2.39 28.47 373.61 4.00 401824 0.00 649.72 2237.87
11.89 2.39 28.47 373.48 4.00 401834 0.00 649.28 2238.16
11.89 2.39 28.47 373.61 4.00 401844 0.00 649.72 2238.43
11.89 2.39 28.47 373.61 4.00 401854 0.00 649.72 2238.73
11.89 2.39 28.47 373.61 4.00 401864 0.00 649.72 2239.01
11.89 2.39 28.47 373.61 4.00 401874 0.00 649.72 2239.29
11.89 2.39 28.47 373.61 4.00 401884 0.00 649.72 2239.57
11.89 2.39 28.47 373.61 4.00 401894 0.00 649.72 2239.87
11.89 2.39 28.47 373.73 4.00 401904 0.00 650.16 2240.15
11.89 2.39 28.47 373.36 4.00 401914 0.00 648.85 2240.43
11.89 2.39 28.47 373.73 4.00 401924 0.00 650.16 2240.71
11.89 2.10 24.94 373.86 4.00 401934 0.00 650.59 2241.00
11.85 2.10 24.84 373.73 4.00 401944 0.00 650.16 2241.24
11.85 2.10 24.84 373.86 4.00 401954 0.00 650.59 2241.49
11.85 2.10 24.84 373.73 4.00 401964 0.00 650.16 2241.75
11.85 2.10 24.84 373.99 4.00 401974 0.00 651.03 2241.99
11.85 2.10 24.84 373.86 4.00 401984 0.00 650.59 2242.24
11.85 2.10 24.84 373.99 4.00 401994 0.00 651.03 2242.48
11.85 2.10 24.84 373.99 4.00 402004 0.00 651.03 2242.74
11.85 2.10 24.84 374.11 4.00 402014 0.00 651.47 2242.98
11.85 2.10 24.84 374.11 4.00 402024 0.00 651.47 2243.23
11.85 2.10 24.84 374.24 4.00 402034 0.00 651.91 2243.49
11.85 2.10 24.84 374.24 4.00 402044 0.00 651.91 2243.73
11.85 2.10 24.84 374.36 4.00 402054 0.00 652.35 2243.98
11.85 2.10 24.84 374.49 4.00 402064 0.00 652.79 2244.22
11.85 2.10 24.84 374.49 4.00 402074 0.00 652.79 2244.48
11.98 1.68 20.12 374.49 4.00 402084 0.00 652.79 2244.68
11.98 1.68 20.12 374.36 4.00 402094 0.00 652.35 2244.87
11.98 1.68 20.12 374.49 4.00 402104 0.00 652.79 2245.07
11.98 1.68 20.12 374.49 4.00 402114 0.00 652.79 2245.28
11.98 1.68 20.12 374.62 4.00 402124 0.00 653.23 2245.48
11.98 1.68 20.12 374.49 4.00 402134 0.00 652.79 2245.68
11.98 1.68 20.12 374.62 4.00 402144 0.00 653.23 2245.88
11.98 1.68 20.12 374.62 4.00 402154 0.00 653.23 2246.09
11.98 1.68 20.12 374.74 4.00 402164 0.00 653.67 2246.29
11.98 1.68 20.12 374.62 4.00 402174 0.00 653.23 2246.48
11.98 1.68 20.12 374.87 4.00 402184 0.00 654.11 2246.69
11.98 1.68 20.12 374.87 4.00 402194 0.00 654.11 2246.89
11.98 1.68 20.12 375.00 4.00 402204 0.00 654.55 2247.09
11.98 1.68 20.12 375.00 4.00 402214 0.00 654.55 2247.29
11.93 1.87 22.31 375.00 4.00 402224 0.00 654.55 2247.51
11.93 1.87 22.31 375.00 4.00 402234 0.00 654.55 2247.73
11.93 1.87 22.31 375.00 4.00 402244 0.00 654.55 2247.95
11.93 1.87 22.31 375.25 4.00 402254 0.00 655.44 2248.17
11.93 1.87 22.31 375.25 4.00 402264 0.00 655.44 2248.41
11.93 1.87 22.31 375.25 4.00 402274 0.00 655.44 2248.63
11.93 1.87 22.31 375.25 4.00 402284 0.00 655.44 2248.84
11.93 1.87 22.31 375.38 4.00 402294 0.00 655.88 2249.06
11.93 1.87 22.31 375.25 4.00 402304 0.00 655.44 2249.30
11.93 1.87 22.31 375.38 4.00 402314 0.00 655.88 2249.52
11.93 1.87 22.31 375.50 4.00 402324 0.00 656.32 2249.74
11.93 1.87 22.31 375.50 4.00 402334 0.00 656.32 2249.97
11.93 1.87 22.31 375.50 4.00 402344 0.00 656.32 2250.19
11.93 1.87 22.31 375.50 4.00 402354 0.00 656.32 2250.41
11.90 2.76 32.85 375.63 4.00 402364 0.00 656.77 2250.68
11.90 2.76 32.85 375.63 4.00 402374 0.00 656.77 2251.03
11.90 2.76 32.85 375.76 4.00 402384 0.00 657.21 2251.35
11.90 2.76 32.85 375.88 4.00 402394 0.00 657.66 2251.67
11.90 2.76 32.85 375.88 4.00 402404 0.00 657.66 2252.01
11.90 2.76 32.85 375.88 4.00 402414 0.00 657.66 2252.34
11.90 2.76 32.85 375.88 4.00 402424 0.00 657.66 2252.66
11.90 2.76 32.85 375.88 4.00 402434 0.00 657.66 2252.98
11.90 2.76 32.85 376.01 4.00 402444 0.00 658.10 2253.33
11.90 2.76 32.85 376.01 4.00 402454 0.00 658.10 2253.65
11.90 2.76 32.85 376.14 4.00 402464 0.00 658.55 2253.97
11.90 2.76 32.85 376.14 4.00 402474 0.00 658.55 2254.29
11.90 2.76 32.85 376.14 4.00 402484 0.00 658.55 2254.64
11.90 2.76 32.85 376.14 4.00 402494 0.00 658.55 2254.96
11.92 1.98 23.62 376.27 4.00 402504 0.00 658.99 2255.25
11.92 1.98 23.62 376.27 4.00 402514 0.00 658.99 2255.50
11.92 1.98 23.62 376.27 4.00 402524 0.00 658.99 2255.73
11.92 1.98 23.62 376.39 4.00 402534 0.00 659.44 2255.96
11.92 1.98 23.62 376.39 4.00 402544 0.00 659.44 2256.20
11.92 1.98 23.62 376.39 4.00 402554 0.00 659.44 2256.44
11.92 1.98 23.62 376.52 4.00 402564 0.00 659.89 2256.67
11.92 1.98 23.62 376.52 4.00 402574 0.00 659.89 2256.91
11.92 1.98 23.62 376.65 4.00 402584 0.00 660.33 2257.15
11.92 1.98 23.62 376.65 4.00 402594 0.00 660.33 2257.39
11.92 1.98 23.62 376.78 4.00 402604 0.00 660.78 2257.62
11.92 1.98 23.62 376.78 4.00 402614 0.00 660.78 2257.85
11.92 1.98 23.62 376.78 4.00 402624 0.00 660.78 2258.10
11.92 1.98 23.62 376.90 4.00 402634 0.00 661.23 2258.33
11.92 1.76 21.02 376.90 4.00 402644 0.00 661.23 2258.56
11.92 1.76 21.03 377.03 4.00 402654 0.00 661.68 2258.76
11.92 1.76 21.03 376.90 4.00 402664 0.00 661.23 2258.98
11.92 1.76 21.03 376.90 4.00 402674 0.00 661.23 2259.19
11.92 1.76 21.03 376.90 4.00 402684 0.00 661.23 2259.40
11.92 1.76 21.03 377.03 4.00 402694 0.00 661.68 2259.62
11.92 1.76 21.03 377.16 4.00 402704 0.00 662.13 2259.83
11.92 1.76 21.03 377.03 4.00 402714 0.00 661.68 2260.03
11.92 1.76 21.03 377.16 4.00 402724 0.00 662.13 2260.24
11.92 1.76 21.03 377.29 4.00 402734 0.00 662.58 2260.46
11.92 1.76 21.03 377.29 4.00 402744 0.00 662.58 2260.66
11.92 1.76 21.03 377.29 4.00 402754 0.00 662.58 2260.87
11.92 1.76 21.03 377.29 4.00 402764 0.00 662.58 2261.09
11.92 1.76 21.03 377.54 4.00 402774 0.00 663.48 2261.30
11.92 1.76 21.03 377.42 4.00 402784 0.00 663.03 2261.50
11.92 2.18 25.95 377.42 4.00 402794 0.00 663.03 2261.76
11.92 2.18 25.95 377.67 4.00 402804 0.00 663.93 2262.03
11.92 2.18 25.95 377.54 4.00 402814 0.00 663.48 2262.28
11.92 2.18 25.95 377.80 4.00 402824 0.00 664.38 2262.54
11.92 2.18 25.95 377.80 4.00 402834 0.00 664.38 2262.81
11.92 2.18 25.95 377.93 4.00 402844 0.00 664.83 2263.07
11.92 2.18 25.95 377.67 4.00 402854 0.00 663.93 2263.32
11.92 2.18 25.95 377.80 4.00 402864 0.00 664.38 2263.58
11.92 2.18 25.95 377.93 4.00 402874 0.00 664.83 2263.85
11.92 2.18 25.95 377.93 4.00 402884 0.00 664.83 2264.10
11.92 2.18 25.95 377.80 4.00 402894 0.00 664.38 2264.36
11.92 2.18 25.95 377.80 4.00 402904 0.00 664.38 2264.61
11.92 2.18 25.95 378.06 4.00 402914 0.00 665.29 2264.88
11.92 2.18 25.95 377.93 4.00 402924 0.00 664.83 2265.14
11.92 2.06 24.53 377.93 4.00 402934 0.00 664.83 2265.38
11.92 2.06 24.53 378.19 4.00 402944 0.00 665.74 2265.64
11.92 2.06 24.53 377.93 4.00 402954 0.00 664.83 2265.88
11.92 2.06 24.53 377.93 4.00 402964 0.00 664.83 2266.12
11.92 2.06 24.53 378.19 4.00 402974 0.00 665.74 2266.36
11.92 2.06 24.53 378.06 4.00 402984 0.00 665.29 2266.62
11.92 2.06 24.53 378.19 4.00 402994 0.00 665.74 2266.86
11.92 2.06 24.53 378.19 4.00 403004 0.00 665.74 2267.10
11.92 2.06 24.53 378.32 4.00 403014 0.00 666.19 2267.36
11.92 2.06 24.53 378.19 4.00 403024 0.00 665.74 2267.60
11.92 2.06 24.53 378.32 4.00 403034 0.00 666.19 2267.84
11.92 2.06 24.53 378.32 4.00 403044 0.00 666.19 2268.08
11.92 2.06 24.53 378.32 4.00 403054 0.00 666.19 2268.33
11.92 2.06 24.53 378.32 4.00 403064 0.00 666.19 2268.58
11.92 1.74 20.68 378.44 4.00 403074 0.00 666.65 2268.80
11.92 1.74 20.68 378.32 4.00 403084 0.00 666.19 2269.01
11.92 1.74 20.68 378.57 4.00 403094 0.00 667.10 2269.22
11.92 1.74 20.68 378.44 4.00 403104 0.00 666.65 2269.42
11.92 1.74 20.68 378.57 4.00 403114 0.00 667.10 2269.62
11.92 1.74 20.68 378.57 4.00 403124 0.00 667.10 2269.84
11.92 1.74 20.68 378.57 4.00 403134 0.00 667.10 2270.04
11.92 1.74 20.68 378.70 4.00 403144 0.00 667.56 2270.24
11.92 1.74 20.68 378.57 4.00 403154 0.00 667.10 2270.46
11.92 1.74 20.68 378.70 4.00 403164 0.00 667.56 2270.66
11.92 1.74 20.68 378.70 4.00 403174 0.00 667.56 2270.87
11.92 1.74 20.68 378.83 4.00 403184 0.00 668.01 2271.07
11.92 1.74 20.68 378.83 4.00 403194 0.00 668.01 2271.29
11.92 1.74 20.68 378.83 4.00 403204 0.00 668.01 2271.49
11.93 1.64 19.62 378.96 4.00 403214 0.00 668.47 2271.69
11.93 1.64 19.62 378.96 4.00 403224 0.00 668.47 2271.89
11.93 1.64 19.62 378.96 4.00 403234 0.00 668.47 2272.09
11.93 1.64 19.62 378.96 4.00 403244 0.00 668.47 2272.28
11.93 1.64 19.62 378.96 4.00 403254 0.00 668.47 2272.47
11.93 1.64 19.62 379.09 4.00 403264 0.00 668.92 2272.68
11.93 1.64 19.62 378.83 4.00 403274 0.00 668.01 2272.87
11.93 1.64 19.62 379.09 4.00 403284 0.00 668.92 2273.06
11.93 1.64 19.62 379.22 4.00 403294 0.00 669.38 2273.26
11.93 1.64 19.62 379.35 4.00 403304 0.00 669.84 2273.46
11.93 1.64 19.62 379.35 4.00 403314 0.00 669.84 2273.65
11.93 1.64 19.62 379.22 4.00 403324 0.00 669.38 2273.85
11.93 1.64 19.62 379.35 4.00 403334 0.00 669.84 2274.04
11.93 1.64 19.62 379.22 4.00 403344 0.00 669.38 2274.25
11.93 1.82 21.69 379.48 4.00 403354 0.00 670.29 2274.44
11.95 1.82 21.73 379.61 4.00 403364 0.00 670.75 2274.65
11.95 1.82 21.73 379.48 4.00 403374 0.00 670.29 2274.88
11.95 1.82 21.73 379.48 4.00 403384 0.00 670.29 2275.10
11.95 1.82 21.73 379.61 4.00 403394 0.00 670.75 2275.31
11.95 1.82 21.73 379.61 4.00 403404 0.00 670.75 2275.52
11.95 1.82 21.73 379.48 4.00 403414 0.00 670.29 2275.75
11.95 1.82 21.73 379.61 4.00 403424 0.00 670.75 2275.96
11.95 1.82 21.73 379.61 4.00 403434 0.00 670.75 2276.18
11.95 1.82 21.73 379.61 4.00 403444 0.00 670.75 2276.40
11.95 1.82 21.73 379.61 4.00 403454 0.00 670.75 2276.62
11.95 1.82 21.73 379.61 4.00 403464 0.00 670.75 2276.83
11.95 1.82 21.73 379.61 4.00 403474 0.00 670.75 2277.05
11.95 1.82 21.73 379.61 4.00 403484 0.00 670.75 2277.27
11.95 1.82 21.73 379.74 4.00 403494 0.00 671.21 2277.49
11.90 1.72 20.52 379.87 4.00 403504 0.00 671.67 2277.69
11.90 1.72 20.52 379.87 4.00 403514 0.00 671.67 2277.89
11.90 1.72 20.52 379.87 4.00 403524 0.00 671.67 2278.10
11.90 1.72 20.52 379.74 4.00 403534 0.00 671.21 2278.31
11.90 1.72 20.52 379.87 4.00 403544 0.00 671.67 2278.51
11.90 1.72 20.52 379.87 4.00 403554 0.00 671.67 2278.71
11.90 1.72 20.52 380.13 4.00 403564 0.00 672.59 2278.92
11.90 1.72 20.52 380.00 4.00 403574 0.00 672.13 2279.12
11.90 1.72 20.52 380.00 4.00 403584 0.00 672.13 2279.33
11.90 1.72 20.52 380.00 4.00 403594 0.00 672.13 2279.54
11.90 1.72 20.52 379.87 4.00 403604 0.00 671.67 2279.74
11.90 1.72 20.52 380.00 4.00 403614 0.00 672.13 2279.94
11.90 1.72 20.52 379.87 4.00 403624 0.00 671.67 2280.15
11.90 1.72 20.52 380.26 4.00 403634 0.00 673.05 2280.36
11.93 1.46 17.42 380.00 4.00 403644 0.00 672.13 2280.54
11.93 1.46 17.42 380.00 4.00 403654 0.00 672.13 2280.71
11.93 1.46 17.42 380.13 4.00 403664 0.00 672.59 2280.89
11.93 1.46 17.42 380.13 4.00 403674 0.00 672.59 2281.06
11.93 1.46 17.42 380.13 4.00 403684 0.00 672.59 2281.24
11.93 1.46 17.42 380.26 4.00 403694 0.00 673.05 2281.41
11.93 1.46 17.42 380.26 4.00 403704 0.00 673.05 2281.58
11.93 1.46 17.42 380.26 4.00 403714 0.00 673.05 2281.76
11.93 1.46 17.42 380.39 4.00 403724 0.00 673.51 2281.93
11.93 1.46 17.42 380.26 4.00 403734 0.00 673.05 2282.10
11.93 1.46 17.42 380.39 4.00 403744 0.00 673.51 2282.29
11.93 1.46 17.42 380.52 4.00 403754 0.00 673.97 2282.46
11.93 1.46 17.42 380.52 4.00 403764 0.00 673.97 2282.63
11.93 1.46 17.42 380.39 4.00 403774 0.00 673.51 2282.81
11.95 1.24 14.80 380.52 4.00 403784 0.00 673.97 2282.97
11.95 1.24 14.80 380.52 4.00 403794 0.00 673.97 2283.11
11.95 1.24 14.80 380.52 4.00 403804 0.00 673.97 2283.26
11.95 1.24 14.80 380.52 4.00 403814 0.00 673.97 2283.41
11.95 1.24 14.80 380.52 4.00 403824 0.00 673.97 2283.56
11.95 1.24 14.80 380.52 4.00 403834 0.00 673.97 2283.70
11.95 1.24 14.80 380.65 4.00 403844 0.00 674.43 2283.86
11.95 1.24 14.80 380.52 4.00 403854 0.00 673.97 2284.00
11.95 1.24 14.80 380.65 4.00 403864 0.00 674.43 2284.15
11.95 1.24 14.80 380.65 4.00 403874 0.00 674.43 2284.29
11.95 1.24 14.80 380.65 4.00 403884 0.00 674.43 2284.45
11.95 1.24 14.80 380.65 4.00 403894 0.00 674.43 2284.59
11.95 1.24 14.80 380.78 4.00 403904 0.00 674.90 2284.74
11.95 1.24 14.80 380.65 4.00 403914 0.00 674.43 2284.89
11.97 1.54 18.49 380.65 4.00 403924 0.00 674.43 2285.05
11.97 1.54 18.49 380.78 4.00 403934 0.00 674.90 2285.23
11.97 1.54 18.49 380.65 4.00 403944 0.00 674.43 2285.41
11.97 1.54 18.49 380.91 4.00 403954 0.00 675.36 2285.61
11.97 1.54 18.49 380.78 4.00 403964 0.00 674.90 2285.79
11.97 1.54 18.49 380.78 4.00 403974 0.00 674.90 2285.97
11.97 1.54 18.49 380.78 4.00 403984 0.00 674.90 2286.16
11.97 1.54 18.49 380.91 4.00 403994 0.00 675.36 2286.34
11.97 1.54 18.49 381.04 4.00 404004 0.00 675.82 2286.53
11.97 1.54 18.49 380.91 4.00 404014 0.00 675.36 2286.71
11.97 1.54 18.49 381.04 4.00 404024 0.00 675.82 2286.90
11.97 1.54 18.49 380.91 4.00 404034 0.00 675.36 2287.08
11.97 1.54 18.49 381.04 4.00 404044 0.00 675.82 2287.26
11.97 1.54 18.49 381.17 4.00 404054 0.00 676.29 2287.45
11.97 1.98 23.69 381.04 4.00 404064 0.00 675.82 2287.65
11.87 1.98 23.50 381.17 4.00 404074 0.00 676.29 2287.88
11.87 1.98 23.50 381.30 4.00 404084 0.00 676.75 2288.11
11.87 1.98 23.50 381.30 4.00 404094 0.00 676.75 2288.35
11.87 1.98 23.50 381.17 4.00 404104 0.00 676.29 2288.58
11.87 1.98 23.50 381.43 4.00 404114 0.00 677.22 2288.81
11.87 1.98 23.50 381.30 4.00 404124 0.00 676.75 2289.04
11.87 1.98 23.50 381.30 4.00 404134 0.00 676.75 2289.29
11.87 1.98 23.50 381.30 4.00 404144 0.00 676.75 2289.52
11.87 1.98 23.50 381.43 4.00 404154 0.00 677.22 2289.75
11.87 1.98 23.50 381.43 4.00 404164 0.00 677.22 2290.00
11.87 1.98 23.50 381.43 4.00 404174 0.00 677.22 2290.23
11.87 1.98 23.50 381.43 4.00 404184 0.00 677.22 2290.46
11.87 1.98 23.50 381.69 4.00 404194 0.00 678.15 2290.69
11.87 1.98 23.50 381.43 4.00 404204 0.00 677.22 2290.94
11.91 1.82 21.68 381.56 4.00 404214 0.00 677.68 2291.15
11.91 1.82 21.68 381.56 4.00 404224 0.00 677.68 2291.36
11.91 1.82 21.68 381.56 4.00 404234 0.00 677.68 2291.59
11.91 1.82 21.68 381.56 4.00 404244 0.00 677.68 2291.80
11.91 1.82 21.68 381.56 4.00 404254 0.00 677.68 2292.02
11.91 1.82 21.68 381.83 4.00 404264 0.00 678.61 2292.23
11.91 1.82 21.68 381.69 4.00 404274 0.00 678.15 2292.45
11.91 1.82 21.68 381.69 4.00 404284 0.00 678.15 2292.67
11.91 1.82 21.68 381.69 4.00 404294 0.00 678.15 2292.88
11.91 1.82 21.68 381.83 4.00 404304 0.00 678.61 2293.09
11.91 1.82 21.68 381.96 4.00 404314 0.00 679.08 2293.32
11.91 1.82 21.68 381.96 4.00 404324 0.00 679.08 2293.53
11.91 1.82 21.68 381.83 4.00 404334 0.00 678.61 2293.75
11.91 1.82 21.68 381.83 4.00 404344 0.00 678.61 2293.97
11.95 1.18 14.08 381.83 4.00 404354 0.00 678.61 2294.13
11.95 1.18 14.08 381.96 4.00 404364 0.00 679.08 2294.27
11.95 1.18 14.08 381.96 4.00 404374 0.00 679.08 2294.41
11.95 1.18 14.08 381.96 4.00 404384 0.00 679.08 2294.55
11.95 1.18 14.08 381.96 4.00 404394 0.00 679.08 2294.69
11.95 1.18 14.08 381.96 4.00 404404 0.00 679.08 2294.83
11.95 1.18 14.08 382.09 4.00 404414 0.00 679.55 2294.98
11.95 1.18 14.08 381.96 4.00 404424 0.00 679.08 2295.12
11.95 1.18 14.08 381.96 4.00 404434 0.00 679.08 2295.25
11.95 1.18 14.08 382.22 4.00 404444 0.00 680.01 2295.39
11.95 1.18 14.08 382.09 4.00 404454 0.00 679.55 2295.54
11.95 1.18 14.08 382.22 4.00 404464 0.00 680.01 2295.68
11.95 1.18 14.08 382.09 4.00 404474 0.00 679.55 2295.82
11.95 1.18 14.08 382.09 4.00 404484 0.00 679.55 2295.96
11.93 1.99 23.74 382.22 4.00 404494 0.00 680.01 2296.15
11.93 1.99 23.74 382.35 4.00 404504 0.00 680.48 2296.38
11.93 1.99 23.74 382.22 4.00 404514 0.00 680.01 2296.61
11.93 1.99 23.74 382.35 4.00 404524 0.00 680.48 2296.86
11.93 1.99 23.74 382.35 4.00 404534 0.00 680.48 2297.09
11.93 1.99 23.74 382.48 4.00 404544 0.00 680.95 2297.33
11.93 1.99 23.74 382.48 4.00 404554 0.00 680.95 2297.56
11.93 1.99 23.74 382.61 4.00 404564 0.00 681.42 2297.81
11.93 1.99 23.74 382.61 4.00 404574 0.00 681.42 2298.04
11.93 1.99 23.74 382.61 4.00 404584 0.00 681.42 2298.28
11.93 1.99 23.74 382.61 4.00 404594 0.00 681.42 2298.52
11.93 1.99 23.74 382.61 4.00 404604 0.00 681.42 2298.76
11.93 1.99 23.74 382.75 4.00 404614 0.00 681.89 2298.99
11.93 1.99 23.74 382.75 4.00 404624 0.00 681.89 2299.22
11.87 3.00 35.60 382.88 4.00 404634 0.00 682.36 2299.51
11.87 3.00 35.60 382.88 4.00 404644 0.00 682.36 2299.86
11.87 3.00 35.60 382.75 4.00 404654 0.00 681.89 2300.21
11.87 3.00 35.60 382.88 4.00 404664 0.00 682.36 2300.58
11.87 3.00 35.60 383.01 4.00 404674 0.00 682.83 2300.93
11.87 3.00 35.60 383.01 4.00 404684 0.00 682.83 2301.28
11.87 3.00 35.60 382.75 4.00 404694 0.00 681.89 2301.63
11.87 3.00 35.60 383.01 4.00 404704 0.00 682.83 2302.00
11.87 3.00 35.60 383.01 4.00 404714 0.00 682.83 2302.35
11.87 3.00 35.60 383.14 4.00 404724 0.00 683.30 2302.70
11.87 3.00 35.60 383.01 4.00 404734 0.00 682.83 2303.07
11.87 3.00 35.60 383.01 4.00 404744 0.00 682.83 2303.42
11.87 3.00 35.60 382.88 4.00 404754 0.00 682.36 2303.77
11.87 3.00 35.60 383.01 4.00 404764 0.00 682.83 2304.14
11.87 1.12 13.26 383.14 4.00 404774 0.00 683.30 2304.48
11.94 1.12 13.35 383.27 4.00 404784 0.00 683.77 2304.61
11.94 1.12 13.35 383.14 4.00 404794 0.00 683.30 2304.75
11.94 1.12 13.35 383.27 4.00 404804 0.00 683.77 2304.88
11.94 1.12 13.35 383.14 4.00 404814 0.00 683.30 2305.01
11.94 1.12 13.35 383.14 4.00 404824 0.00 683.30 2305.15
11.94 1.12 13.35 383.27 4.00 404834 0.00 683.77 2305.28
11.94 1.12 13.35 383.14 4.00 404844 0.00 683.30 2305.41
11.94 1.12 13.35 383.41 4.00 404854 0.00 684.24 2305.55
11.94 1.12 13.35 383.27 4.00 404864 0.00 683.77 2305.68
11.94 1.12 13.35 383.14 4.00 404874 0.00 683.30 2305.81
11.94 1.12 13.35 383.41 4.00 404884 0.00 684.24 2305.95
11.94 1.12 13.35 383.41 4.00 404894 0.00 684.24 2306.08
11.94 1.12 13.35 383.27 4.00 404904 0.00 683.77 2306.21
11.94 1.12 13.35 383.41 4.00 404914 0.00 684.24 2306.35
12.11 0.32 3.83 383.27 4.00 404924 0.00 683.77 2306.40
12.11 0.32 3.83 383.27 4.00 404934 0.00 683.77 2306.43
12.11 0.32 3.83 383.27 4.00 404944 0.00 683.77 2306.47
12.11 0.32 3.83 383.27 4.00 404954 0.00 683.77 2306.51
12.11 0.32 3.83 383.14 4.00 404964 0.00 683.30 2306.55
12.11 0.32 3.83 383.14 4.00 404974 0.00 683.30 2306.59
12.11 0.32 3.83 383.01 4.00 404984 0.00 682.83 2306.63
12.11 0.32 3.83 383.14 4.00 404994 0.00 683.30 2306.66
12.11 0.32 3.83 383.01 4.00 405004 0.00 682.83 2306.70
12.11 0.32 3.83 383.01 4.00 405014 0.00 682.83 2306.74
12.11 0.32 3.83 383.14 4.00 405024 0.00 683.30 2306.78
12.11 0.32 3.83 383.01 4.00 405034 0.00 682.83 2306.82
12.11 0.32 3.83 383.14 4.00 405044 0.00 683.30 2306.86
12.11 0.32 3.83 383.14 4.00 405054 0.00 683.30 2306.89
11.93 1.03 12.29 383.27 4.00 405064 0.00 683.77 2306.99
11.93 1.03 12.29 383.27 4.00 405074 0.00 683.77 2307.11
11.93 1.03 12.29 383.14 4.00 405084 0.00 683.30 2307.24
11.93 1.03 12.29 383.27 4.00 405094 0.00 683.77 2307.36
11.93 1.03 12.29 383.27 4.00 405104 0.00 683.77 2307.48
11.93 1.03 12.29 383.14 4.00 405114 0.00 683.30 2307.61
11.93 1.03 12.29 383.27 4.00 405124 0.00 683.77 2307.73
11.93 1.03 12.29 383.14 4.00 405134 0.00 683.30 2307.85
11.93 1.03 12.29 383.27 4.00 405144 0.00 683.77 2307.97
11.93 1.03 12.29 383.14 4.00 405154 0.00 683.30 2308.10
11.93 1.03 12.29 383.14 4.00 405164 0.00 683.30 2308.22
11.93 1.03 12.29 383.14 4.00 405174 0.00 683.30 2308.34
11.93 1.03 12.29 383.14 4.00 405184 0.00 683.30 2308.46
11.93 1.03 12.29 383.01 4.00 405194 0.00 682.83 2308.59
12.01 0.02 0.22 383.14 4.00 405204 0.00 683.30 2308.65
12.01 0.02 0.22 383.14 4.00 405214 0.00 683.30 2308.66
12.01 0.02 0.22 383.01 4.00 405224 0.00 682.83 2308.66
12.01 0.02 0.22 383.01 4.00 405234 0.00 682.83 2308.66
12.01 0.02 0.22 383.01 4.00 405244 0.00 682.83 2308.66
12.01 0.02 0.22 382.88 4.00 405254 0.00 682.36 2308.67
12.01 0.02 0.22 382.88 4.00 405264 0.00 682.36 2308.67
12.01 0.02 0.22 382.88 4.00 405274 0.00 682.36 2308.67
12.01 0.02 0.22 382.88 4.00 405284 0.00 682.36 2308.67
12.01 0.02 0.22 383.01 4.00 405294 0.00 682.83 2308.67
12.01 0.02 0.22 382.88 4.00 405304 0.00 682.36 2308.68
12.01 0.02 0.22 382.75 4.00 405314 0.00 681.89 2308.68
12.01 0.02 0.22 382.88 4.00 405324 0.00 682.36 2308.68
12.01 0.02 0.22 382.75 4.00 405334 0.00 681.89 2308.68
11.92 1.18 14.12 382.88 4.00 405344 0.00 682.36 2308.72
11.92 1.18 14.12 382.88 4.00 405354 0.00 682.36 2308.87
11.92 1.18 14.12 382.88 4.00 405364 0.00 682.36 2309.01
11.92 1.18 14.12 382.88 4.00 405374 0.00 682.36 2309.15
11.92 1.18 14.12 383.01 4.00 405384 0.00 682.83 2309.29
11.92 1.18 14.12 383.01 4.00 405394 0.00 682.83 2309.43
11.92 1.18 14.12 383.01 4.00 405404 0.00 682.83 2309.57
11.92 1.18 14.12 382.88 4.00 405414 0.00 682.36 2309.71
11.92 1.18 14.12 383.01 4.00 405424 0.00 682.83 2309.85
11.92 1.18 14.12 383.01 4.00 405434 0.00 682.83 2310.00
11.92 1.18 14.12 383.14 4.00 405444 0.00 683.30 2310.14
11.92 1.18 14.12 383.14 4.00 405454 0.00 683.30 2310.27
11.92 1.18 14.12 383.14 4.00 405464 0.00 683.30 2310.42
11.92 1.18 14.12 383.27 4.00 405474 0.00 683.77 2310.56
