25.2075 0.0500 1.2604 1001.67 4.00 144520 0.00 4670.264 274.667
25.2075 0.0500 1.2604 1001.67 4.00 144540 0.00 4670.264 274.692
25.2075 0.0500 1.2604 1001.67 4.00 144560 0.00 4670.264 274.718
25.2075 0.0500 1.2604 1001.67 4.00 144580 0.00 4670.264 274.743
25.2075 0.0500 1.2604 0.00 4.00 144600 0.00 0.000 274.768
25.2075 0.0500 1.2604 0.00 4.00 144620 0.00 0.000 274.793
25.2075 0.0500 1.2604 0.00 4.00 144640 0.00 0.000 274.818
25.2075 0.0500 1.2604 0.00 4.00 144660 0.00 0.000 274.844
25.2075 0.0500 1.2604 0.00 4.00 144680 0.00 0.000 274.869
25.2075 0.0500 1.2604 0.00 4.00 144700 0.00 0.000 274.894
25.2075 0.0500 1.2604 0.00 4.00 144720 0.00 0.000 274.919
25.2075 0.0500 1.2604 0.00 4.00 144740 0.00 0.000 274.944
25.2075 0.0500 1.2604 0.00 4.00 144760 0.00 0.000 274.970
25.2075 0.0500 1.2604 0.00 4.00 144780 0.00 0.000 274.995
25.2075 0.0500 1.2604 0.00 4.00 144800 0.00 0.000 275.020
25.2075 0.0500 1.2604 0.00 4.00 144820 0.00 0.000 275.045
25.2075 0.0500 1.2604 0.00 4.00 144840 0.00 0.000 275.070
25.2075 0.0500 1.2604 0.00 4.00 144860 0.00 0.000 275.096
25.2075 0.0500 1.2604 0.00 4.00 144880 0.00 0.000 275.121
25.2075 0.0500 1.2604 0.00 4.00 144900 0.00 0.000 275.146
25.2075 0.0500 1.2604 0.00 4.00 144920 0.00 0.000 275.171
25.2075 0.0500 1.2604 0.00 4.00 144940 0.00 0.000 275.197
25.2075 0.0500 1.2604 0.00 4.00 144960 0.00 0.000 275.222
25.2075 0.0500 1.2604 0.00 4.00 144980 0.00 0.000 275.247
25.2075 0.0500 1.2604 0.00 4.00 145000 0.00 0.000 275.272
25.2075 0.0500 1.2604 0.00 4.00 145020 0.00 0.000 275.297
25.2075 0.0500 1.2604 0.00 4.00 145040 0.00 0.000 275.323
25.2075 0.0500 1.2604 0.00 4.00 145060 0.00 0.000 275.348
25.2075 0.0500 1.2604 0.00 4.00 145080 0.00 0.000 275.373
25.2075 0.0525 1.3234 0.00 4.00 145100 0.00 0.000 275.399
25.2075 0.0525 1.3234 0.00 4.00 145120 0.00 0.000 275.426
25.2075 0.0525 1.3234 0.00 4.00 145140 0.00 0.000 275.452
25.2075 0.0525 1.3234 0.00 4.00 145160 0.00 0.000 275.479
25.2075 0.0500 1.2604 0.00 4.00 145180 0.00 0.000 275.504
25.2075 0.0500 1.2604 0.00 4.00 145200 0.00 0.000 275.529
25.2075 0.0500 1.2604 0.00 4.00 145220 0.00 0.000 275.554
25.2075 0.0550 1.3864 0.00 4.00 145240 0.00 0.000 275.582
25.2075 0.0550 1.3864 0.00 4.00 145260 0.00 0.000 275.610
25.2075 0.0550 1.3864 0.00 4.00 145280 0.00 0.000 275.638
25.2075 0.0550 1.3864 0.00 4.00 145300 0.00 0.000 275.665
25.2075 0.0500 1.2604 0.00 4.00 145320 0.00 0.000 275.691
25.2075 0.0500 1.2604 0.00 4.00 145340 0.00 0.000 275.716
25.2075 0.0500 1.2604 0.00 4.00 145360 0.00 0.000 275.741
25.2075 0.0475 1.1974 0.00 4.00 145380 0.00 0.000 275.765
25.2075 0.0475 1.1974 0.00 4.00 145400 0.00 0.000 275.789
25.2075 0.0475 1.1974 0.00 4.00 145420 0.00 0.000 275.813
25.2075 0.0475 1.1974 0.00 4.00 145440 0.00 0.000 275.837
25.2075 0.0500 1.2604 0.00 4.00 145460 0.00 0.000 275.862
25.2075 0.0500 1.2604 0.00 4.00 145480 0.00 0.000 275.887
25.2075 0.0500 1.2604 0.00 4.00 145500 0.00 0.000 275.912
25.2075 0.0500 1.2604 0.00 4.00 145520 0.00 0.000 275.938
25.2075 0.0500 1.2604 0.00 4.00 145540 0.00 0.000 275.963
25.2075 0.0500 1.2604 0.00 4.00 145560 0.00 0.000 275.988
25.2075 0.0500 1.2604 0.00 4.00 145580 0.00 0.000 276.013
25.2075 0.0500 1.2604 0.00 4.00 145600 0.00 0.000 276.038
25.2075 0.0500 1.2604 0.00 4.00 145620 0.00 0.000 276.064
25.2075 0.0500 1.2604 0.00 4.00 145640 0.00 0.000 276.089
25.2075 0.0500 1.2604 0.00 4.00 145660 0.00 0.000 276.114
25.2075 0.0500 1.2604 0.00 4.00 145680 0.00 0.000 276.139
25.2075 0.0500 1.2604 0.00 4.00 145700 0.00 0.000 276.164
25.2075 0.0500 1.2604 0.00 4.00 145720 0.00 0.000 276.190
25.2075 0.0500 1.2604 0.00 4.00 145740 0.00 0.000 276.215
25.2075 0.0500 1.2604 0.00 4.00 145760 0.00 0.000 276.240
25.2075 0.0500 1.2604 0.00 4.00 145780 0.00 0.000 276.265
25.2075 0.0500 1.2604 0.00 4.00 145800 0.00 0.000 276.291
25.2075 0.0500 1.2604 0.00 4.00 145820 0.00 0.000 276.316
25.2075 0.0500 1.2604 0.00 4.00 145840 0.00 0.000 276.341
25.2075 0.0500 1.2604 0.00 4.00 145860 0.00 0.000 276.366
25.2075 0.0500 1.2604 0.00 4.00 145880 0.00 0.000 276.391
25.2075 0.0500 1.2604 0.00 4.00 145900 0.00 0.000 276.417
25.2075 0.0500 1.2604 0.00 4.00 145920 0.00 0.000 276.442
25.2075 0.0500 1.2604 0.00 4.00 145940 0.00 0.000 276.467
25.2075 0.0500 1.2604 0.00 4.00 145960 0.00 0.000 276.492
25.2075 0.0500 1.2604 0.00 4.00 145980 0.00 0.000 276.517
25.2075 0.0500 1.2604 0.00 4.00 146000 0.00 0.000 276.543
25.2075 0.0500 1.2604 0.00 4.00 146020 0.00 0.000 276.568
25.2087 0.0475 1.1974 0.00 4.00 146040 0.00 0.000 276.592
25.2087 0.0475 1.1974 0.00 4.00 146060 0.00 0.000 276.616
25.2087 0.0475 1.1974 0.00 4.00 146080 0.00 0.000 276.640
25.2075 0.0500 1.2604 0.00 4.00 146100 0.00 0.000 276.665
25.2075 0.0500 1.2604 0.00 4.00 146120 0.00 0.000 276.690
25.2075 0.0500 1.2604 0.00 4.00 146140 0.00 0.000 276.715
25.2075 0.0500 1.2604 0.00 4.00 146160 0.00 0.000 276.740
25.2075 0.0500 1.2604 0.00 4.00 146180 0.00 0.000 276.766
25.2075 0.0500 1.2604 0.00 4.00 146200 0.00 0.000 276.791
25.2075 0.0500 1.2604 0.00 4.00 146220 0.00 0.000 276.816
25.2075 0.0500 1.2604 0.00 4.00 146240 0.00 0.000 276.841
25.2075 0.0500 1.2604 0.00 4.00 146260 0.00 0.000 276.867
25.2075 0.0500 1.2604 0.00 4.00 146280 0.00 0.000 276.892
25.2075 0.0500 1.2604 0.00 4.00 146300 0.00 0.000 276.917
25.2075 0.0500 1.2604 0.00 4.00 146320 0.00 0.000 276.942
25.2075 0.0500 1.2604 0.00 4.00 146340 0.00 0.000 276.967
25.2075 0.0500 1.2604 0.00 4.00 146360 0.00 0.000 276.993
25.2075 0.0500 1.2604 0.00 4.00 146380 0.00 0.000 277.018
25.2075 0.0525 1.3234 0.00 4.00 146400 0.00 0.000 277.044
25.2075 0.0525 1.3234 0.00 4.00 146420 0.00 0.000 277.071
25.2075 0.0525 1.3234 0.00 4.00 146440 0.00 0.000 277.097
25.2075 0.0500 1.2604 0.00 4.00 146460 0.00 0.000 277.122
25.2075 0.0500 1.2604 0.00 4.00 146480 0.00 0.000 277.148
25.2075 0.0500 1.2604 0.00 4.00 146500 0.00 0.000 277.173
25.2075 0.0500 1.2604 0.00 4.00 146520 0.00 0.000 277.198
25.2075 0.0500 1.2604 0.00 4.00 146540 0.00 0.000 277.223
25.2075 0.0500 1.2604 0.00 4.00 146560 0.00 0.000 277.248
25.2075 0.0500 1.2604 0.00 4.00 146580 0.00 0.000 277.274
25.2075 0.0500 1.2604 0.00 4.00 146600 0.00 0.000 277.299
25.2075 0.0500 1.2604 0.00 4.00 146620 0.00 0.000 277.324
25.2075 0.0500 1.2604 0.00 4.00 146640 0.00 0.000 277.349
25.2075 0.0500 1.2604 0.00 4.00 146660 0.00 0.000 277.374
25.2075 0.0500 1.2604 0.00 4.00 146680 0.00 0.000 277.400
25.2075 0.0500 1.2604 0.00 4.00 146700 0.00 0.000 277.425
25.2075 0.0500 1.2604 0.00 4.00 146720 0.00 0.000 277.450
25.2075 0.0500 1.2604 0.00 4.00 146740 0.00 0.000 277.475
25.2075 0.0500 1.2604 0.00 4.00 146760 0.00 0.000 277.500
25.2075 0.0500 1.2604 0.00 4.00 146780 0.00 0.000 277.526
25.2075 0.0500 1.2604 0.00 4.00 146800 0.00 0.000 277.551
25.2000 0.2425 6.1110 0.00 4.00 146820 0.00 0.000 277.673
25.2000 0.2425 6.1110 0.00 4.00 146840 0.00 0.000 277.795
25.2000 0.2425 6.1110 0.00 4.00 146860 0.00 0.000 277.918
25.2000 0.2425 6.1110 0.00 4.00 146880 0.00 0.000 278.040
25.1875 0.5675 14.2939 13.96 4.00 146900 0.00 0.908 278.326
25.1875 0.5675 14.2939 13.96 4.00 146920 0.00 0.908 278.612
25.1875 0.5675 14.2939 13.96 4.00 146940 0.00 0.908 278.897
25.1800 0.7075 17.8148 13.96 4.00 146960 0.00 0.908 279.254
25.1800 0.7075 17.8148 13.96 4.00 146980 0.00 0.908 279.610
25.1800 0.7075 17.8148 605.02 4.00 147000 0.00 1703.862 279.966
25.1800 0.7075 17.8148 2516.67 4.00 147020 0.00 29481.266 280.323
25.1350 1.8900 47.5051 4817.34 4.00 147040 0.00 108020.852 281.273
25.1350 1.8900 47.5051 6219.55 4.00 147060 0.00 180057.203 282.223
25.1350 1.8900 47.5051 7181.33 4.00 147080 0.00 240050.219 283.173
25.1350 3.7950 95.3873 7043.08 4.00 147100 0.00 230896.750 285.081
25.0562 3.7950 95.0885 7684.43 4.00 147120 0.00 274862.531 286.982
25.0562 3.7950 95.0885 8108.11 4.00 147140 0.00 306007.156 288.884
25.0562 3.7950 95.0885 8878.37 4.00 147160 0.00 366909.344 290.786
25.0600 3.5075 87.8979 9715.03 4.00 147180 0.00 439319.563 292.544
25.0600 3.5075 87.8979 10131.71 4.00 147200 0.00 477813.406 294.302
25.0600 3.5075 87.8979 9876.54 4.00 147220 0.00 454048.781 296.060
25.0600 3.5075 87.8979 9990.01 4.00 147240 0.00 464541.375 297.818
25.1488 1.1200 28.1666 10006.67 4.00 147260 0.00 466092.156 298.381
25.1488 1.1200 28.1666 9985.02 4.00 147280 0.00 464077.625 298.944
25.1488 1.1200 28.1666 9808.73 4.00 147300 0.00 447835.125 299.508
25.1975 0.1300 3.2757 9789.53 4.00 147320 0.00 446083.219 299.573
25.1975 0.1300 3.2757 9865.18 4.00 147340 0.00 453004.188 299.639
25.1975 0.1300 3.2757 9966.78 4.00 147360 0.00 462383.219 299.704
25.1975 0.1300 3.2757 9930.49 4.00 147380 0.00 459022.094 299.770
25.1900 0.3625 9.1314 9800.72 4.00 147400 0.00 447103.875 299.952
25.1900 0.3625 9.1314 9803.92 4.00 147420 0.00 447396.156 300.135
25.1900 0.3625 9.1314 9904.26 4.00 147440 0.00 456600.625 300.318
25.1912 0.2975 7.4944 9996.67 4.00 147460 0.00 465160.813 300.468
25.1912 0.2975 7.4944 9925.56 4.00 147480 0.00 458566.563 300.618
25.1912 0.2975 7.4944 9816.75 4.00 147500 0.00 448568.063 300.767
25.1912 0.2975 7.4944 9810.33 4.00 147520 0.00 447981.531 300.917
25.1938 0.2600 6.5504 9910.80 4.00 147540 0.00 457204.188 301.048
25.1938 0.2600 6.5504 9966.78 4.00 147560 0.00 462383.219 301.179
25.1938 0.2600 6.5504 9923.92 4.00 147580 0.00 458414.938 301.310
25.1938 0.2600 6.5504 9697.75 4.00 147600 0.00 437758.813 301.441
25.1938 0.2425 6.1095 9850.60 4.00 147620 0.00 451666.500 301.564
25.1938 0.2425 6.1095 9975.06 4.00 147640 0.00 463152.313 301.686
25.1938 0.2425 6.1095 10008.34 4.00 147660 0.00 466247.656 301.808
25.1887 0.3900 9.8236 9927.20 4.00 147680 0.00 458718.344 302.004
25.1887 0.3900 9.8236 9767.21 4.00 147700 0.00 444052.219 302.201
25.1887 0.3900 9.8236 9866.80 4.00 147720 0.00 453153.219 302.397
25.1887 0.3900 9.8236 9968.43 4.00 147740 0.00 462536.813 302.594
25.1900 0.3350 8.4386 9993.34 4.00 147760 0.00 464850.969 302.763
25.1900 0.3350 8.4386 9858.69 4.00 147780 0.00 452408.969 302.931
25.1900 0.3350 8.4386 9778.36 4.00 147800 0.00 445065.969 303.100
25.1962 0.2050 5.1652 9847.37 4.00 147820 0.00 451370.000 303.203
25.1962 0.2050 5.1652 9955.20 4.00 147840 0.00 461309.844 303.307
25.1962 0.2050 5.1652 9963.47 4.00 147860 0.00 462076.063 303.410
25.1962 0.2050 5.1652 9799.12 4.00 147880 0.00 446957.844 303.513
25.1925 0.3125 7.8727 9794.32 4.00 147900 0.00 446520.031 303.671
25.1925 0.3125 7.8727 9887.94 4.00 147920 0.00 455097.063 303.828
25.1925 0.3125 7.8727 9935.42 4.00 147940 0.00 459478.375 303.986
25.1925 0.3125 7.8727 9900.99 4.00 147960 0.00 456299.188 304.143
25.1938 0.2500 6.2984 9791.12 4.00 147980 0.00 446228.750 304.269
25.1938 0.2500 6.2984 9792.72 4.00 148000 0.00 446374.438 304.395
25.1938 0.2500 6.2984 9873.29 4.00 148020 0.00 453750.000 304.521
25.1900 0.3600 9.0684 9986.68 4.00 148040 0.00 464232.156 304.702
25.1900 0.3600 9.0684 9935.42 4.00 148060 0.00 459478.375 304.884
25.1900 0.3600 9.0684 9791.12 4.00 148080 0.00 446228.750 305.065
25.1900 0.3600 9.0684 9803.92 4.00 148100 0.00 447396.156 305.247
25.1950 0.2425 6.1098 9899.36 4.00 148120 0.00 456148.781 305.369
25.1950 0.2425 6.1098 9960.16 4.00 148140 0.00 461769.406 305.491
25.1950 0.2425 6.1098 9920.63 4.00 148160 0.00 458111.813 305.613
25.1912 0.3075 7.7463 9797.52 4.00 148180 0.00 446811.844 305.768
25.1912 0.3075 7.7463 9847.37 4.00 148200 0.00 451370.000 305.923
25.1912 0.3075 7.7463 9918.99 4.00 148220 0.00 457960.281 306.078
25.1912 0.3075 7.7463 9938.71 4.00 148240 0.00 459782.781 306.233
25.1938 0.2575 6.4874 9904.26 4.00 148260 0.00 456600.625 306.363
25.1938 0.2575 6.4874 9787.93 4.00 148280 0.00 445937.688 306.492
25.1938 0.2575 6.4874 9791.12 4.00 148300 0.00 446228.750 306.622
25.1900 0.3575 9.0054 9910.80 4.00 148320 0.00 457204.188 306.802
25.1900 0.3575 9.0054 9945.30 4.00 148340 0.00 460392.656 306.982
25.1900 0.3575 9.0054 9876.54 4.00 148360 0.00 454048.781 307.162
25.1900 0.3575 9.0054 9752.93 4.00 148380 0.00 442753.938 307.342
25.1950 0.2175 5.4799 9840.91 4.00 148400 0.00 450777.969 307.452
25.1950 0.2175 5.4799 9942.00 4.00 148420 0.00 460087.625 307.562
25.1950 0.2175 5.4799 10005.00 4.00 148440 0.00 465936.813 307.671
25.1950 0.2175 5.4799 9865.18 4.00 148460 0.00 453004.188 307.781
25.1887 0.3850 9.6977 9794.32 4.00 148480 0.00 446520.031 307.975
25.1887 0.3850 9.6977 9834.45 4.00 148500 0.00 450187.188 308.169
25.1887 0.3850 9.6977 9928.84 4.00 148520 0.00 458870.250 308.363
25.1925 0.2750 6.9279 9956.85 4.00 148540 0.00 461462.906 308.501
25.1925 0.2750 6.9279 9850.60 4.00 148560 0.00 451666.500 308.640
25.1925 0.2750 6.9279 9784.74 4.00 148580 0.00 445646.844 308.778
25.1925 0.2750 6.9279 9850.60 4.00 148600 0.00 451666.500 308.917
25.1925 0.2925 7.3688 9995.00 4.00 148620 0.00 465005.719 309.064
25.1925 0.2925 7.3688 9980.04 4.00 148640 0.00 463614.656 309.212
25.1925 0.2925 7.3688 9850.60 4.00 148660 0.00 451666.500 309.359
25.1925 0.3000 7.5577 9807.13 4.00 148680 0.00 447688.656 309.510
25.1925 0.3000 7.5577 9844.13 4.00 148700 0.00 451073.781 309.661
25.1925 0.3000 7.5577 9971.75 4.00 148720 0.00 462844.500 309.813
25.1925 0.3000 7.5577 9909.17 4.00 148740 0.00 457053.250 309.964
25.1925 0.2825 7.1169 9836.07 4.00 148760 0.00 450334.781 310.106
25.1925 0.2825 7.1169 9828.01 4.00 148780 0.00 449597.281 310.248
25.1925 0.2825 7.1169 9925.56 4.00 148800 0.00 458566.563 310.391
25.1925 0.2825 7.1169 9978.38 4.00 148820 0.00 463460.406 310.533
25.1925 0.3050 7.6837 9912.44 4.00 148840 0.00 457355.344 310.687
25.1925 0.3050 7.6837 9816.75 4.00 148860 0.00 448568.063 310.840
25.1925 0.3050 7.6837 9819.97 4.00 148880 0.00 448861.813 310.994
25.1925 0.2750 6.9279 9899.36 4.00 148900 0.00 456148.781 311.133
25.1925 0.2750 6.9279 9990.01 4.00 148920 0.00 464541.375 311.271
25.1925 0.2750 6.9279 9902.62 4.00 148940 0.00 456449.938 311.410
25.1925 0.2750 6.9279 9784.74 4.00 148960 0.00 445646.844 311.548
25.1912 0.3325 8.3761 9831.23 4.00 148980 0.00 449892.031 311.716
25.1912 0.3325 8.3761 9920.63 4.00 149000 0.00 458111.813 311.883
25.1912 0.3325 8.3761 9943.65 4.00 149020 0.00 460240.063 312.051
25.1925 0.3050 7.6837 9918.99 4.00 149040 0.00 457960.281 312.205
25.1925 0.3050 7.6837 9771.99 4.00 149060 0.00 444486.250 312.358
25.1925 0.3050 7.6837 9831.23 4.00 149080 0.00 449892.031 312.512
25.1925 0.3050 7.6837 9902.62 4.00 149100 0.00 456449.938 312.666
25.1938 0.2425 6.1095 9980.04 4.00 149120 0.00 463614.656 312.788
25.1938 0.2425 6.1095 9873.29 4.00 149140 0.00 453750.000 312.910
25.1938 0.2425 6.1095 9802.32 4.00 149160 0.00 447249.875 313.032
25.1925 0.2875 7.2428 9807.13 4.00 149180 0.00 447688.656 313.177
25.1925 0.2875 7.2428 9963.47 4.00 149200 0.00 462076.063 313.322
25.1925 0.2875 7.2428 9988.35 4.00 149220 0.00 464386.719 313.467
25.1925 0.2875 7.2428 9870.04 4.00 149240 0.00 453451.469 313.612
25.1900 0.3300 8.3127 9771.99 4.00 149260 0.00 444486.250 313.778
25.1900 0.3300 8.3127 9860.31 4.00 149280 0.00 452557.563 313.944
25.1900 0.3300 8.3127 9996.67 4.00 149300 0.00 465160.813 314.110
25.1900 0.3300 8.3127 9928.84 4.00 149320 0.00 458870.250 314.277
25.1950 0.2350 5.9208 9832.84 4.00 149340 0.00 450039.563 314.395
25.1950 0.2350 5.9208 9808.73 4.00 149360 0.00 447835.125 314.513
25.1950 0.2350 5.9208 9870.04 4.00 149380 0.00 453451.469 314.632
25.1962 0.1850 4.6613 9855.45 4.00 149400 0.00 452111.688 314.725
25.1962 0.1850 4.6613 8957.90 4.00 149420 0.00 373512.156 314.818
25.1962 0.1850 4.6613 9128.25 4.00 149440 0.00 387853.594 314.912
25.1962 0.1850 4.6613 9161.70 4.00 149460 0.00 390701.500 315.005
25.2262 -0.5250 -13.2438 9182.74 4.00 149480 0.00 392497.375 314.740
25.2262 -0.5250 -13.2438 9292.24 4.00 149500 0.00 401914.375 314.475
25.2262 -0.5250 -13.2438 9279.31 4.00 149520 0.00 400796.281 314.210
25.1950 0.2575 6.4877 9157.51 4.00 149540 0.00 390343.750 314.340
25.1950 0.2575 6.4877 9082.65 4.00 149560 0.00 383988.281 314.470
25.1950 0.2575 6.4877 9133.81 4.00 149580 0.00 388326.063 314.599
25.1950 0.2575 6.4877 9199.63 4.00 149600 0.00 393943.063 314.729
25.1962 0.2100 5.2912 9250.69 4.00 149620 0.00 398328.250 314.835
25.1962 0.2100 5.2912 9163.10 4.00 149640 0.00 390820.844 314.941
25.1962 0.2100 5.2912 9030.70 4.00 149660 0.00 379608.375 315.047
25.1962 0.2100 5.2912 9057.97 4.00 149680 0.00 381904.156 315.152
25.1962 0.2050 5.1652 9121.31 4.00 149700 0.00 387264.156 315.256
25.1962 0.2050 5.1652 9160.30 4.00 149720 0.00 390582.125 315.359
25.1962 0.2050 5.1652 9108.85 4.00 149740 0.00 386206.625 315.462
25.1962 0.2225 5.6062 8992.81 4.00 149760 0.00 376428.938 315.574
25.1962 0.2225 5.6062 8973.98 4.00 149780 0.00 374854.156 315.687
25.1962 0.2225 5.6062 9013.07 4.00 149800 0.00 378127.250 315.799
25.1962 0.2225 5.6062 9107.47 4.00 149820 0.00 386089.438 315.911
25.1975 0.1900 4.7875 9068.92 4.00 149840 0.00 382828.344 316.007
25.1975 0.1900 4.7875 8947.21 4.00 149860 0.00 372621.563 316.102
25.1975 0.1900 4.7875 8887.57 4.00 149880 0.00 367670.563 316.198
25.1962 0.2150 5.4172 8937.88 4.00 149900 0.00 371844.844 316.306
25.1962 0.2150 5.4172 9011.71 4.00 149920 0.00 378013.625 316.415
25.1962 0.2150 5.4172 9044.32 4.00 149940 0.00 380753.719 316.523
25.1962 0.2150 5.4172 8945.88 4.00 149960 0.00 372510.500 316.631
25.1962 0.2225 5.6062 8827.42 4.00 149980 0.00 362710.813 316.744
25.1962 0.2225 5.6062 8860.01 4.00 150000 0.00 365393.781 316.856
25.1962 0.2225 5.6062 8913.98 4.00 150020 0.00 369858.688 316.968
25.1962 0.2075 5.2282 8963.25 4.00 150040 0.00 373958.719 317.072
25.1962 0.2075 5.2282 8906.04 4.00 150060 0.00 369200.219 317.177
25.1962 0.2075 5.2282 8819.64 4.00 150080 0.00 362071.313 317.282
25.1962 0.2075 5.2282 8787.35 4.00 150100 0.00 359424.781 317.386
25.1962 0.1900 4.7873 8813.16 4.00 150120 0.00 361539.688 317.482
25.1962 0.1900 4.7873 8877.05 4.00 150140 0.00 366800.719 317.578
25.1962 0.1900 4.7873 8852.17 4.00 150160 0.00 364747.188 317.673
25.1962 0.1900 4.7873 8708.27 4.00 150180 0.00 352985.281 317.769
25.1987 0.1425 3.5908 8641.80 4.00 150200 0.00 347616.719 317.841
25.1987 0.1425 3.5908 8656.76 4.00 150220 0.00 348821.531 317.913
25.1987 0.1425 3.5908 8717.13 4.00 150240 0.00 353703.688 317.985
25.1975 0.1750 4.4096 8760.40 4.00 150260 0.00 357224.063 318.073
25.1975 0.1750 4.4096 8683.07 4.00 150280 0.00 350944.938 318.161
25.1975 0.1750 4.4096 8570.20 4.00 150300 0.00 341880.969 318.249
25.1975 0.1750 4.4096 8571.43 4.00 150320 0.00 341978.656 318.337
25.1975 0.1825 4.5985 8615.74 4.00 150340 0.00 345523.469 318.429
25.1975 0.1825 4.5985 8700.70 4.00 150360 0.00 352371.281 318.521
25.1975 0.1825 4.5985 8690.61 4.00 150380 0.00 351555.188 318.613
25.1950 0.2325 5.8578 8592.30 4.00 150400 0.00 343645.781 318.730
25.1950 0.2325 5.8578 8482.96 4.00 150420 0.00 334955.938 318.848
25.1950 0.2325 5.8578 8500.99 4.00 150440 0.00 336381.281 318.965
25.1950 0.2325 5.8578 8562.87 4.00 150460 0.00 341295.781 319.082
25.1975 0.1675 4.2206 8602.15 4.00 150480 0.00 344434.500 319.166
25.1975 0.1675 4.2206 8551.88 4.00 150500 0.00 340420.656 319.251
25.1975 0.1675 4.2206 8469.79 4.00 150520 0.00 333916.563 319.335
25.1975 0.1675 4.2206 8391.61 4.00 150540 0.00 327780.406 319.419
25.1975 0.1700 4.2836 8416.33 4.00 150560 0.00 329714.313 319.505
25.1975 0.1700 4.2836 8475.77 4.00 150580 0.00 334388.438 319.591
25.1975 0.1700 4.2836 8527.57 4.00 150600 0.00 338488.063 319.676
25.1975 0.1925 4.8505 8450.71 4.00 150620 0.00 332413.344 319.774
25.1975 0.1925 4.8505 8339.13 4.00 150640 0.00 323693.156 319.871
25.1975 0.1925 4.8505 8314.86 4.00 150660 0.00 321811.781 319.968
25.1975 0.1925 4.8505 8353.06 4.00 150680 0.00 324775.531 320.065
25.1975 0.1800 4.5355 8434.07 4.00 150700 0.00 331106.281 320.155
25.1975 0.1800 4.5355 8435.26 4.00 150720 0.00 331199.375 320.246
25.1975 0.1800 4.5355 8322.93 4.00 150740 0.00 322437.125 320.337
25.1987 0.1525 3.8428 8202.32 4.00 150760 0.00 313160.094 320.414
25.1987 0.1525 3.8428 8197.84 4.00 150780 0.00 312817.938 320.490
25.1987 0.1525 3.8428 8207.93 4.00 150800 0.00 313588.625 320.567
25.1987 0.1525 3.8428 8305.65 4.00 150820 0.00 321099.469 320.644
25.1975 0.1750 4.4096 8294.17 4.00 150840 0.00 320212.344 320.732
25.1975 0.1750 4.4096 8179.96 4.00 150860 0.00 311454.688 320.820
25.1975 0.1750 4.4096 8098.26 4.00 150880 0.00 305264.219 320.909
25.1975 0.1750 4.4096 8120.18 4.00 150900 0.00 306918.969 320.997
25.1975 0.1750 4.4096 8157.72 4.00 150920 0.00 309763.125 321.085
25.1975 0.1750 4.4096 8187.77 4.00 150940 0.00 312049.906 321.173
25.1975 0.1750 4.4096 8172.16 4.00 150960 0.00 310861.063 321.261
25.1987 0.1475 3.7168 8054.77 4.00 150980 0.00 301994.500 321.336
25.1987 0.1475 3.7168 7966.01 4.00 151000 0.00 295375.469 321.410
25.1987 0.1475 3.7168 8000.00 4.00 151020 0.00 297901.375 321.484
25.1987 0.1475 3.7168 8041.82 4.00 151040 0.00 301023.875 321.559
25.1987 0.1675 4.2208 8086.25 4.00 151060 0.00 304359.750 321.643
25.1987 0.1675 4.2208 8087.34 4.00 151080 0.00 304441.875 321.728
25.1987 0.1675 4.2208 7966.01 4.00 151100 0.00 295375.469 321.812
25.1962 0.2025 5.1022 7905.14 4.00 151120 0.00 290878.438 321.914
25.1962 0.2025 5.1022 7926.02 4.00 151140 0.00 292417.500 322.016
25.1962 0.2025 5.1022 7975.54 4.00 151160 0.00 296082.625 322.118
25.1962 0.2025 5.1022 8016.03 4.00 151180 0.00 299096.594 322.220
25.1975 0.1650 4.1576 8007.47 4.00 151200 0.00 298458.281 322.303
25.1975 0.1650 4.1576 7893.70 4.00 151220 0.00 290037.094 322.387
25.1975 0.1650 4.1576 7825.75 4.00 151240 0.00 285065.156 322.470
25.1975 0.1850 4.6615 7844.16 4.00 151260 0.00 286408.344 322.563
25.1975 0.1850 4.6615 7887.47 4.00 151280 0.00 289579.781 322.656
25.1975 0.1850 4.6615 7922.88 4.00 151300 0.00 292185.844 322.749
25.1975 0.1850 4.6615 7914.52 4.00 151320 0.00 291569.500 322.843
25.1975 0.1850 4.6615 7791.20 4.00 151340 0.00 282553.594 322.936
25.1975 0.1850 4.6615 7722.01 4.00 151360 0.00 277557.563 323.029
25.1975 0.1850 4.6615 7746.93 4.00 151380 0.00 279352.250 323.122
25.1975 0.1850 4.6615 7778.07 4.00 151400 0.00 281602.063 323.216
25.1987 0.1550 3.9058 7827.79 4.00 151420 0.00 285213.969 323.294
25.1987 0.1550 3.9058 7801.33 4.00 151440 0.00 283288.875 323.372
25.1987 0.1550 3.9058 7724.00 4.00 151460 0.00 277700.438 323.450
25.1987 0.1550 3.9058 7617.11 4.00 151480 0.00 270068.156 323.528
25.1987 0.1550 3.9058 7614.21 4.00 151500 0.00 269862.594 323.606
25.1987 0.1550 3.9058 7646.23 4.00 151520 0.00 272137.125 323.684
25.1987 0.1550 3.9058 7686.40 4.00 151540 0.00 275003.344 323.762
25.1975 0.1800 4.5355 7712.08 4.00 151560 0.00 276844.438 323.853
25.1975 0.1800 4.5355 7654.04 4.00 151580 0.00 272692.844 323.944
25.1975 0.1800 4.5355 7557.63 4.00 151600 0.00 265866.406 324.034
25.1975 0.1725 4.3466 7546.22 4.00 151620 0.00 265064.469 324.121
25.1975 0.1725 4.3466 7551.92 4.00 151640 0.00 265465.000 324.208
25.1975 0.1725 4.3466 7599.75 4.00 151660 0.00 268838.063 324.295
25.1975 0.1725 4.3466 7613.25 4.00 151680 0.00 269794.094 324.382
25.1987 0.1500 3.7798 7544.32 4.00 151700 0.00 264931.188 324.458
25.1987 0.1500 3.7798 7467.33 4.00 151720 0.00 259551.313 324.533
25.1987 0.1500 3.7798 7411.07 4.00 151740 0.00 255654.844 324.609
25.1987 0.1500 3.7798 7416.56 4.00 151760 0.00 256034.266 324.685
25.1987 0.1600 4.0318 7458.05 4.00 151780 0.00 258906.516 324.765
25.1987 0.1600 4.0318 7493.44 4.00 151800 0.00 261369.813 324.846
25.1987 0.1600 4.0318 7472.91 4.00 151820 0.00 259939.453 324.926
25.1975 0.1775 4.4726 7424.82 4.00 151840 0.00 256604.828 325.016
25.1975 0.1775 4.4726 7347.54 4.00 151860 0.00 251290.672 325.105
25.1975 0.1775 4.4726 7327.80 4.00 151880 0.00 249942.109 325.195
25.1975 0.1775 4.4726 7361.06 4.00 151900 0.00 252216.391 325.284
25.1975 0.1775 4.4726 7398.27 4.00 151920 0.00 254772.969 325.374
25.1975 0.1775 4.4726 7410.15 4.00 151940 0.00 255591.719 325.463
25.1975 0.1775 4.4726 7367.39 4.00 151960 0.00 252650.156 325.553
25.1975 0.1750 4.4096 7310.83 4.00 151980 0.00 248786.141 325.641
25.1975 0.1750 4.4096 7225.43 4.00 152000 0.00 243007.875 325.729
25.1975 0.1750 4.4096 7236.76 4.00 152020 0.00 243770.531 325.817
25.1975 0.1750 4.4096 7254.26 4.00 152040 0.00 244950.875 325.905
25.1987 0.1325 3.3388 7305.49 4.00 152060 0.00 248422.766 325.972
25.1987 0.1325 3.3388 7281.55 4.00 152080 0.00 246797.406 326.039
25.1987 0.1325 3.3388 7208.94 4.00 152100 0.00 241899.719 326.106
25.1987 0.1375 3.4648 7119.13 4.00 152120 0.00 235909.813 326.175
25.1987 0.1375 3.4648 7082.15 4.00 152140 0.00 233465.734 326.244
25.1987 0.1375 3.4648 7111.53 4.00 152160 0.00 235406.766 326.314
25.1987 0.1375 3.4648 7130.12 4.00 152180 0.00 236639.234 326.383
25.1987 0.1475 3.7168 7183.05 4.00 152200 0.00 240165.203 326.457
25.1987 0.1475 3.7168 7152.22 4.00 152220 0.00 238108.391 326.532
25.1987 0.1475 3.7168 7100.59 4.00 152240 0.00 234683.031 326.606
25.1987 0.1475 3.7168 6966.21 4.00 152260 0.00 225884.359 326.680
25.1987 0.1375 3.4648 6964.60 4.00 152280 0.00 225779.469 326.750
25.1987 0.1375 3.4648 6979.18 4.00 152300 0.00 226725.938 326.819
25.1987 0.1375 3.4648 7002.80 4.00 152320 0.00 228263.297 326.888
25.1987 0.1500 3.7798 7022.47 4.00 152340 0.00 229547.469 326.964
25.1987 0.1500 3.7798 7018.36 4.00 152360 0.00 229279.094 327.039
25.1987 0.1500 3.7798 6913.24 4.00 152380 0.00 222461.906 327.115
25.1987 0.1500 3.7798 6846.19 4.00 152400 0.00 218167.641 327.191
25.1975 0.1725 4.3466 6854.79 4.00 152420 0.00 218716.313 327.277
25.1975 0.1725 4.3466 6902.11 4.00 152440 0.00 221745.984 327.364
25.1975 0.1725 4.3466 6922.81 4.00 152460 0.00 223078.406 327.451
25.1975 0.1975 4.9765 6958.94 4.00 152480 0.00 225412.984 327.551
25.1975 0.1975 4.9765 6926.01 4.00 152500 0.00 223284.453 327.650
25.1975 0.1975 4.9765 6826.72 4.00 152520 0.00 216928.250 327.750
25.1975 0.1975 4.9765 6788.87 4.00 152540 0.00 214529.531 327.849
25.1987 0.1725 4.3468 6795.79 4.00 152560 0.00 214967.094 327.936
25.1987 0.1725 4.3468 6805.81 4.00 152580 0.00 215601.563 328.023
25.1987 0.1725 4.3468 6829.82 4.00 152600 0.00 217125.844 328.110
25.1987 0.1725 4.3468 6833.71 4.00 152620 0.00 217373.203 328.197
25.2000 0.1200 3.0240 6818.18 4.00 152640 0.00 216386.281 328.258
25.2000 0.1200 3.0240 6707.66 4.00 152660 0.00 209427.828 328.318
25.2000 0.1200 3.0240 6663.71 4.00 152680 0.00 206692.203 328.379
25.1987 0.1675 4.2208 6662.96 4.00 152700 0.00 206646.281 328.463
25.1987 0.1675 4.2208 6671.86 4.00 152720 0.00 207198.156 328.547
25.1987 0.1675 4.2208 6684.49 4.00 152740 0.00 207983.734 328.632
25.1987 0.1675 4.2208 6707.66 4.00 152760 0.00 209427.828 328.716
25.2000 0.1200 3.0240 6692.69 4.00 152780 0.00 208494.422 328.777
25.2000 0.1200 3.0240 6644.52 4.00 152800 0.00 205503.688 328.837
25.2000 0.1200 3.0240 6576.78 4.00 152820 0.00 201335.219 328.898
25.1987 0.1675 4.2208 6538.08 4.00 152840 0.00 198972.766 328.982
25.1987 0.1675 4.2208 6550.22 4.00 152860 0.00 199712.000 329.067
25.1987 0.1675 4.2208 6571.02 4.00 152880 0.00 200982.563 329.151
25.1987 0.1675 4.2208 6616.67 4.00 152900 0.00 203784.891 329.235
25.1987 0.1650 4.1578 6611.57 4.00 152920 0.00 203470.656 329.319
25.1987 0.1650 4.1578 6561.68 4.00 152940 0.00 200411.469 329.402
25.1987 0.1650 4.1578 6467.61 4.00 152960 0.00 194706.250 329.485
25.1987 0.1475 3.7168 6429.49 4.00 152980 0.00 192417.938 329.559
25.1987 0.1475 3.7168 6441.92 4.00 153000 0.00 193162.422 329.634
25.1987 0.1475 3.7168 6437.08 4.00 153020 0.00 192872.391 329.708
25.1987 0.1475 3.7168 6457.86 4.00 153040 0.00 194119.922 329.782
25.2000 0.1300 3.2760 6471.10 4.00 153060 0.00 194916.313 329.848
25.2000 0.1300 3.2760 6432.25 4.00 153080 0.00 192583.031 329.913
25.2000 0.1300 3.2760 6382.30 4.00 153100 0.00 189603.766 329.979
25.2000 0.1300 3.2760 6347.86 4.00 153120 0.00 187563.203 330.044
25.1975 0.2050 5.1655 6355.26 4.00 153140 0.00 188000.531 330.148
25.1975 0.2050 5.1655 6370.10 4.00 153160 0.00 188879.797 330.251
25.1975 0.2050 5.1655 6393.86 4.00 153180 0.00 190291.359 330.354
25.1987 0.1725 4.3468 6433.63 4.00 153200 0.00 192665.641 330.441
25.1987 0.1725 4.3468 6425.36 4.00 153220 0.00 192170.750 330.528
25.1987 0.1725 4.3468 6355.93 4.00 153240 0.00 188040.359 330.615
25.1987 0.1725 4.3468 6280.75 4.00 153260 0.00 183618.125 330.702
25.1987 0.1475 3.7168 6237.01 4.00 153280 0.00 181069.359 330.776
25.1987 0.1475 3.7168 6255.21 4.00 153300 0.00 182128.016 330.851
25.1987 0.1475 3.7168 6261.09 4.00 153320 0.00 182470.250 330.925
25.2000 0.1075 2.7090 6262.39 4.00 153340 0.00 182546.406 330.979
25.2000 0.1075 2.7090 6266.32 4.00 153360 0.00 182775.313 331.033
25.2000 0.1075 2.7090 6250.65 4.00 153380 0.00 181862.484 331.088
25.2000 0.1075 2.7090 6197.71 4.00 153400 0.00 178794.672 331.142
25.1987 0.1650 4.1578 6138.11 4.00 153420 0.00 175372.516 331.225
25.1987 0.1650 4.1578 6112.47 4.00 153440 0.00 173910.547 331.308
25.1987 0.1650 4.1578 6131.83 4.00 153460 0.00 175014.234 331.391
25.1987 0.1650 4.1578 6150.69 4.00 153480 0.00 176092.391 331.474
25.2000 0.1425 3.5910 6148.80 4.00 153500 0.00 175984.125 331.546
25.2000 0.1425 3.5910 6145.02 4.00 153520 0.00 175767.891 331.618
25.2000 0.1425 3.5910 6085.19 4.00 153540 0.00 172361.859 331.690
25.2000 0.1200 3.0240 6017.45 4.00 153560 0.00 168545.656 331.750
25.2000 0.1200 3.0240 5947.66 4.00 153580 0.00 164658.797 331.811
25.2000 0.1200 3.0240 5953.56 4.00 153600 0.00 164985.703 331.871
25.2000 0.1200 3.0240 5952.97 4.00 153620 0.00 164952.984 331.932
25.2000 0.1225 3.0870 5982.65 4.00 153640 0.00 166601.844 331.993
25.2000 0.1225 3.0870 6003.00 4.00 153660 0.00 167737.250 332.055
25.2000 0.1225 3.0870 6002.40 4.00 153680 0.00 167703.656 332.117
25.1987 0.1625 4.0948 5986.23 4.00 153700 0.00 166801.375 332.199
25.1987 0.1625 4.0948 5927.68 4.00 153720 0.00 163554.484 332.281
25.1987 0.1625 4.0948 5874.29 4.00 153740 0.00 160621.391 332.363
25.1987 0.1625 4.0948 5837.14 4.00 153760 0.00 158596.406 332.444
25.1987 0.1400 3.5278 5841.12 4.00 153780 0.00 158812.641 332.515
25.1987 0.1400 3.5278 5855.94 4.00 153800 0.00 159619.625 332.586
25.1987 0.1400 3.5278 5859.95 4.00 153820 0.00 159837.984 332.656
25.1987 0.1150 2.8979 5862.81 4.00 153840 0.00 159994.203 332.714
25.2000 0.1150 2.8980 5846.24 4.00 153860 0.00 159091.281 332.772
25.2000 0.1150 2.8980 5776.45 4.00 153880 0.00 155315.484 332.830
25.2000 0.1150 2.8980 5719.19 4.00 153900 0.00 152251.406 332.888
25.2000 0.1300 3.2760 5665.19 4.00 153920 0.00 149389.875 332.954
25.2000 0.1300 3.2760 5668.40 4.00 153940 0.00 149559.297 333.019
25.2000 0.1300 3.2760 5660.91 4.00 153960 0.00 149164.422 333.085
25.2000 0.1300 3.2760 5686.13 4.00 153980 0.00 150496.172 333.150
25.2000 0.1250 3.1500 5706.68 4.00 154000 0.00 151586.016 333.213
25.2000 0.1250 3.1500 5674.83 4.00 154020 0.00 149898.938 333.276
25.2000 0.1250 3.1500 5638.04 4.00 154040 0.00 147961.438 333.339
25.2000 0.1175 2.9610 5569.48 4.00 154060 0.00 144384.875 333.398
25.2000 0.1175 2.9610 5532.50 4.00 154080 0.00 142474.125 333.458
25.2000 0.1175 2.9610 5507.11 4.00 154100 0.00 141169.422 333.517
25.2000 0.1175 2.9610 5496.02 4.00 154120 0.00 140601.031 333.576
25.2013 0.1050 2.6461 5478.95 4.00 154140 0.00 139729.297 333.629
25.2013 0.1050 2.6461 5490.48 4.00 154160 0.00 140318.078 333.682
25.2013 0.1050 2.6461 5480.45 4.00 154180 0.00 139805.891 333.735
25.2013 0.1100 2.7721 5471.46 4.00 154200 0.00 139347.313 333.790
25.2013 0.1100 2.7721 5407.84 4.00 154220 0.00 136125.797 333.846
25.2013 0.1100 2.7721 5375.38 4.00 154240 0.00 134496.484 333.901
25.2013 0.1100 2.7721 5323.40 4.00 154260 0.00 131907.703 333.956
25.2000 0.1325 3.3390 5318.21 4.00 154280 0.00 131650.625 334.023
25.2000 0.1325 3.3390 5307.86 4.00 154300 0.00 131138.703 334.090
25.2000 0.1325 3.3390 5313.97 4.00 154320 0.00 131440.797 334.157
25.2000 0.1325 3.3390 5314.44 4.00 154340 0.00 131464.109 334.224
25.2013 0.1050 2.6461 5314.44 4.00 154360 0.00 131464.109 334.277
25.2013 0.1050 2.6461 5296.14 4.00 154380 0.00 130560.516 334.329
25.2013 0.1050 2.6461 5232.86 4.00 154400 0.00 127459.211 334.382
25.2000 0.1175 2.9610 5200.66 4.00 154420 0.00 125895.219 334.442
25.2000 0.1175 2.9610 5140.07 4.00 154440 0.00 122978.750 334.501
25.2000 0.1175 2.9610 5121.64 4.00 154460 0.00 122098.547 334.560
25.2000 0.1175 2.9610 5112.91 4.00 154480 0.00 121682.711 334.619
25.2013 0.1075 2.7091 5098.57 4.00 154500 0.00 121001.211 334.673
25.2013 0.1075 2.7091 5098.57 4.00 154520 0.00 121001.211 334.728
25.2013 0.1075 2.7091 5102.91 4.00 154540 0.00 121207.125 334.782
25.2013 0.1100 2.7721 5099.44 4.00 154560 0.00 121042.383 334.837
25.2013 0.1100 2.7721 5058.17 4.00 154580 0.00 119091.070 334.893
25.2013 0.1100 2.7721 4990.44 4.00 154600 0.00 115922.938 334.948
25.2013 0.1100 2.7721 4969.36 4.00 154620 0.00 114945.695 335.004
25.2013 0.1075 2.7091 4911.59 4.00 154640 0.00 112288.938 335.058
25.2013 0.1075 2.7091 4902.76 4.00 154660 0.00 111885.617 335.112
25.2013 0.1075 2.7091 4899.16 4.00 154680 0.00 111721.227 335.166
25.2013 0.1075 2.7091 4906.37 4.00 154700 0.00 112050.344 335.220
25.2013 0.1250 3.1502 4916.02 4.00 154720 0.00 112491.445 335.283
25.2013 0.1250 3.1502 4901.56 4.00 154740 0.00 111830.773 335.346
25.2013 0.1250 3.1502 4877.26 4.00 154760 0.00 110724.484 335.409
25.2013 0.0900 2.2681 4836.76 4.00 154780 0.00 108893.383 335.455
25.2013 0.0900 2.2681 4772.89 4.00 154800 0.00 106036.492 335.500
25.2013 0.0900 2.2681 4748.71 4.00 154820 0.00 104965.016 335.545
25.2013 0.0900 2.2681 4705.51 4.00 154840 0.00 103063.914 335.591
25.2013 0.1100 2.7721 4701.83 4.00 154860 0.00 102902.422 335.646
25.2013 0.1100 2.7721 4697.04 4.00 154880 0.00 102693.078 335.702
25.2013 0.1100 2.7721 4691.90 4.00 154900 0.00 102468.352 335.757
25.2000 0.1275 3.2130 4698.51 4.00 154920 0.00 102757.422 335.821
25.2000 0.1275 3.2130 4701.09 4.00 154940 0.00 102870.203 335.886
25.2000 0.1275 3.2130 4691.53 4.00 154960 0.00 102452.367 335.950
25.2000 0.1275 3.2130 4642.17 4.00 154980 0.00 100307.633 336.014
25.2013 0.1050 2.6461 4594.88 4.00 155000 0.00 98274.703 336.067
25.2013 0.1050 2.6461 4564.13 4.00 155020 0.00 96963.398 336.120
25.2013 0.1050 2.6461 4525.91 4.00 155040 0.00 95346.438 336.173
25.2013 0.1150 2.8981 4517.39 4.00 155060 0.00 94987.844 336.231
25.2013 0.1150 2.8981 4520.80 4.00 155080 0.00 95131.063 336.289
25.2013 0.1150 2.8981 4523.18 4.00 155100 0.00 95231.477 336.347
25.2013 0.1150 2.8981 4519.77 4.00 155120 0.00 95088.055 336.405
25.2013 0.1100 2.7721 4521.48 4.00 155140 0.00 95159.742 336.460
25.2013 0.1100 2.7721 4499.78 4.00 155160 0.00 94248.461 336.516
25.2013 0.1100 2.7721 4474.61 4.00 155180 0.00 93197.070 336.571
25.2013 0.1100 2.7721 4415.34 4.00 155200 0.00 90744.445 336.627
25.2013 0.1025 2.5831 4388.85 4.00 155220 0.00 89659.117 336.678
25.2013 0.1025 2.5831 4350.66 4.00 155240 0.00 88105.586 336.730
25.2013 0.1025 2.5831 4304.78 4.00 155260 0.00 86256.961 336.782
25.2013 0.1025 2.5831 4295.53 4.00 155280 0.00 85886.844 336.833
25.2013 0.1025 2.5831 4286.94 4.00 155300 0.00 85543.531 336.885
25.2013 0.1025 2.5831 4283.88 4.00 155320 0.00 85421.430 336.937
25.2013 0.1025 2.5831 4285.41 4.00 155340 0.00 85482.445 336.988
25.2000 0.1150 2.8980 4290.92 4.00 155360 0.00 85702.680 337.046
25.2000 0.1150 2.8980 4267.43 4.00 155380 0.00 84766.531 337.104
25.2000 0.1150 2.8980 4244.48 4.00 155400 0.00 83857.531 337.162
25.2025 0.0825 2.0792 4199.62 4.00 155420 0.00 82094.297 337.204
25.2025 0.0825 2.0792 4137.93 4.00 155440 0.00 79700.117 337.245
25.2025 0.0825 2.0792 4103.41 4.00 155460 0.00 78375.703 337.287
25.2025 0.0825 2.0792 4072.21 4.00 155480 0.00 77188.703 337.328
25.2013 0.1050 2.6461 4056.79 4.00 155500 0.00 76605.273 337.381
25.2013 0.1050 2.6461 4054.33 4.00 155520 0.00 76512.141 337.434
25.2013 0.1050 2.6461 4051.86 4.00 155540 0.00 76419.164 337.487
25.2013 0.1050 2.6461 4024.95 4.00 155560 0.00 75407.508 337.540
25.2025 0.0925 2.3312 4021.99 4.00 155580 0.00 75296.336 337.587
25.2025 0.0925 2.3312 4016.33 4.00 155600 0.00 75084.805 337.633
25.2025 0.0925 2.3312 3988.30 4.00 155620 0.00 74040.336 337.680
25.2025 0.0850 2.1422 3966.68 4.00 155640 0.00 73239.742 337.723
25.2025 0.0850 2.1422 3940.11 4.00 155660 0.00 72261.883 337.766
25.2025 0.0850 2.1422 3861.25 4.00 155680 0.00 69398.313 337.808
25.2025 0.0850 2.1422 3832.89 4.00 155700 0.00 68382.414 337.851
25.2025 0.0900 2.2682 3799.39 4.00 155720 0.00 67192.500 337.897
25.2025 0.0900 2.2682 3782.15 4.00 155740 0.00 66583.961 337.942
25.2025 0.0900 2.2682 3774.06 4.00 155760 0.00 66299.477 337.987
25.2013 0.1075 2.7091 3775.25 4.00 155780 0.00 66341.203 338.042
25.2013 0.1075 2.7091 3769.32 4.00 155800 0.00 66132.984 338.096
25.2013 0.1075 2.7091 3774.30 4.00 155820 0.00 66307.805 338.150
25.2013 0.1075 2.7091 3782.39 4.00 155840 0.00 66592.359 338.204
25.2013 0.1150 2.8981 3763.17 4.00 155860 0.00 65917.453 338.262
25.2013 0.1150 2.8981 3760.34 4.00 155880 0.00 65818.352 338.320
25.2013 0.1150 2.8981 3743.68 4.00 155900 0.00 65236.500 338.378
25.2025 0.0950 2.3942 3685.96 4.00 155920 0.00 63240.168 338.426
25.2025 0.0950 2.3942 3654.30 4.00 155940 0.00 62158.660 338.474
25.2025 0.0950 2.3942 3617.07 4.00 155960 0.00 60898.555 338.522
25.2025 0.0950 2.3942 3585.73 4.00 155980 0.00 59847.695 338.570
25.2013 0.1075 2.7091 3570.15 4.00 156000 0.00 59328.906 338.624
25.2013 0.1075 2.7091 3565.70 4.00 156020 0.00 59180.918 338.678
25.2013 0.1075 2.7091 3576.32 4.00 156040 0.00 59534.188 338.732
25.2013 0.1075 2.7091 3563.79 4.00 156060 0.00 59117.664 338.786
25.2013 0.1100 2.7721 3561.68 4.00 156080 0.00 59047.488 338.842
25.2013 0.1100 2.7721 3546.52 4.00 156100 0.00 58545.977 338.897
25.2013 0.1100 2.7721 3525.68 4.00 156120 0.00 57859.945 338.953
25.2025 0.0800 2.0162 3517.82 4.00 156140 0.00 57602.422 338.993
25.2025 0.0800 2.0162 3488.98 4.00 156160 0.00 56661.715 339.033
25.2025 0.0800 2.0162 3466.40 4.00 156180 0.00 55930.801 339.074
25.2025 0.0800 2.0162 3419.39 4.00 156200 0.00 54423.855 339.114
25.2037 0.0750 1.8903 3373.63 4.00 156220 0.00 52976.992 339.152
25.2037 0.0750 1.8903 3345.23 4.00 156240 0.00 52088.742 339.190
25.2037 0.0750 1.8903 3274.39 4.00 156260 0.00 49906.207 339.227
25.2025 0.0850 2.1422 3265.48 4.00 156280 0.00 49634.961 339.270
25.2025 0.0850 2.1422 3248.34 4.00 156300 0.00 49115.012 339.313
25.2025 0.0850 2.1422 3232.58 4.00 156320 0.00 48639.867 339.356
25.2025 0.0850 2.1422 3224.42 4.00 156340 0.00 48394.453 339.399
25.2025 0.0950 2.3942 3219.23 4.00 156360 0.00 48238.793 339.447
25.2025 0.0950 2.3942 3192.68 4.00 156380 0.00 47446.359 339.494
25.2025 0.0950 2.3942 3183.19 4.00 156400 0.00 47164.844 339.542
25.2025 0.0950 2.3942 3157.40 4.00 156420 0.00 46403.496 339.590
25.2037 0.0800 2.0163 3145.15 4.00 156440 0.00 46044.199 339.631
25.2037 0.0800 2.0163 3120.77 4.00 156460 0.00 45333.289 339.671
25.2037 0.0800 2.0163 3096.29 4.00 156480 0.00 44624.887 339.711
25.2025 0.0900 2.2682 3072.98 4.00 156500 0.00 43955.480 339.757
25.2025 0.0900 2.2682 3044.14 4.00 156520 0.00 43134.207 339.802
25.2025 0.0900 2.2682 3013.11 4.00 156540 0.00 42259.234 339.847
25.2025 0.0900 2.2682 2983.15 4.00 156560 0.00 41422.977 339.893
25.2025 0.0775 1.9532 2949.13 4.00 156580 0.00 40483.652 339.932
25.2025 0.0775 1.9532 2937.58 4.00 156600 0.00 40167.148 339.971
25.2025 0.0775 1.9532 2921.98 4.00 156620 0.00 39741.844 340.010
25.2025 0.0975 2.4572 2904.30 4.00 156640 0.00 39262.367 340.059
25.2025 0.0975 2.4572 2879.08 4.00 156660 0.00 38583.328 340.108
25.2025 0.0975 2.4572 2861.78 4.00 156680 0.00 38120.965 340.157
25.2025 0.0975 2.4572 2844.14 4.00 156700 0.00 37652.586 340.206
25.2037 0.0775 1.9533 2841.58 4.00 156720 0.00 37584.855 340.246
25.2037 0.0775 1.9533 2843.87 4.00 156740 0.00 37645.457 340.285
25.2037 0.0775 1.9533 2843.60 4.00 156760 0.00 37638.313 340.324
25.2037 0.0975 2.4574 2828.45 4.00 156780 0.00 37238.391 340.373
25.2025 0.0975 2.4572 2789.27 4.00 156800 0.00 36213.777 340.422
25.2025 0.0975 2.4572 2743.23 4.00 156820 0.00 35028.219 340.471
25.2025 0.0975 2.4572 2743.23 4.00 156840 0.00 35028.219 340.520
25.2025 0.0775 1.9532 2705.99 4.00 156860 0.00 34083.652 340.559
25.2025 0.0775 1.9532 2674.15 4.00 156880 0.00 33286.297 340.598
25.2025 0.0775 1.9532 2635.05 4.00 156900 0.00 32319.828 340.637
25.2025 0.0775 1.9532 2608.58 4.00 156920 0.00 31673.906 340.677
25.2037 0.0725 1.8273 2579.09 4.00 156940 0.00 30961.811 340.713
25.2037 0.0725 1.8273 2539.04 4.00 156960 0.00 30007.568 340.750
25.2037 0.0725 1.8273 2539.04 4.00 156980 0.00 30007.568 340.786
25.2037 0.0575 1.4492 2489.63 4.00 157000 0.00 28851.002 340.815
25.2037 0.0575 1.4492 2447.88 4.00 157020 0.00 27891.568 340.844
25.2037 0.0575 1.4492 2418.18 4.00 157040 0.00 27218.955 340.873
25.2037 0.0575 1.4492 2393.87 4.00 157060 0.00 26674.377 340.902
25.2037 0.0750 1.8903 2384.64 4.00 157080 0.00 26469.109 340.940
25.2037 0.0750 1.8903 2384.64 4.00 157100 0.00 26469.109 340.978
25.2037 0.0750 1.8903 2361.74 4.00 157120 0.00 25963.111 341.016
25.2037 0.0625 1.5752 2333.90 4.00 157140 0.00 25354.701 341.047
25.2037 0.0625 1.5752 2292.70 4.00 157160 0.00 24467.391 341.079
25.2037 0.0625 1.5752 2292.70 4.00 157180 0.00 24467.391 341.110
25.2037 0.0625 1.5752 2262.36 4.00 157200 0.00 23824.025 341.142
25.2025 0.0775 1.9532 2239.98 4.00 157220 0.00 23354.971 341.181
25.2025 0.0775 1.9532 2210.84 4.00 157240 0.00 22751.357 341.220
25.2025 0.0775 1.9532 2210.84 4.00 157260 0.00 22751.357 341.259
25.2025 0.0775 1.9532 2173.76 4.00 157280 0.00 21994.494 341.298
25.2025 0.0900 2.2682 2133.56 4.00 157300 0.00 21188.623 341.343
25.2025 0.0900 2.2682 2133.56 4.00 157320 0.00 21188.623 341.389
25.2025 0.0900 2.2682 2083.41 4.00 157340 0.00 20204.131 341.434
25.2037 0.0550 1.3862 2044.15 4.00 157360 0.00 19450.004 341.462
25.2037 0.0550 1.3862 2044.15 4.00 157380 0.00 19450.004 341.489
25.2037 0.0550 1.3862 2014.84 4.00 157400 0.00 18896.215 341.517
25.2037 0.0550 1.3862 1978.30 4.00 157420 0.00 18217.086 341.545
25.2025 0.0800 2.0162 1978.30 4.00 157440 0.00 18217.086 341.585
25.2025 0.0800 2.0162 1945.84 4.00 157460 0.00 17624.109 341.625
25.2025 0.0800 2.0162 1916.20 4.00 157480 0.00 17091.234 341.666
25.2037 0.0650 1.6382 1916.20 4.00 157500 0.00 17091.234 341.699
25.2037 0.0650 1.6382 1891.19 4.00 157520 0.00 16648.090 341.731
25.2037 0.0650 1.6382 1865.03 4.00 157540 0.00 16190.712 341.764
25.2037 0.0650 1.6382 1865.03 4.00 157560 0.00 16190.712 341.797
25.2037 0.0625 1.5752 1839.76 4.00 157580 0.00 15754.823 341.828
25.2037 0.0625 1.5752 1839.76 4.00 157600 0.00 15754.823 341.860
25.2037 0.0625 1.5752 1804.35 4.00 157620 0.00 15154.215 341.891
25.2037 0.0625 1.5752 1755.36 4.00 157640 0.00 14342.524 341.923
25.2037 0.0575 1.4492 1755.36 4.00 157660 0.00 14342.524 341.952
25.2037 0.0575 1.4492 1698.03 4.00 157680 0.00 13421.001 341.981
25.2037 0.0575 1.4492 1698.03 4.00 157700 0.00 13421.001 342.010
25.2037 0.0550 1.3862 1633.32 4.00 157720 0.00 12417.525 342.037
25.2037 0.0550 1.3862 1633.32 4.00 157740 0.00 12417.525 342.065
25.2037 0.0550 1.3862 1571.38 4.00 157760 0.00 11493.570 342.093
25.2037 0.0550 1.3862 1571.38 4.00 157780 0.00 11493.570 342.121
25.2037 0.0675 1.7013 1510.57 4.00 157800 0.00 10621.272 342.155
25.2037 0.0675 1.7013 1510.57 4.00 157820 0.00 10621.272 342.189
25.2037 0.0675 1.7013 1474.24 4.00 157840 0.00 10116.438 342.223
25.2025 0.0800 2.0162 1474.24 4.00 157860 0.00 10116.438 342.263
25.2025 0.0800 2.0162 1434.65 4.00 157880 0.00 9580.440 342.303
25.2025 0.0800 2.0162 1434.65 4.00 157900 0.00 9580.440 342.344
25.2025 0.0800 2.0162 1405.15 4.00 157920 0.00 9190.503 342.384
25.2037 0.0725 1.8273 1405.15 4.00 157940 0.00 9190.503 342.421
25.2037 0.0725 1.8273 1366.93 4.00 157960 0.00 8697.307 342.457
25.2037 0.0725 1.8273 1366.93 4.00 157980 0.00 8697.307 342.494
25.2037 0.0525 1.3232 1366.93 4.00 158000 0.00 8697.307 342.520
25.2037 0.0525 1.3232 1317.96 4.00 158020 0.00 8085.282 342.547
25.2037 0.0525 1.3232 1317.96 4.00 158040 0.00 8085.282 342.573
25.2037 0.0525 1.3232 1252.17 4.00 158060 0.00 7298.202 342.600
25.2037 0.0700 1.7643 1252.17 4.00 158080 0.00 7298.202 342.635
25.2037 0.0700 1.7643 1252.17 4.00 158100 0.00 7298.202 342.670
25.2037 0.0700 1.7643 1179.06 4.00 158120 0.00 6470.895 342.705
25.2037 0.0700 1.7643 1179.06 4.00 158140 0.00 6470.895 342.741
25.2050 0.0525 1.3233 1129.03 4.00 158160 0.00 5933.391 342.767
25.2050 0.0525 1.3233 1129.03 4.00 158180 0.00 5933.391 342.794
25.2050 0.0525 1.3233 1129.03 4.00 158200 0.00 5933.391 342.820
25.2050 0.0525 1.3233 1054.39 4.00 158220 0.00 5174.808 342.847
25.2050 0.0525 1.3233 1054.39 4.00 158240 0.00 5174.808 342.873
25.2050 0.0525 1.3233 1054.39 4.00 158260 0.00 5174.808 342.899
25.2050 0.0525 1.3233 985.14 4.00 158280 0.00 4517.407 342.926
25.2037 0.0600 1.5122 985.14 4.00 158300 0.00 4517.407 342.956
25.2037 0.0600 1.5122 985.14 4.00 158320 0.00 4517.407 342.986
25.2037 0.0600 1.5122 901.05 4.00 158340 0.00 3779.115 343.017
25.2050 0.0575 1.4493 901.05 4.00 158360 0.00 3779.115 343.046
25.2050 0.0575 1.4493 901.05 4.00 158380 0.00 3779.115 343.075
25.2050 0.0575 1.4493 901.05 4.00 158400 0.00 3779.115 343.104
25.2050 0.0575 1.4493 829.14 4.00 158420 0.00 3200.000 343.133
25.2050 0.0550 1.3863 829.14 4.00 158440 0.00 3200.000 343.160
25.2050 0.0550 1.3863 829.14 4.00 158460 0.00 3200.000 343.188
25.2050 0.0550 1.3863 829.14 4.00 158480 0.00 3200.000 343.216
25.2050 0.0550 1.3863 829.14 4.00 158500 0.00 3200.000 343.244
25.2050 0.0525 1.3233 829.14 4.00 158520 0.00 3200.000 343.270
25.2050 0.0525 1.3233 829.14 4.00 158540 0.00 3200.000 343.296
25.2050 0.0525 1.3233 829.14 4.00 158560 0.00 3200.000 343.323
25.2050 0.0500 1.2602 829.14 4.00 158580 0.00 3200.000 343.348
25.2050 0.0500 1.2602 829.14 4.00 158600 0.00 3200.000 343.373
25.2050 0.0500 1.2602 829.14 4.00 158620 0.00 3200.000 343.399
25.2050 0.0500 1.2602 829.14 4.00 158640 0.00 3200.000 343.424
25.2050 0.0500 1.2602 829.14 4.00 158660 0.00 3200.000 343.449
25.2050 0.0500 1.2602 829.14 4.00 158680 0.00 3200.000 343.474
25.2050 0.0500 1.2602 829.14 4.00 158700 0.00 3200.000 343.499
25.2050 0.0500 1.2602 829.14 4.00 158720 0.00 3200.000 343.525
25.2050 0.0500 1.2602 829.14 4.00 158740 0.00 3200.000 343.550
25.2050 0.0500 1.2602 829.14 4.00 158760 0.00 3200.000 343.575
25.2050 0.0500 1.2602 829.14 4.00 158780 0.00 3200.000 343.600
25.2050 0.0500 1.2602 829.14 4.00 158800 0.00 3200.000 343.625
25.2050 0.0500 1.2602 829.14 4.00 158820 0.00 3200.000 343.651
25.2050 0.0500 1.2602 829.14 4.00 158840 0.00 3200.000 343.676
25.2050 0.0500 1.2602 829.14 4.00 158860 0.00 3200.000 343.701
25.2050 0.0500 1.2602 829.14 4.00 158880 0.00 3200.000 343.726
25.2050 0.0500 1.2602 829.14 4.00 158900 0.00 3200.000 343.751
25.2050 0.0500 1.2602 829.14 4.00 158920 0.00 3200.000 343.777
25.2050 0.0500 1.2602 829.14 4.00 158940 0.00 3200.000 343.802
25.2050 0.0500 1.2602 829.14 4.00 158960 0.00 3200.000 343.827
25.2050 0.0500 1.2602 829.14 4.00 158980 0.00 3200.000 343.852
25.2050 0.0500 1.2602 829.14 4.00 159000 0.00 3200.000 343.877
25.2050 0.0500 1.2602 829.14 4.00 159020 0.00 3200.000 343.903
25.2050 0.0500 1.2602 829.14 4.00 159040 0.00 3200.000 343.928
25.2050 0.0500 1.2602 829.14 4.00 159060 0.00 3200.000 343.953
25.2050 0.0500 1.2602 829.14 4.00 159080 0.00 3200.000 343.978
25.2050 0.0500 1.2602 829.14 4.00 159100 0.00 3200.000 344.003
25.2050 0.0500 1.2602 829.14 4.00 159120 0.00 3200.000 344.029
25.2050 0.0500 1.2602 829.14 4.00 159140 0.00 3200.000 344.054
25.2050 0.0500 1.2602 829.14 4.00 159160 0.00 3200.000 344.079
25.2050 0.0500 1.2602 829.14 4.00 159180 0.00 3200.000 344.104
25.2050 0.0500 1.2602 829.14 4.00 159200 0.00 3200.000 344.129
25.2050 0.0525 1.3233 829.14 4.00 159220 0.00 3200.000 344.156
25.2050 0.0525 1.3233 829.14 4.00 159240 0.00 3200.000 344.182
25.2050 0.0525 1.3233 829.14 4.00 159260 0.00 3200.000 344.209
25.2050 0.0525 1.3233 829.14 4.00 159280 0.00 3200.000 344.235
25.2050 0.0500 1.2602 829.14 4.00 159300 0.00 3200.000 344.261
25.2050 0.0500 1.2602 829.14 4.00 159320 0.00 3200.000 344.286
25.2050 0.0500 1.2602 829.14 4.00 159340 0.00 3200.000 344.311
25.2050 0.0500 1.2602 829.14 4.00 159360 0.00 3200.000 344.336
25.2050 0.0500 1.2602 829.14 4.00 159380 0.00 3200.000 344.361
25.2050 0.0500 1.2602 829.14 4.00 159400 0.00 3200.000 344.387
25.2050 0.0500 1.2602 829.14 4.00 159420 0.00 3200.000 344.412
25.2050 0.0500 1.2602 829.14 4.00 159440 0.00 3200.000 344.437
25.2050 0.0500 1.2602 829.14 4.00 159460 0.00 3200.000 344.462
25.2050 0.0500 1.2602 829.14 4.00 159480 0.00 3200.000 344.487
25.2050 0.0500 1.2602 829.14 4.00 159500 0.00 3200.000 344.513
25.2050 0.0500 1.2602 829.14 4.00 159520 0.00 3200.000 344.538
25.2050 0.0500 1.2602 829.14 4.00 159540 0.00 3200.000 344.563
25.2050 0.0500 1.2602 829.14 4.00 159560 0.00 3200.000 344.588
25.2050 0.0500 1.2602 829.14 4.00 159580 0.00 3200.000 344.613
25.2050 0.0500 1.2602 829.14 4.00 159600 0.00 3200.000 344.639
25.2050 0.0500 1.2602 829.14 4.00 159620 0.00 3200.000 344.664
25.2050 0.0500 1.2602 829.14 4.00 159640 0.00 3200.000 344.689
25.2050 0.0500 1.2602 829.14 4.00 159660 0.00 3200.000 344.714
25.2050 0.0500 1.2602 829.14 4.00 159680 0.00 3200.000 344.739
25.2050 0.0500 1.2602 829.14 4.00 159700 0.00 3200.000 344.765
25.2050 0.0500 1.2602 829.14 4.00 159720 0.00 3200.000 344.790
25.2050 0.0500 1.2602 829.14 4.00 159740 0.00 3200.000 344.815
25.2050 0.0500 1.2602 829.14 4.00 159760 0.00 3200.000 344.840
25.2050 0.0500 1.2602 829.14 4.00 159780 0.00 3200.000 344.865
25.2050 0.0525 1.3233 829.14 4.00 159800 0.00 3200.000 344.892
25.2050 0.0525 1.3233 829.14 4.00 159820 0.00 3200.000 344.918
25.2050 0.0525 1.3233 829.14 4.00 159840 0.00 3200.000 344.945
25.2050 0.0525 1.3233 829.14 4.00 159860 0.00 3200.000 344.971
25.2050 0.0500 1.2602 829.14 4.00 159880 0.00 3200.000 344.997
25.2050 0.0500 1.2602 829.14 4.00 159900 0.00 3200.000 345.022
25.2050 0.0500 1.2602 829.14 4.00 159920 0.00 3200.000 345.047
25.2050 0.0500 1.2602 829.14 4.00 159940 0.00 3200.000 345.072
25.2050 0.0500 1.2602 829.14 4.00 159960 0.00 3200.000 345.097
25.2050 0.0500 1.2602 829.14 4.00 159980 0.00 3200.000 345.123
25.2050 0.0500 1.2602 829.14 4.00 160000 0.00 3200.000 345.148
25.2050 0.0500 1.2602 829.14 4.00 160020 0.00 3200.000 345.173
25.2050 0.0500 1.2602 829.14 4.00 160040 0.00 3200.000 345.198
25.2050 0.0500 1.2602 829.14 4.00 160060 0.00 3200.000 345.223
25.2050 0.0500 1.2602 829.14 4.00 160080 0.00 3200.000 345.249
25.2050 0.0500 1.2602 829.14 4.00 160100 0.00 3200.000 345.274
25.2050 0.0500 1.2602 829.14 4.00 160120 0.00 3200.000 345.299
25.2050 0.0500 1.2602 829.14 4.00 160140 0.00 3200.000 345.324
25.2050 0.0500 1.2602 829.14 4.00 160160 0.00 3200.000 345.349
25.2050 0.0500 1.2602 829.14 4.00 160180 0.00 3200.000 345.375
25.2050 0.0500 1.2602 829.14 4.00 160200 0.00 3200.000 345.400
25.2050 0.0500 1.2602 829.14 4.00 160220 0.00 3200.000 345.425
25.2050 0.0500 1.2602 829.14 4.00 160240 0.00 3200.000 345.450
25.2050 0.0500 1.2602 829.14 4.00 160260 0.00 3200.000 345.475
25.2050 0.0500 1.2602 829.14 4.00 160280 0.00 3200.000 345.501
25.2050 0.0500 1.2602 829.14 4.00 160300 0.00 3200.000 345.526
25.2050 0.0500 1.2602 829.14 4.00 160320 0.00 3200.000 345.551
25.2050 0.0500 1.2602 829.14 4.00 160340 0.00 3200.000 345.576
25.2050 0.0500 1.2602 829.14 4.00 160360 0.00 3200.000 345.601
25.2050 0.0500 1.2602 829.14 4.00 160380 0.00 3200.000 345.627
25.2050 0.0500 1.2602 829.14 4.00 160400 0.00 3200.000 345.652
25.2050 0.0500 1.2602 0.00 4.00 160420 0.00 0.000 345.677
25.2050 0.0500 1.2602 0.00 4.00 160440 0.00 0.000 345.702
25.2050 0.0500 1.2602 0.00 4.00 160460 0.00 0.000 345.727
25.2050 0.0500 1.2602 0.00 4.00 160480 0.00 0.000 345.753
25.2050 0.0500 1.2602 0.00 4.00 160500 0.00 0.000 345.778
25.2050 0.0500 1.2602 0.00 4.00 160520 0.00 0.000 345.803
25.2050 0.0500 1.2602 0.00 4.00 160540 0.00 0.000 345.828
25.2050 0.0500 1.2602 0.00 4.00 160560 0.00 0.000 345.853
25.2050 0.0500 1.2602 0.00 4.00 160580 0.00 0.000 345.879
25.2050 0.0500 1.2602 0.00 4.00 160600 0.00 0.000 345.904
25.2050 0.0500 1.2602 0.00 4.00 160620 0.00 0.000 345.929
25.2050 0.0500 1.2602 0.00 4.00 160640 0.00 0.000 345.954
25.2050 0.0500 1.2602 0.00 4.00 160660 0.00 0.000 345.980
25.2050 0.0500 1.2602 0.00 4.00 160680 0.00 0.000 346.005
25.2050 0.0500 1.2602 0.00 4.00 160700 0.00 0.000 346.030
25.2050 0.0500 1.2602 0.00 4.00 160720 0.00 0.000 346.055
25.2050 0.0500 1.2602 0.00 4.00 160740 0.00 0.000 346.080
25.2050 0.0500 1.2602 0.00 4.00 160760 0.00 0.000 346.106
25.2050 0.0500 1.2602 0.00 4.00 160780 0.00 0.000 346.131
25.2050 0.0500 1.2602 0.00 4.00 160800 0.00 0.000 346.156
25.2050 0.0500 1.2602 0.00 4.00 160820 0.00 0.000 346.181
25.2050 0.0500 1.2602 0.00 4.00 160840 0.00 0.000 346.206
25.2050 0.0500 1.2602 0.00 4.00 160860 0.00 0.000 346.232
25.2050 0.0500 1.2602 0.00 4.00 160880 0.00 0.000 346.257
25.2050 0.0500 1.2602 0.00 4.00 160900 0.00 0.000 346.282
25.2050 0.0500 1.2602 0.00 4.00 160920 0.00 0.000 346.307
25.2050 0.0500 1.2602 0.00 4.00 160940 0.00 0.000 346.332
25.2050 0.0500 1.2602 0.00 4.00 160960 0.00 0.000 346.358
25.2050 0.0500 1.2602 0.00 4.00 160980 0.00 0.000 346.383
25.2050 0.0500 1.2602 0.00 4.00 161000 0.00 0.000 346.408
25.2050 0.0500 1.2602 0.00 4.00 161020 0.00 0.000 346.433
25.2050 0.0500 1.2602 0.00 4.00 161040 0.00 0.000 346.458
25.2050 0.0500 1.2602 0.00 4.00 161060 0.00 0.000 346.484
25.2050 0.0500 1.2602 0.00 4.00 161080 0.00 0.000 346.509
25.2050 0.0500 1.2602 0.00 4.00 161100 0.00 0.000 346.534
25.2050 0.0500 1.2602 0.00 4.00 161120 0.00 0.000 346.559
25.2050 0.0500 1.2602 0.00 4.00 161140 0.00 0.000 346.584
25.2050 0.0525 1.3233 0.00 4.00 161160 0.00 0.000 346.611
25.2050 0.0525 1.3233 0.00 4.00 161180 0.00 0.000 346.637
25.2050 0.0525 1.3233 0.00 4.00 161200 0.00 0.000 346.664
25.2050 0.0525 1.3233 0.00 4.00 161220 0.00 0.000 346.690
25.2062 0.0500 1.2603 0.00 4.00 161240 0.00 0.000 346.715
25.2062 0.0500 1.2603 0.00 4.00 161260 0.00 0.000 346.741
25.2062 0.0500 1.2603 0.00 4.00 161280 0.00 0.000 346.766
25.2050 0.0500 1.2602 0.00 4.00 161300 0.00 0.000 346.791
25.2050 0.0500 1.2602 0.00 4.00 161320 0.00 0.000 346.816
25.2050 0.0500 1.2602 0.00 4.00 161340 0.00 0.000 346.842
25.2050 0.0500 1.2602 0.00 4.00 161360 0.00 0.000 346.867
25.2062 0.0525 1.3233 0.00 4.00 161380 0.00 0.000 346.893
25.2062 0.0525 1.3233 0.00 4.00 161400 0.00 0.000 346.920
25.2062 0.0525 1.3233 0.00 4.00 161420 0.00 0.000 346.946
25.2062 0.0525 1.3233 0.00 4.00 161440 0.00 0.000 346.973
25.2062 0.0500 1.2603 0.00 4.00 161460 0.00 0.000 346.998
25.2062 0.0500 1.2603 0.00 4.00 161480 0.00 0.000 347.023
25.2062 0.0500 1.2603 0.00 4.00 161500 0.00 0.000 347.048
25.2050 0.0500 1.2602 0.00 4.00 161520 0.00 0.000 347.073
25.2050 0.0500 1.2602 0.00 4.00 161540 0.00 0.000 347.099
25.2050 0.0500 1.2602 0.00 4.00 161560 0.00 0.000 347.124
25.2050 0.0500 1.2602 0.00 4.00 161580 0.00 0.000 347.149
25.2062 0.0500 1.2603 0.00 4.00 161600 0.00 0.000 347.174
25.2062 0.0500 1.2603 0.00 4.00 161620 0.00 0.000 347.199
25.2062 0.0500 1.2603 0.00 4.00 161640 0.00 0.000 347.225
25.2050 0.0500 1.2602 0.00 4.00 161660 0.00 0.000 347.250
25.2050 0.0500 1.2602 0.00 4.00 161680 0.00 0.000 347.275
25.2050 0.0500 1.2602 0.00 4.00 161700 0.00 0.000 347.300
25.2050 0.0500 1.2602 0.00 4.00 161720 0.00 0.000 347.325
25.2050 0.0500 1.2602 0.00 4.00 161740 0.00 0.000 347.351
25.2050 0.0500 1.2602 0.00 4.00 161760 0.00 0.000 347.376
25.2050 0.0500 1.2602 0.00 4.00 161780 0.00 0.000 347.401
25.2050 0.0500 1.2602 0.00 4.00 161800 0.00 0.000 347.426
25.2050 0.0500 1.2602 0.00 4.00 161820 0.00 0.000 347.451
25.2050 0.0500 1.2602 0.00 4.00 161840 0.00 0.000 347.477
25.2050 0.0500 1.2602 0.00 4.00 161860 0.00 0.000 347.502
25.2062 0.0500 1.2603 0.00 4.00 161880 0.00 0.000 347.527
25.2062 0.0500 1.2603 0.00 4.00 161900 0.00 0.000 347.552
25.2062 0.0500 1.2603 0.00 4.00 161920 0.00 0.000 347.578
25.2062 0.0500 1.2603 0.00 4.00 161940 0.00 0.000 347.603
25.2050 0.0500 1.2602 0.00 4.00 161960 0.00 0.000 347.628
25.2050 0.0500 1.2602 0.00 4.00 161980 0.00 0.000 347.653
25.2050 0.0500 1.2602 0.00 4.00 162000 0.00 0.000 347.678
25.2062 0.0500 1.2603 0.00 4.00 162020 0.00 0.000 347.704
25.2062 0.0500 1.2603 0.00 4.00 162040 0.00 0.000 347.729
25.2062 0.0500 1.2603 0.00 4.00 162060 0.00 0.000 347.754
25.2062 0.0500 1.2603 0.00 4.00 162080 0.00 0.000 347.779
25.2062 0.0500 1.2603 0.00 4.00 162100 0.00 0.000 347.804
25.2062 0.0500 1.2603 0.00 4.00 162120 0.00 0.000 347.830
