25.1762 0.0500 1.2588 988.81 4.00 203827 0.00 4551.119 603.380
25.1762 0.0500 1.2588 988.81 4.00 203847 0.00 4551.119 603.405
25.1762 0.0500 1.2588 988.81 4.00 203867 0.00 4551.119 603.430
25.1762 0.0500 1.2588 988.81 4.00 203887 0.00 4551.119 603.456
25.1762 0.0500 1.2588 988.81 4.00 203907 0.00 4551.119 603.481
25.1762 0.0500 1.2588 988.81 4.00 203927 0.00 4551.119 603.506
25.1762 0.0500 1.2588 988.81 4.00 203947 0.00 4551.119 603.531
25.1762 0.0500 1.2588 988.81 4.00 203967 0.00 4551.119 603.556
25.1762 0.0500 1.2588 988.81 4.00 203987 0.00 4551.119 603.581
25.1762 0.0500 1.2588 988.81 4.00 204007 0.00 4551.119 603.607
25.1762 0.0500 1.2588 988.81 4.00 204027 0.00 4551.119 603.632
25.1762 0.0500 1.2588 988.81 4.00 204047 0.00 4551.119 603.657
25.1762 0.0500 1.2588 988.81 4.00 204067 0.00 4551.119 603.682
25.1762 0.0500 1.2588 988.81 4.00 204087 0.00 4551.119 603.707
25.1762 0.0500 1.2588 988.81 4.00 204107 0.00 4551.119 603.732
25.1762 0.0500 1.2588 988.81 4.00 204127 0.00 4551.119 603.758
25.1762 0.0500 1.2588 988.81 4.00 204147 0.00 4551.119 603.783
25.1762 0.0500 1.2588 988.81 4.00 204167 0.00 4551.119 603.808
25.1762 0.0525 1.3218 988.81 4.00 204187 0.00 4551.119 603.834
25.1762 0.0525 1.3218 988.81 4.00 204207 0.00 4551.119 603.861
25.1762 0.0525 1.3218 988.81 4.00 204227 0.00 4551.119 603.887
25.1762 0.0525 1.3218 988.81 4.00 204247 0.00 4551.119 603.914
25.1762 0.0500 1.2588 988.81 4.00 204267 0.00 4551.119 603.939
25.1762 0.0500 1.2588 988.81 4.00 204287 0.00 4551.119 603.964
25.1762 0.0500 1.2588 988.81 4.00 204307 0.00 4551.119 603.989
25.1762 0.0500 1.2588 988.81 4.00 204327 0.00 4551.119 604.014
25.1762 0.0500 1.2588 988.81 4.00 204347 0.00 4551.119 604.040
25.1762 0.0500 1.2588 988.81 4.00 204367 0.00 4551.119 604.065
25.1762 0.0500 1.2588 988.81 4.00 204387 0.00 4551.119 604.090
25.1762 0.0500 1.2588 988.81 4.00 204407 0.00 4551.119 604.115
25.1762 0.0500 1.2588 988.81 4.00 204427 0.00 4551.119 604.140
25.1762 0.0500 1.2588 0.00 4.00 204447 0.00 0.000 604.165
25.1762 0.0500 1.2588 0.00 4.00 204467 0.00 0.000 604.191
25.1762 0.0500 1.2588 0.00 4.00 204487 0.00 0.000 604.216
25.1762 0.0500 1.2588 0.00 4.00 204507 0.00 0.000 604.241
25.1762 0.0500 1.2588 0.00 4.00 204527 0.00 0.000 604.266
25.1762 0.0500 1.2588 0.00 4.00 204547 0.00 0.000 604.291
25.1762 0.0500 1.2588 0.00 4.00 204567 0.00 0.000 604.317
25.1762 0.0500 1.2588 0.00 4.00 204587 0.00 0.000 604.342
25.1762 0.0500 1.2588 0.00 4.00 204607 0.00 0.000 604.367
25.1762 0.0500 1.2588 0.00 4.00 204627 0.00 0.000 604.392
25.1762 0.0500 1.2588 0.00 4.00 204647 0.00 0.000 604.417
25.1762 0.0500 1.2588 0.00 4.00 204667 0.00 0.000 604.442
25.1762 0.0500 1.2588 0.00 4.00 204687 0.00 0.000 604.468
25.1762 0.0500 1.2588 0.00 4.00 204707 0.00 0.000 604.493
25.1762 0.0500 1.2588 0.00 4.00 204727 0.00 0.000 604.518
25.1762 0.0500 1.2588 0.00 4.00 204747 0.00 0.000 604.543
25.1762 0.0500 1.2588 0.00 4.00 204767 0.00 0.000 604.568
25.1762 0.0500 1.2588 0.00 4.00 204787 0.00 0.000 604.593
25.1762 0.0500 1.2588 0.00 4.00 204807 0.00 0.000 604.619
25.1762 0.0500 1.2588 0.00 4.00 204827 0.00 0.000 604.644
25.1762 0.0500 1.2588 0.00 4.00 204847 0.00 0.000 604.669
25.1762 0.0500 1.2588 0.00 4.00 204867 0.00 0.000 604.694
25.1762 0.0500 1.2588 0.00 4.00 204887 0.00 0.000 604.719
25.1762 0.0500 1.2588 0.00 4.00 204907 0.00 0.000 604.745
25.1762 0.0500 1.2588 0.00 4.00 204927 0.00 0.000 604.770
25.1762 0.0500 1.2588 0.00 4.00 204947 0.00 0.000 604.795
25.1762 0.0650 1.6365 0.00 4.00 204967 0.00 0.000 604.828
25.1762 0.0650 1.6365 0.00 4.00 204987 0.00 0.000 604.860
25.1762 0.0650 1.6365 23.43 4.00 205007 0.00 2.555 604.893
25.1762 0.0650 1.6365 1799.86 4.00 205027 0.00 15078.847 604.926
25.1563 0.5825 14.6535 2686.13 4.00 205047 0.00 33585.000 605.219
25.1563 0.5825 14.6535 3136.11 4.00 205067 0.00 45779.852 605.512
25.1563 0.5825 14.6535 3843.20 4.00 205087 0.00 68750.836 605.805
25.1563 0.5825 14.6535 4329.00 4.00 205107 0.00 87230.547 606.098
25.0787 2.5425 63.7627 5253.48 4.00 205127 0.00 128465.578 607.373
25.0787 2.5425 63.7627 5990.42 4.00 205147 0.00 167034.594 608.649
25.0787 2.5425 63.7627 7043.91 4.00 205167 0.00 230950.969 609.924
25.0662 2.6800 67.1775 7616.15 4.00 205187 0.00 269999.594 611.267
25.0662 2.6800 67.1775 8342.60 4.00 205207 0.00 323963.156 612.611
25.0662 2.6800 67.1775 8857.40 4.00 205227 0.00 365178.000 613.954
25.0662 2.6800 67.1775 9408.81 4.00 205247 0.00 412061.719 615.298
25.0362 3.4275 85.8117 9975.06 4.00 205267 0.00 463152.313 617.014
25.0362 3.4275 85.8117 10018.37 4.00 205287 0.00 467182.406 618.731
25.0362 3.4275 85.8117 10005.00 4.00 205307 0.00 465936.813 620.447
25.1250 1.0125 25.4391 9815.15 4.00 205327 0.00 448421.406 620.956
25.1250 1.0125 25.4391 9768.80 4.00 205347 0.00 444196.813 621.464
25.1250 1.0125 25.4391 9937.07 4.00 205367 0.00 459630.500 621.973
25.1250 1.0125 25.4391 9981.70 4.00 205387 0.00 463768.875 622.482
25.1675 0.1025 2.5797 9981.70 4.00 205407 0.00 463768.875 622.533
25.1675 0.1025 2.5797 9759.27 4.00 205427 0.00 443330.250 622.585
25.1675 0.1025 2.5797 9879.80 4.00 205447 0.00 454347.844 622.637
25.1675 0.1025 2.5797 9878.17 4.00 205467 0.00 454198.219 622.688
25.1700 0.0725 1.8248 10031.77 4.00 205487 0.00 468433.063 622.725
25.1700 0.0725 1.8248 9953.55 4.00 205507 0.00 461156.750 622.761
25.1700 0.0725 1.8248 9787.93 4.00 205527 0.00 445937.688 622.798
25.1712 0.0450 1.1327 9754.51 4.00 205547 0.00 442897.938 622.820
25.1712 0.0450 1.1327 9920.63 4.00 205567 0.00 458111.813 622.843
25.1712 0.0450 1.1327 10023.39 4.00 205587 0.00 467650.750 622.866
25.1712 0.0450 1.1327 9905.89 4.00 205607 0.00 456751.563 622.888
25.1600 0.3550 8.9318 9741.84 4.00 205627 0.00 441748.031 623.067
25.1600 0.3550 8.9318 9847.37 4.00 205647 0.00 451370.000 623.246
25.1600 0.3550 8.9318 9904.26 4.00 205667 0.00 456600.625 623.424
25.1625 0.2900 7.2971 9971.75 4.00 205687 0.00 462844.500 623.570
25.1625 0.2900 7.2971 9767.21 4.00 205707 0.00 444052.219 623.716
25.1625 0.2900 7.2971 9732.36 4.00 205727 0.00 440888.688 623.862
25.1625 0.2900 7.2971 9876.54 4.00 205747 0.00 454048.781 624.008
25.1625 0.2650 6.6681 9980.04 4.00 205767 0.00 463614.656 624.141
25.1625 0.2650 6.6681 9948.60 4.00 205787 0.00 460698.031 624.275
25.1625 0.2650 6.6681 9767.21 4.00 205807 0.00 444052.219 624.408
25.1625 0.3625 9.1214 9800.72 4.00 205827 0.00 447103.875 624.591
25.1600 0.3625 9.1205 9871.67 4.00 205847 0.00 453600.563 624.773
25.1600 0.3625 9.1205 9942.00 4.00 205867 0.00 460087.625 624.955
25.1600 0.3625 9.1205 9968.43 4.00 205887 0.00 462536.813 625.138
25.1600 0.3400 8.5544 9842.52 4.00 205907 0.00 450925.875 625.309
25.1600 0.3400 8.5544 9762.45 4.00 205927 0.00 443618.844 625.480
25.1600 0.3400 8.5544 9866.80 4.00 205947 0.00 453153.219 625.651
25.1600 0.3400 8.5544 9971.75 4.00 205967 0.00 462844.500 625.822
25.1600 0.3425 8.6173 9923.92 4.00 205987 0.00 458414.938 625.994
25.1600 0.3425 8.6173 9848.98 4.00 206007 0.00 451518.188 626.167
25.1600 0.3425 8.6173 9768.80 4.00 206027 0.00 444196.813 626.339
25.1650 0.2025 5.0959 9883.05 4.00 206047 0.00 454647.250 626.441
25.1650 0.2025 5.0959 9958.51 4.00 206067 0.00 461616.031 626.543
25.1650 0.2025 5.0959 9950.25 4.00 206087 0.00 460850.906 626.645
25.1650 0.2025 5.0959 9762.45 4.00 206107 0.00 443618.844 626.747
25.1612 0.3150 7.9258 9802.32 4.00 206127 0.00 447249.875 626.905
25.1612 0.3150 7.9258 9873.29 4.00 206147 0.00 453750.000 627.064
25.1612 0.3150 7.9258 9993.34 4.00 206167 0.00 464850.969 627.222
25.1625 0.2850 7.1713 9876.54 4.00 206187 0.00 454048.781 627.366
25.1625 0.2850 7.1713 9768.80 4.00 206207 0.00 444196.813 627.509
25.1625 0.2850 7.1713 9816.75 4.00 206227 0.00 448568.063 627.653
25.1625 0.2850 7.1713 9897.72 4.00 206247 0.00 455998.219 627.796
25.1612 0.2975 7.4855 9981.70 4.00 206267 0.00 463768.875 627.946
25.1612 0.2975 7.4855 9881.42 4.00 206287 0.00 454497.563 628.096
25.1612 0.2975 7.4855 9795.92 4.00 206307 0.00 446666.000 628.245
25.1612 0.2975 7.4855 9842.52 4.00 206327 0.00 450925.875 628.395
25.1625 0.2900 7.2971 9907.53 4.00 206347 0.00 456902.250 628.541
25.1625 0.2900 7.2971 9998.33 4.00 206367 0.00 465315.844 628.687
25.1625 0.2900 7.2971 9861.93 4.00 206387 0.00 452706.500 628.833
25.1612 0.3050 7.6742 9775.17 4.00 206407 0.00 444776.031 628.986
25.1612 0.3050 7.6742 9757.68 4.00 206427 0.00 443186.000 629.140
25.1612 0.3050 7.6742 9886.31 4.00 206447 0.00 454946.969 629.293
25.1612 0.3050 7.6742 9958.51 4.00 206467 0.00 461616.031 629.447
25.1637 0.2675 6.7313 9829.62 4.00 206487 0.00 449744.688 629.581
25.1637 0.2675 6.7313 9732.36 4.00 206507 0.00 440888.688 629.716
25.1637 0.2675 6.7313 9933.77 4.00 206527 0.00 459326.125 629.851
25.1612 0.3050 7.6742 9932.13 4.00 206547 0.00 459174.156 630.004
25.1612 0.3050 7.6742 10006.67 4.00 206567 0.00 466092.156 630.158
25.1612 0.3050 7.6742 9805.52 4.00 206587 0.00 447542.469 630.311
25.1612 0.3050 7.6742 9840.91 4.00 206607 0.00 450777.969 630.465
25.1600 0.3450 8.6802 9866.80 4.00 206627 0.00 453153.219 630.638
25.1600 0.3450 8.6802 9973.40 4.00 206647 0.00 462998.281 630.812
25.1600 0.3450 8.6802 9927.20 4.00 206667 0.00 458718.344 630.985
25.1600 0.3450 8.6802 9813.54 4.00 206687 0.00 448274.719 631.159
25.1625 0.2825 7.1084 9799.12 4.00 206707 0.00 446957.844 631.301
25.1625 0.2825 7.1084 9910.80 4.00 206727 0.00 457204.188 631.443
25.1625 0.2825 7.1084 10000.00 4.00 206747 0.00 465470.938 631.585
25.1637 0.2475 6.2280 9863.55 4.00 206767 0.00 452855.156 631.710
25.1637 0.2475 6.2280 9858.69 4.00 206787 0.00 452408.969 631.835
25.1637 0.2475 6.2280 9797.52 4.00 206807 0.00 446811.844 631.959
25.1637 0.2475 6.2280 9863.55 4.00 206827 0.00 452855.156 632.084
25.1612 0.3200 8.0516 9976.72 4.00 206847 0.00 463306.219 632.245
25.1612 0.3200 8.0516 9933.77 4.00 206867 0.00 459326.125 632.406
25.1612 0.3200 8.0516 9754.51 4.00 206887 0.00 442897.938 632.567
25.1637 0.2575 6.4797 9771.99 4.00 206907 0.00 444486.250 632.696
25.1637 0.2575 6.4797 9920.63 4.00 206927 0.00 458111.813 632.826
25.1637 0.2575 6.4797 9946.95 4.00 206947 0.00 460545.281 632.956
25.1637 0.2575 6.4797 9886.31 4.00 206967 0.00 454946.969 633.085
25.1600 0.3600 9.0576 9797.52 4.00 206987 0.00 446811.844 633.266
25.1600 0.3600 9.0576 9904.26 4.00 207007 0.00 456600.625 633.447
25.1600 0.3600 9.0576 9943.65 4.00 207027 0.00 460240.063 633.629
25.1600 0.3250 8.1770 10028.41 4.00 207047 0.00 468119.906 633.792
25.1600 0.3250 8.1770 9738.68 4.00 207067 0.00 441461.313 633.956
25.1600 0.3250 8.1770 9818.36 4.00 207087 0.00 448714.875 634.119
25.1600 0.3250 8.1770 9850.60 4.00 207107 0.00 451666.500 634.283
25.1625 0.2575 6.4793 9899.36 4.00 207127 0.00 456148.781 634.412
25.1625 0.2575 6.4793 9993.34 4.00 207147 0.00 464850.969 634.542
25.1625 0.2575 6.4793 9829.62 4.00 207167 0.00 449744.688 634.672
25.1625 0.2575 6.4793 9738.68 4.00 207187 0.00 441461.313 634.801
25.1650 0.2225 5.5992 9778.36 4.00 207207 0.00 445065.969 634.913
25.1650 0.2225 5.5992 9980.04 4.00 207227 0.00 463614.656 635.025
25.1650 0.2225 5.5992 9942.00 4.00 207247 0.00 460087.625 635.137
25.1612 0.3275 8.2403 9828.01 4.00 207267 0.00 449597.281 635.302
25.1612 0.3275 8.2403 9738.68 4.00 207287 0.00 441461.313 635.467
25.1612 0.3275 8.2403 9899.36 4.00 207307 0.00 456148.781 635.631
25.1612 0.3275 8.2403 9933.77 4.00 207327 0.00 459326.125 635.796
25.1600 0.3450 8.6802 9887.94 4.00 207347 0.00 455097.063 635.970
25.1600 0.3450 8.6802 9816.75 4.00 207367 0.00 448568.063 636.143
25.1600 0.3450 8.6802 9797.52 4.00 207387 0.00 446811.844 636.317
25.1612 0.3175 7.9887 9933.77 4.00 207407 0.00 459326.125 636.477
25.1612 0.3175 7.9887 9948.60 4.00 207427 0.00 460698.031 636.637
25.1612 0.3175 7.9887 9844.13 4.00 207447 0.00 451073.781 636.796
25.1612 0.3175 7.9887 9678.98 4.00 207467 0.00 436065.563 636.956
25.1700 0.0750 1.8877 9649.40 4.00 207487 0.00 433404.656 636.994
25.1700 0.0750 1.8877 9705.60 4.00 207507 0.00 438467.156 637.032
25.1700 0.0750 1.8877 9737.10 4.00 207527 0.00 441318.063 637.069
25.1700 0.0750 1.8877 9658.72 4.00 207547 0.00 434242.281 637.107
25.1725 0.0475 1.1957 9478.67 4.00 207567 0.00 418203.563 637.131
25.1725 0.0475 1.1957 9425.07 4.00 207587 0.00 413487.031 637.155
25.1725 0.0475 1.1957 9469.70 4.00 207607 0.00 417411.750 637.179
25.1725 0.0475 1.1957 9499.68 4.00 207627 0.00 420059.469 637.203
25.1725 0.0475 1.1957 9432.48 4.00 207647 0.00 414137.250 637.227
25.1725 0.0475 1.1957 9269.27 4.00 207667 0.00 399929.875 637.251
25.1725 0.0475 1.1957 9240.72 4.00 207687 0.00 397469.938 637.275
25.1725 0.0475 1.1957 9267.84 4.00 207707 0.00 399806.250 637.299
25.1725 0.0475 1.1957 9337.07 4.00 207727 0.00 405801.500 637.322
25.1725 0.0475 1.1957 9308.10 4.00 207747 0.00 403287.188 637.346
25.1725 0.0450 1.1328 9149.13 4.00 207767 0.00 389629.875 637.369
25.1725 0.0450 1.1328 9059.34 4.00 207787 0.00 382019.531 637.392
25.1725 0.0450 1.1328 9090.91 4.00 207807 0.00 384686.719 637.414
25.1725 0.0450 1.1328 9149.13 4.00 207827 0.00 389629.875 637.437
25.1725 0.0475 1.1957 9117.16 4.00 207847 0.00 386911.188 637.461
25.1725 0.0475 1.1957 8947.21 4.00 207867 0.00 372621.563 637.485
25.1725 0.0475 1.1957 8854.78 4.00 207887 0.00 364962.594 637.509
25.1725 0.0475 1.1957 8890.21 4.00 207907 0.00 367888.531 637.533
25.1725 0.0475 1.1957 8906.04 4.00 207927 0.00 369200.219 637.557
25.1725 0.0475 1.1957 8925.92 4.00 207947 0.00 370849.813 637.580
25.1725 0.0475 1.1957 8852.17 4.00 207967 0.00 364747.188 637.604
25.1737 0.0475 1.1958 8699.43 4.00 207987 0.00 352269.125 637.628
25.1737 0.0475 1.1958 8668.02 4.00 208007 0.00 349729.250 637.652
25.1737 0.0475 1.1958 8681.81 4.00 208027 0.00 350843.375 637.676
25.1737 0.0475 1.1958 8733.63 4.00 208047 0.00 355043.594 637.700
25.1737 0.0500 1.2587 8701.96 4.00 208067 0.00 352473.563 637.725
25.1737 0.0500 1.2587 8537.28 4.00 208087 0.00 339259.125 637.750
25.1737 0.0500 1.2587 8449.51 4.00 208107 0.00 332319.688 637.776
25.1725 0.0500 1.2586 8457.85 4.00 208127 0.00 332975.781 637.801
25.1725 0.0500 1.2586 8488.96 4.00 208147 0.00 335430.125 637.826
25.1725 0.0500 1.2586 8505.81 4.00 208167 0.00 336762.844 637.851
25.1725 0.0500 1.2586 8421.05 4.00 208187 0.00 330084.656 637.876
25.1725 0.0500 1.2586 8283.86 4.00 208207 0.00 319417.000 637.901
25.1725 0.0500 1.2586 8242.89 4.00 208227 0.00 316265.375 637.927
25.1725 0.0500 1.2586 8265.60 4.00 208247 0.00 318010.531 637.952
25.1725 0.0500 1.2586 8278.15 4.00 208267 0.00 318976.563 637.977
25.1725 0.0500 1.2586 8293.02 4.00 208287 0.00 320123.813 638.002
25.1725 0.0500 1.2586 8206.81 4.00 208307 0.00 313502.813 638.027
25.1725 0.0500 1.2586 8076.46 4.00 208327 0.00 303622.750 638.052
25.1725 0.0500 1.2586 8032.13 4.00 208347 0.00 300299.000 638.078
25.1725 0.0500 1.2586 8049.37 4.00 208367 0.00 301589.563 638.103
25.1725 0.0500 1.2586 8056.94 4.00 208387 0.00 302156.750 638.128
25.1725 0.0500 1.2586 8068.85 4.00 208407 0.00 303051.406 638.153
25.1737 0.0500 1.2587 7955.45 4.00 208427 0.00 294592.719 638.178
25.1737 0.0500 1.2587 7859.58 4.00 208447 0.00 287535.000 638.203
25.1737 0.0500 1.2587 7816.57 4.00 208467 0.00 284397.094 638.229
25.1725 0.0500 1.2586 7827.79 4.00 208487 0.00 285213.969 638.254
25.1725 0.0500 1.2586 7833.92 4.00 208507 0.00 285661.031 638.279
25.1725 0.0500 1.2586 7844.16 4.00 208527 0.00 286408.344 638.304
25.1725 0.0500 1.2586 7756.95 4.00 208547 0.00 280075.063 638.329
25.1737 0.0500 1.2587 7638.45 4.00 208567 0.00 271583.063 638.355
25.1737 0.0500 1.2587 7585.33 4.00 208587 0.00 267819.438 638.380
25.1737 0.0500 1.2587 7601.67 4.00 208607 0.00 268974.375 638.405
25.1737 0.0500 1.2587 7600.71 4.00 208627 0.00 268906.188 638.430
25.1737 0.0500 1.2587 7614.21 4.00 208647 0.00 269862.594 638.455
25.1737 0.0500 1.2587 7581.50 4.00 208667 0.00 267548.781 638.480
25.1737 0.0500 1.2587 7446.94 4.00 208687 0.00 258135.859 638.506
25.1737 0.0500 1.2587 7368.29 4.00 208707 0.00 252712.203 638.531
25.1737 0.0500 1.2587 7358.35 4.00 208727 0.00 252030.859 638.556
25.1737 0.0500 1.2587 7361.06 4.00 208747 0.00 252216.391 638.581
25.1737 0.0500 1.2587 7388.25 4.00 208767 0.00 254083.234 638.606
25.1737 0.0500 1.2587 7374.63 4.00 208787 0.00 253147.234 638.631
25.1737 0.0500 1.2587 7263.04 4.00 208807 0.00 245544.281 638.657
25.1737 0.0500 1.2587 7173.60 4.00 208827 0.00 239533.906 638.682
25.1737 0.0500 1.2587 7118.28 4.00 208847 0.00 235853.844 638.707
25.1737 0.0500 1.2587 7130.97 4.00 208867 0.00 236695.531 638.732
25.1737 0.0500 1.2587 7128.43 4.00 208887 0.00 236526.844 638.757
25.1737 0.0500 1.2587 7143.71 4.00 208907 0.00 237541.703 638.782
25.1737 0.0500 1.2587 7096.39 4.00 208927 0.00 234405.516 638.808
25.1737 0.0500 1.2587 7023.29 4.00 208947 0.00 229601.250 638.833
25.1737 0.0500 1.2587 6934.81 4.00 208967 0.00 223852.547 638.858
25.1737 0.0500 1.2587 6881.52 4.00 208987 0.00 220425.453 638.883
25.1737 0.0500 1.2587 6888.63 4.00 209007 0.00 220881.219 638.908
25.1737 0.0500 1.2587 6880.73 4.00 209027 0.00 220374.875 638.934
25.1737 0.0500 1.2587 6883.10 4.00 209047 0.00 220526.625 638.959
25.1737 0.0500 1.2587 6847.75 4.00 209067 0.00 218267.281 638.984
25.1737 0.0500 1.2587 6771.24 4.00 209087 0.00 213417.281 639.009
25.1737 0.0500 1.2587 6684.49 4.00 209107 0.00 207983.734 639.034
25.1737 0.0500 1.2587 6633.50 4.00 209127 0.00 204822.609 639.059
25.1737 0.0500 1.2587 6632.77 4.00 209147 0.00 204777.328 639.085
25.1737 0.0500 1.2587 6627.64 4.00 209167 0.00 204460.797 639.110
25.1737 0.0500 1.2587 6638.64 4.00 209187 0.00 205140.047 639.135
25.1737 0.0500 1.2587 6618.13 4.00 209207 0.00 203874.844 639.160
25.1737 0.0500 1.2587 6517.49 4.00 209227 0.00 197721.156 639.185
25.1737 0.0500 1.2587 6430.18 4.00 209247 0.00 192459.172 639.210
25.1737 0.0500 1.2587 6372.13 4.00 209267 0.00 189000.156 639.236
25.1737 0.0500 1.2587 6366.05 4.00 209287 0.00 188639.375 639.261
25.1737 0.0500 1.2587 6359.97 4.00 209307 0.00 188279.625 639.286
25.1737 0.0500 1.2587 6359.30 4.00 209327 0.00 188239.750 639.311
25.1750 0.0500 1.2587 6358.63 4.00 209347 0.00 188199.859 639.336
25.1750 0.0500 1.2587 6323.11 4.00 209367 0.00 186103.375 639.361
25.1750 0.0500 1.2587 6199.63 4.00 209387 0.00 178905.563 639.387
25.1750 0.0500 1.2587 6124.32 4.00 209407 0.00 174585.766 639.412
25.1737 0.0500 1.2587 6108.11 4.00 209427 0.00 173662.813 639.437
25.1737 0.0500 1.2587 6103.14 4.00 209447 0.00 173380.297 639.462
25.1737 0.0500 1.2587 6095.08 4.00 209467 0.00 172922.641 639.487
25.1750 0.0500 1.2587 6097.56 4.00 209487 0.00 173063.266 639.513
25.1750 0.0500 1.2587 6075.33 4.00 209507 0.00 171803.844 639.538
25.1750 0.0500 1.2587 5998.80 4.00 209527 0.00 167502.516 639.563
25.1750 0.0500 1.2587 5921.83 4.00 209547 0.00 163231.797 639.588
25.1750 0.0500 1.2587 5854.80 4.00 209567 0.00 159557.344 639.613
25.1750 0.0500 1.2587 5827.51 4.00 209587 0.00 158073.109 639.638
25.1750 0.0500 1.2587 5821.29 4.00 209607 0.00 157735.859 639.664
25.1750 0.0500 1.2587 5811.14 4.00 209627 0.00 157186.406 639.689
25.1750 0.0500 1.2587 5804.39 4.00 209647 0.00 156821.656 639.714
25.1750 0.0500 1.2587 5795.42 4.00 209667 0.00 156337.328 639.739
25.1750 0.0500 1.2587 5762.03 4.00 209687 0.00 154540.875 639.764
25.1750 0.0500 1.2587 5681.28 4.00 209707 0.00 150239.797 639.789
25.1750 0.0500 1.2587 5605.38 4.00 209727 0.00 146252.375 639.815
25.1750 0.0500 1.2587 5549.39 4.00 209747 0.00 143345.125 639.840
25.1750 0.0500 1.2587 5537.10 4.00 209767 0.00 142710.891 639.865
25.1750 0.0500 1.2587 5514.20 4.00 209787 0.00 141532.906 639.890
25.1750 0.0500 1.2587 5517.24 4.00 209807 0.00 141689.141 639.915
25.1750 0.0500 1.2587 5513.69 4.00 209827 0.00 141506.906 639.940
25.1737 0.0500 1.2587 5488.47 4.00 209847 0.00 140215.422 639.966
25.1737 0.0500 1.2587 5413.21 4.00 209867 0.00 136396.156 639.991
25.1737 0.0500 1.2587 5340.93 4.00 209887 0.00 132778.031 640.016
25.1737 0.0500 1.2587 5305.51 4.00 209907 0.00 131022.719 640.041
25.1750 0.0500 1.2587 5249.34 4.00 209927 0.00 128263.367 640.066
25.1750 0.0500 1.2587 5231.49 4.00 209947 0.00 127392.531 640.092
25.1750 0.0500 1.2587 5208.33 4.00 209967 0.00 126267.070 640.117
25.1737 0.0500 1.2587 5207.88 4.00 209987 0.00 126245.172 640.142
25.1737 0.0500 1.2587 5200.66 4.00 210007 0.00 125895.219 640.167
25.1737 0.0500 1.2587 5173.31 4.00 210027 0.00 124574.422 640.192
25.1737 0.0500 1.2587 5098.57 4.00 210047 0.00 121001.211 640.217
25.1750 0.0500 1.2587 5073.14 4.00 210067 0.00 119796.984 640.243
25.1750 0.0500 1.2587 4991.27 4.00 210087 0.00 115961.492 640.268
25.1750 0.0500 1.2587 4934.21 4.00 210107 0.00 113325.563 640.293
25.1750 0.0500 1.2587 4926.92 4.00 210127 0.00 112990.805 640.318
25.1750 0.0500 1.2587 4905.97 4.00 210147 0.00 112032.031 640.343
25.1750 0.0500 1.2587 4888.78 4.00 210167 0.00 111248.359 640.368
25.1750 0.0500 1.2587 4869.73 4.00 210187 0.00 110383.250 640.394
25.1750 0.0500 1.2587 4853.98 4.00 210207 0.00 109669.992 640.419
25.1750 0.0500 1.2587 4839.49 4.00 210227 0.00 109016.391 640.444
25.1750 0.0500 1.2587 4770.23 4.00 210247 0.00 105918.531 640.469
25.1750 0.0500 1.2587 4744.21 4.00 210267 0.00 104765.914 640.494
25.1750 0.0500 1.2587 4662.73 4.00 210287 0.00 101198.234 640.520
25.1750 0.0500 1.2587 4601.93 4.00 210307 0.00 98576.453 640.545
25.1750 0.0500 1.2587 4594.18 4.00 210327 0.00 98244.602 640.570
25.1750 0.0500 1.2587 4565.17 4.00 210347 0.00 97007.648 640.595
25.1750 0.0500 1.2587 4544.77 4.00 210367 0.00 96142.547 640.620
25.1750 0.0500 1.2587 4523.18 4.00 210387 0.00 95231.477 640.645
25.1750 0.0500 1.2587 4522.16 4.00 210407 0.00 95188.430 640.671
25.1750 0.0500 1.2587 4485.98 4.00 210427 0.00 93671.508 640.696
25.1750 0.0500 1.2587 4454.01 4.00 210447 0.00 92341.172 640.721
25.1750 0.0500 1.2587 4388.21 4.00 210467 0.00 89632.898 640.746
25.1750 0.0500 1.2587 4344.36 4.00 210487 0.00 87850.617 640.771
25.1750 0.0500 1.2587 4310.96 4.00 210507 0.00 86505.039 640.796
25.1750 0.0500 1.2587 4246.89 4.00 210527 0.00 83952.516 640.822
25.1750 0.0500 1.2587 4232.80 4.00 210547 0.00 83396.711 640.847
25.1750 0.0500 1.2587 4201.97 4.00 210567 0.00 82186.305 640.872
25.1750 0.0500 1.2587 4179.73 4.00 210587 0.00 81318.375 640.897
25.1750 0.0500 1.2587 4168.11 4.00 210607 0.00 80867.086 640.922
25.1750 0.0500 1.2587 4145.36 4.00 210627 0.00 79986.734 640.947
25.1750 0.0500 1.2587 4125.13 4.00 210647 0.00 79207.734 640.973
25.1750 0.0500 1.2587 4071.66 4.00 210667 0.00 77167.758 640.998
25.1750 0.0500 1.2587 4043.67 4.00 210687 0.00 76110.469 641.023
25.1750 0.0500 1.2587 4009.36 4.00 210707 0.00 74824.125 641.048
25.1750 0.0500 1.2587 3929.02 4.00 210727 0.00 71855.523 641.073
25.1750 0.0500 1.2587 3888.78 4.00 210747 0.00 70391.383 641.099
25.1750 0.0500 1.2587 3863.99 4.00 210767 0.00 69496.680 641.124
25.1750 0.0500 1.2587 3846.65 4.00 210787 0.00 68874.313 641.149
25.1750 0.0500 1.2587 3805.42 4.00 210807 0.00 67405.750 641.174
25.1750 0.0500 1.2587 3781.91 4.00 210827 0.00 66575.563 641.199
25.1750 0.0500 1.2587 3765.77 4.00 210847 0.00 66008.523 641.224
25.1750 0.0500 1.2587 3745.55 4.00 210867 0.00 65301.668 641.250
25.1750 0.0500 1.2587 3710.35 4.00 210887 0.00 64079.820 641.275
25.1750 0.0500 1.2587 3694.35 4.00 210907 0.00 63528.633 641.300
25.1750 0.0500 1.2587 3656.98 4.00 210927 0.00 62249.625 641.325
25.1750 0.0500 1.2587 3626.25 4.00 210947 0.00 61208.125 641.350
25.1750 0.0500 1.2587 3545.47 4.00 210967 0.00 58511.383 641.375
25.1750 0.0500 1.2587 3512.26 4.00 210987 0.00 57420.473 641.401
25.1750 0.0500 1.2587 3470.62 4.00 211007 0.00 56066.777 641.426
25.1750 0.0500 1.2587 3440.37 4.00 211027 0.00 55093.719 641.451
25.1750 0.0500 1.2587 3420.17 4.00 211047 0.00 54448.672 641.476
25.1750 0.0500 1.2587 3394.05 4.00 211067 0.00 53620.246 641.501
25.1750 0.0500 1.2587 3371.35 4.00 211087 0.00 52905.582 641.527
25.1750 0.0500 1.2587 3342.25 4.00 211107 0.00 51995.934 641.552
25.1750 0.0500 1.2587 3295.80 4.00 211127 0.00 50560.773 641.577
25.1750 0.0500 1.2587 3279.76 4.00 211147 0.00 50070.012 641.602
25.1750 0.0500 1.2587 3254.15 4.00 211167 0.00 49290.977 641.627
25.1750 0.0500 1.2587 3230.32 4.00 211187 0.00 48571.801 641.652
25.1750 0.0500 1.2587 3196.25 4.00 211207 0.00 47552.566 641.678
25.1750 0.0500 1.2587 3162.72 4.00 211227 0.00 46560.172 641.703
25.1750 0.0500 1.2587 3126.79 4.00 211247 0.00 45508.281 641.728
25.1750 0.0500 1.2587 3081.35 4.00 211267 0.00 44195.090 641.753
25.1750 0.0500 1.2587 3041.67 4.00 211287 0.00 43064.262 641.778
25.1750 0.0500 1.2587 2998.65 4.00 211307 0.00 41854.703 641.803
25.1750 0.0500 1.2587 2963.69 4.00 211327 0.00 40884.582 641.829
25.1750 0.0500 1.2587 2937.86 4.00 211347 0.00 40175.008 641.854
25.1750 0.0500 1.2587 2906.13 4.00 211367 0.00 39311.824 641.879
25.1750 0.0500 1.2587 2875.22 4.00 211387 0.00 38479.852 641.904
25.1750 0.0500 1.2587 2839.97 4.00 211407 0.00 37542.176 641.929
25.1750 0.0500 1.2587 2811.09 4.00 211427 0.00 36782.684 641.954
25.1750 0.0500 1.2587 2780.48 4.00 211447 0.00 35985.902 641.980
25.1750 0.0500 1.2587 2757.23 4.00 211467 0.00 35386.473 642.005
25.1750 0.0500 1.2587 2757.23 4.00 211487 0.00 35386.473 642.030
25.1750 0.0500 1.2587 2725.54 4.00 211507 0.00 34577.785 642.055
25.1750 0.0500 1.2587 2698.81 4.00 211527 0.00 33902.984 642.080
25.1750 0.0500 1.2587 2659.46 4.00 211547 0.00 32921.406 642.106
25.1762 0.0500 1.2588 2627.43 4.00 211567 0.00 32133.273 642.131
25.1762 0.0500 1.2588 2582.76 4.00 211587 0.00 31049.832 642.156
25.1762 0.0500 1.2588 2536.25 4.00 211607 0.00 29941.648 642.181
25.1762 0.0500 1.2588 2493.35 4.00 211627 0.00 28937.393 642.206
25.1750 0.0500 1.2587 2493.35 4.00 211647 0.00 28937.393 642.231
25.1750 0.0500 1.2587 2446.58 4.00 211667 0.00 27862.014 642.257
25.1750 0.0500 1.2587 2404.33 4.00 211687 0.00 26907.902 642.282
25.1762 0.0500 1.2588 2367.70 4.00 211707 0.00 26094.418 642.307
25.1762 0.0500 1.2588 2324.59 4.00 211727 0.00 25152.744 642.332
25.1762 0.0500 1.2588 2324.59 4.00 211747 0.00 25152.744 642.357
25.1762 0.0500 1.2588 2284.50 4.00 211767 0.00 24292.563 642.382
25.1750 0.0500 1.2587 2238.39 4.00 211787 0.00 23321.875 642.408
25.1750 0.0500 1.2587 2238.39 4.00 211807 0.00 23321.875 642.433
25.1750 0.0500 1.2587 2197.16 4.00 211827 0.00 22470.629 642.458
25.1750 0.0500 1.2587 2154.55 4.00 211847 0.00 21607.625 642.483
25.1762 0.0500 1.2588 2119.54 4.00 211867 0.00 20911.092 642.508
25.1762 0.0500 1.2588 2119.54 4.00 211887 0.00 20911.092 642.534
25.1762 0.0500 1.2588 2079.15 4.00 211907 0.00 20121.602 642.559
25.1762 0.0500 1.2588 2041.37 4.00 211927 0.00 19397.098 642.584
25.1762 0.0500 1.2588 2041.37 4.00 211947 0.00 19397.098 642.609
25.1762 0.0500 1.2588 2001.80 4.00 211967 0.00 18652.396 642.634
25.1762 0.0500 1.2588 1955.29 4.00 211987 0.00 17795.678 642.659
25.1762 0.0500 1.2588 1955.29 4.00 212007 0.00 17795.678 642.685
25.1762 0.0500 1.2588 1909.61 4.00 212027 0.00 16973.941 642.710
25.1762 0.0500 1.2588 1855.98 4.00 212047 0.00 16033.835 642.735
25.1762 0.0500 1.2588 1855.98 4.00 212067 0.00 16033.835 642.760
25.1762 0.0500 1.2588 1801.80 4.00 212087 0.00 15111.465 642.785
25.1762 0.0500 1.2588 1801.80 4.00 212107 0.00 15111.465 642.810
25.1762 0.0500 1.2588 1742.36 4.00 212127 0.00 14130.896 642.836
25.1762 0.0500 1.2588 1742.36 4.00 212147 0.00 14130.896 642.861
25.1762 0.0500 1.2588 1685.44 4.00 212167 0.00 13222.681 642.886
25.1762 0.0500 1.2588 1629.81 4.00 212187 0.00 12364.288 642.911
25.1762 0.0500 1.2588 1629.81 4.00 212207 0.00 12364.288 642.936
25.1762 0.0500 1.2588 1566.33 4.00 212227 0.00 11419.878 642.962
25.1762 0.0500 1.2588 1566.33 4.00 212247 0.00 11419.878 642.987
25.1762 0.0500 1.2588 1501.39 4.00 212267 0.00 10492.498 643.012
25.1762 0.0500 1.2588 1501.39 4.00 212287 0.00 10492.498 643.037
25.1762 0.0500 1.2588 1430.51 4.00 212307 0.00 9525.242 643.062
25.1762 0.0500 1.2588 1430.51 4.00 212327 0.00 9525.242 643.087
25.1762 0.0500 1.2588 1430.51 4.00 212347 0.00 9525.242 643.113
25.1762 0.0500 1.2588 1361.38 4.00 212367 0.00 8626.802 643.138
25.1762 0.0500 1.2588 1361.38 4.00 212387 0.00 8626.802 643.163
25.1762 0.0500 1.2588 1290.85 4.00 212407 0.00 7756.115 643.188
25.1762 0.0500 1.2588 1290.85 4.00 212427 0.00 7756.115 643.213
25.1762 0.0500 1.2588 1224.99 4.00 212447 0.00 6984.856 643.238
25.1762 0.0500 1.2588 1224.99 4.00 212467 0.00 6984.856 643.264
25.1762 0.0500 1.2588 1224.99 4.00 212487 0.00 6984.856 643.289
25.1762 0.0500 1.2588 1157.21 4.00 212507 0.00 6233.247 643.314
25.1762 0.0500 1.2588 1157.21 4.00 212527 0.00 6233.247 643.339
25.1762 0.0500 1.2588 1157.21 4.00 212547 0.00 6233.247 643.364
25.1762 0.0500 1.2588 1092.36 4.00 212567 0.00 5554.222 643.390
25.1762 0.0500 1.2588 1092.36 4.00 212587 0.00 5554.222 643.415
25.1762 0.0500 1.2588 1092.36 4.00 212607 0.00 5554.222 643.440
25.1762 0.0500 1.2588 1027.70 4.00 212627 0.00 4916.118 643.465
25.1762 0.0500 1.2588 1027.70 4.00 212647 0.00 4916.118 643.490
25.1762 0.0500 1.2588 1027.70 4.00 212667 0.00 4916.118 643.515
25.1762 0.0500 1.2588 958.13 4.00 212687 0.00 4273.082 643.541
25.1762 0.0500 1.2588 958.13 4.00 212707 0.00 4273.082 643.566
25.1762 0.0500 1.2588 958.13 4.00 212727 0.00 4273.082 643.591
25.1762 0.0500 1.2588 882.56 4.00 212747 0.00 3625.614 643.616
25.1762 0.0500 1.2588 882.56 4.00 212767 0.00 3625.614 643.641
25.1762 0.0500 1.2588 882.56 4.00 212787 0.00 3625.614 643.666
25.1762 0.0500 1.2588 882.56 4.00 212807 0.00 3625.614 643.692
25.1762 0.0500 1.2588 798.33 4.00 212827 0.00 2966.581 643.717
25.1762 0.0500 1.2588 798.33 4.00 212847 0.00 2966.581 643.742
25.1762 0.0500 1.2588 798.33 4.00 212867 0.00 2966.581 643.767
25.1762 0.0500 1.2588 798.33 4.00 212887 0.00 2966.581 643.792
25.1762 0.0500 1.2588 704.53 4.00 212907 0.00 2310.432 643.818
25.1762 0.0525 1.3218 704.53 4.00 212927 0.00 2310.432 643.844
25.1762 0.0525 1.3218 704.53 4.00 212947 0.00 2310.432 643.870
25.1762 0.0525 1.3218 704.53 4.00 212967 0.00 2310.432 643.897
25.1762 0.0525 1.3218 704.53 4.00 212987 0.00 2310.432 643.923
25.1762 0.0500 1.2588 591.23 4.00 213007 0.00 1627.078 643.948
25.1762 0.0500 1.2588 591.23 4.00 213027 0.00 1627.078 643.974
25.1762 0.0500 1.2588 591.23 4.00 213047 0.00 1627.078 643.999
25.1762 0.0500 1.2588 591.23 4.00 213067 0.00 1627.078 644.024
25.1762 0.0500 1.2588 591.23 4.00 213087 0.00 1627.078 644.049
25.1762 0.0500 1.2588 591.23 4.00 213107 0.00 1627.078 644.074
25.1762 0.0500 1.2588 591.23 4.00 213127 0.00 1627.078 644.099
25.1762 0.0500 1.2588 450.08 4.00 213147 0.00 942.923 644.125
25.1762 0.0500 1.2588 450.08 4.00 213167 0.00 942.923 644.150
25.1762 0.0500 1.2588 450.08 4.00 213187 0.00 942.923 644.175
25.1762 0.0500 1.2588 450.08 4.00 213207 0.00 942.923 644.200
25.1762 0.0500 1.2588 450.08 4.00 213227 0.00 942.923 644.225
25.1762 0.0500 1.2588 450.08 4.00 213247 0.00 942.923 644.251
25.1762 0.0500 1.2588 450.08 4.00 213267 0.00 942.923 644.276
25.1762 0.0500 1.2588 450.08 4.00 213287 0.00 942.923 644.301
25.1762 0.0500 1.2588 450.08 4.00 213307 0.00 942.923 644.326
25.1762 0.0500 1.2588 450.08 4.00 213327 0.00 942.923 644.351
25.1762 0.0500 1.2588 450.08 4.00 213347 0.00 942.923 644.376
25.1762 0.0500 1.2588 450.08 4.00 213367 0.00 942.923 644.402
25.1762 0.0500 1.2588 450.08 4.00 213387 0.00 942.923 644.427
25.1762 0.0500 1.2588 450.08 4.00 213407 0.00 942.923 644.452
25.1762 0.0500 1.2588 450.08 4.00 213427 0.00 942.923 644.477
25.1762 0.0500 1.2588 450.08 4.00 213447 0.00 942.923 644.502
25.1762 0.0500 1.2588 450.08 4.00 213467 0.00 942.923 644.527
25.1762 0.0500 1.2588 450.08 4.00 213487 0.00 942.923 644.553
25.1762 0.0500 1.2588 450.08 4.00 213507 0.00 942.923 644.578
25.1762 0.0500 1.2588 450.08 4.00 213527 0.00 942.923 644.603
25.1762 0.0500 1.2588 450.08 4.00 213547 0.00 942.923 644.628
25.1762 0.0500 1.2588 450.08 4.00 213567 0.00 942.923 644.653
25.1762 0.0500 1.2588 450.08 4.00 213587 0.00 942.923 644.679
25.1762 0.0500 1.2588 450.08 4.00 213607 0.00 942.923 644.704
25.1762 0.0500 1.2588 450.08 4.00 213627 0.00 942.923 644.729
25.1762 0.0500 1.2588 450.08 4.00 213647 0.00 942.923 644.754
25.1762 0.0500 1.2588 450.08 4.00 213667 0.00 942.923 644.779
25.1762 0.0500 1.2588 450.08 4.00 213687 0.00 942.923 644.804
25.1762 0.0500 1.2588 450.08 4.00 213707 0.00 942.923 644.830
25.1762 0.0500 1.2588 450.08 4.00 213727 0.00 942.923 644.855
25.1762 0.0500 1.2588 450.08 4.00 213747 0.00 942.923 644.880
25.1762 0.0500 1.2588 450.08 4.00 213767 0.00 942.923 644.905
25.1775 0.0500 1.2589 450.08 4.00 213787 0.00 942.923 644.930
25.1775 0.0500 1.2589 450.08 4.00 213807 0.00 942.923 644.955
25.1775 0.0500 1.2589 450.08 4.00 213827 0.00 942.923 644.981
25.1775 0.0500 1.2589 450.08 4.00 213847 0.00 942.923 645.006
25.1775 0.0500 1.2589 450.08 4.00 213867 0.00 942.923 645.031
