25.2062 0.0500 1.2603 0.00 4.00 168340 0.00 0.000 355.686
25.2062 0.0500 1.2603 0.00 4.00 168360 0.00 0.000 355.712
25.2062 0.0500 1.2603 0.00 4.00 168380 0.00 0.000 355.737
25.2062 0.0500 1.2603 0.00 4.00 168400 0.00 0.000 355.762
25.2062 0.0500 1.2603 0.00 4.00 168420 0.00 0.000 355.787
25.2062 0.0500 1.2603 0.00 4.00 168440 0.00 0.000 355.812
25.2062 0.0500 1.2603 0.00 4.00 168460 0.00 0.000 355.838
25.2062 0.0500 1.2603 0.00 4.00 168480 0.00 0.000 355.863
25.2062 0.0500 1.2603 0.00 4.00 168500 0.00 0.000 355.888
25.2062 0.0500 1.2603 0.00 4.00 168520 0.00 0.000 355.913
25.2062 0.0500 1.2603 0.00 4.00 168540 0.00 0.000 355.938
25.2062 0.0500 1.2603 0.00 4.00 168560 0.00 0.000 355.964
25.2062 0.0500 1.2603 0.00 4.00 168580 0.00 0.000 355.989
25.2062 0.0500 1.2603 0.00 4.00 168600 0.00 0.000 356.014
25.2062 0.0500 1.2603 0.00 4.00 168620 0.00 0.000 356.039
25.2062 0.0500 1.2603 0.00 4.00 168640 0.00 0.000 356.064
25.2062 0.0500 1.2603 0.00 4.00 168660 0.00 0.000 356.090
25.2062 0.0500 1.2603 0.00 4.00 168680 0.00 0.000 356.115
25.2062 0.0500 1.2603 0.00 4.00 168700 0.00 0.000 356.140
25.2062 0.0500 1.2603 0.00 4.00 168720 0.00 0.000 356.165
25.2062 0.0500 1.2603 0.00 4.00 168740 0.00 0.000 356.190
25.2062 0.0500 1.2603 0.00 4.00 168760 0.00 0.000 356.216
25.2062 0.0500 1.2603 0.00 4.00 168780 0.00 0.000 356.241
25.2062 0.0500 1.2603 0.00 4.00 168800 0.00 0.000 356.266
25.2062 0.0500 1.2603 0.00 4.00 168820 0.00 0.000 356.291
25.2062 0.0500 1.2603 0.00 4.00 168840 0.00 0.000 356.317
25.2062 0.0500 1.2603 0.00 4.00 168860 0.00 0.000 356.342
25.2062 0.0500 1.2603 0.00 4.00 168880 0.00 0.000 356.367
25.2062 0.0500 1.2603 0.00 4.00 168900 0.00 0.000 356.392
25.2062 0.0500 1.2603 0.00 4.00 168920 0.00 0.000 356.417
25.2062 0.0500 1.2603 0.00 4.00 168940 0.00 0.000 356.443
25.2062 0.0500 1.2603 0.00 4.00 168960 0.00 0.000 356.468
25.2062 0.0500 1.2603 0.00 4.00 168980 0.00 0.000 356.493
25.2062 0.0500 1.2603 0.00 4.00 169000 0.00 0.000 356.518
25.2062 0.0500 1.2603 0.00 4.00 169020 0.00 0.000 356.543
25.2062 0.0500 1.2603 0.00 4.00 169040 0.00 0.000 356.569
25.2062 0.0500 1.2603 0.00 4.00 169060 0.00 0.000 356.594
25.2062 0.0500 1.2603 0.00 4.00 169080 0.00 0.000 356.619
25.2062 0.0500 1.2603 0.00 4.00 169100 0.00 0.000 356.644
25.2062 0.0500 1.2603 0.00 4.00 169120 0.00 0.000 356.669
25.2062 0.0500 1.2603 0.00 4.00 169140 0.00 0.000 356.695
25.2062 0.0500 1.2603 0.00 4.00 169160 0.00 0.000 356.720
25.2062 0.0500 1.2603 0.00 4.00 169180 0.00 0.000 356.745
25.2062 0.0500 1.2603 0.00 4.00 169200 0.00 0.000 356.770
25.2062 0.0500 1.2603 0.00 4.00 169220 0.00 0.000 356.795
25.2062 0.0500 1.2603 0.00 4.00 169240 0.00 0.000 356.821
25.2062 0.0525 1.3233 0.00 4.00 169260 0.00 0.000 356.847
25.2062 0.0525 1.3233 0.00 4.00 169280 0.00 0.000 356.874
25.2062 0.0525 1.3233 0.00 4.00 169300 0.00 0.000 356.900
25.2062 0.0525 1.3233 0.00 4.00 169320 0.00 0.000 356.926
25.2062 0.0500 1.2603 0.00 4.00 169340 0.00 0.000 356.952
25.2062 0.0500 1.2603 0.00 4.00 169360 0.00 0.000 356.977
25.2062 0.0500 1.2603 0.00 4.00 169380 0.00 0.000 357.002
25.2062 0.0500 1.2603 0.00 4.00 169400 0.00 0.000 357.027
25.2062 0.0500 1.2603 0.00 4.00 169420 0.00 0.000 357.053
25.2062 0.0500 1.2603 0.00 4.00 169440 0.00 0.000 357.078
25.2062 0.0500 1.2603 0.00 4.00 169460 0.00 0.000 357.103
25.2062 0.0500 1.2603 0.00 4.00 169480 0.00 0.000 357.128
25.2062 0.0500 1.2603 0.00 4.00 169500 0.00 0.000 357.153
25.2062 0.0500 1.2603 0.00 4.00 169520 0.00 0.000 357.179
25.2062 0.0500 1.2603 0.00 4.00 169540 0.00 0.000 357.204
25.1925 0.4100 10.3289 0.00 4.00 169560 0.00 0.000 357.410
25.1925 0.4100 10.3289 0.00 4.00 169580 0.00 0.000 357.617
25.1925 0.4100 10.3289 5.37 4.00 169600 0.00 0.134 357.823
25.1838 0.5900 14.8584 5.37 4.00 169620 0.00 0.134 358.121
25.1838 0.5900 14.8584 5.37 4.00 169640 0.00 0.134 358.418
25.1838 0.5900 14.8584 5.37 4.00 169660 0.00 0.134 358.715
25.1838 0.5900 14.8584 742.26 4.00 169680 0.00 2564.525 359.012
25.1875 0.5225 13.1605 742.26 4.00 169700 0.00 2564.525 359.275
25.1875 0.5225 13.1605 1469.18 4.00 169720 0.00 10047.197 359.539
25.1875 0.5225 13.1605 3187.76 4.00 169740 0.00 47300.258 359.802
25.0975 2.8150 70.6495 4939.08 4.00 169760 0.00 113549.555 361.215
25.0975 2.8150 70.6495 6015.64 4.00 169780 0.00 168444.297 362.628
25.0975 2.8150 70.6495 6826.72 4.00 169800 0.00 216928.250 364.041
25.0975 2.8150 70.6495 7853.40 4.00 169820 0.00 287083.563 365.454
25.0600 3.5600 89.2136 8610.79 4.00 169840 0.00 345126.844 367.238
25.0600 3.5600 89.2136 9147.74 4.00 169860 0.00 389511.094 369.022
25.0600 3.5600 89.2136 9630.82 4.00 169880 0.00 431736.688 370.807
25.0600 3.5600 89.2136 10136.85 4.00 169900 0.00 478297.813 372.591
25.0787 2.9450 73.8569 10041.84 4.00 169920 0.00 469374.219 374.068
25.0787 2.9450 73.8569 9988.35 4.00 169940 0.00 464386.719 375.545
25.0787 2.9450 73.8569 9881.42 4.00 169960 0.00 454497.563 377.022
25.2000 -0.0400 -1.0080 9829.62 4.00 169980 0.00 449744.688 377.002
25.2000 -0.0400 -1.0080 9889.57 4.00 170000 0.00 455247.000 376.982
25.2000 -0.0400 -1.0080 9986.68 4.00 170020 0.00 464232.156 376.962
25.2000 -0.0400 -1.0080 9951.90 4.00 170040 0.00 461003.813 376.942
25.1912 0.2775 6.9906 9836.07 4.00 170060 0.00 450334.781 377.081
25.1912 0.2775 6.9906 9789.53 4.00 170080 0.00 446083.219 377.221
25.1912 0.2775 6.9906 9860.31 4.00 170100 0.00 452557.563 377.361
25.1900 0.3325 8.3757 10001.67 4.00 170120 0.00 465626.125 377.529
25.1900 0.3325 8.3757 9910.80 4.00 170140 0.00 457204.188 377.696
25.1900 0.3325 8.3757 9836.07 4.00 170160 0.00 450334.781 377.864
25.1900 0.3325 8.3757 9813.54 4.00 170180 0.00 448274.719 378.031
25.1938 0.2200 5.5426 9918.99 4.00 170200 0.00 457960.281 378.142
25.1938 0.2200 5.5426 9990.01 4.00 170220 0.00 464541.375 378.253
25.1938 0.2200 5.5426 9889.57 4.00 170240 0.00 455247.000 378.364
25.1938 0.2200 5.5426 9795.92 4.00 170260 0.00 446666.000 378.475
25.1887 0.3725 9.3828 9853.83 4.00 170280 0.00 451963.219 378.662
25.1887 0.3725 9.3828 9909.17 4.00 170300 0.00 457053.250 378.850
25.1887 0.3725 9.3828 10031.77 4.00 170320 0.00 468433.063 379.037
25.1925 0.2750 6.9279 9922.28 4.00 170340 0.00 458263.344 379.176
25.1925 0.2750 6.9279 9775.17 4.00 170360 0.00 444776.031 379.315
25.1925 0.2750 6.9279 9848.98 4.00 170380 0.00 451518.188 379.453
25.1925 0.2750 6.9279 9958.51 4.00 170400 0.00 461616.031 379.592
25.1900 0.3225 8.1238 9995.00 4.00 170420 0.00 465005.719 379.754
25.1900 0.3225 8.1238 9813.54 4.00 170440 0.00 448274.719 379.917
25.1900 0.3225 8.1238 9783.14 4.00 170460 0.00 445501.469 380.079
25.1938 0.2175 5.4796 9836.07 4.00 170480 0.00 450334.781 380.189
25.1938 0.2175 5.4796 9920.63 4.00 170500 0.00 458111.813 380.298
25.1938 0.2175 5.4796 9985.02 4.00 170520 0.00 464077.625 380.408
25.1938 0.2175 5.4796 9879.80 4.00 170540 0.00 454347.844 380.518
25.1862 0.4375 11.0190 9795.92 4.00 170560 0.00 446666.000 380.738
25.1862 0.4375 11.0190 9917.36 4.00 170580 0.00 457809.031 380.958
25.1862 0.4375 11.0190 10001.67 4.00 170600 0.00 465626.125 381.179
25.1950 0.1600 4.0312 9958.51 4.00 170620 0.00 461616.031 381.259
25.1950 0.1600 4.0312 9883.05 4.00 170640 0.00 454647.250 381.340
25.1950 0.1600 4.0312 9770.40 4.00 170660 0.00 444341.563 381.421
25.1950 0.1600 4.0312 9863.55 4.00 170680 0.00 452855.156 381.501
25.1887 0.3500 8.8161 9991.67 4.00 170700 0.00 464696.094 381.677
25.1887 0.3500 8.8161 9930.49 4.00 170720 0.00 459022.094 381.854
25.1887 0.3500 8.8161 9775.17 4.00 170740 0.00 444776.031 382.030
25.1887 0.3500 8.8161 9834.45 4.00 170760 0.00 450187.188 382.206
25.1912 0.3050 7.6833 9935.42 4.00 170780 0.00 459478.375 382.360
25.1912 0.3050 7.6833 9998.33 4.00 170800 0.00 465315.844 382.514
25.1912 0.3050 7.6833 9910.80 4.00 170820 0.00 457204.188 382.667
25.1950 0.1675 4.2202 9730.78 4.00 170840 0.00 440745.594 382.752
25.1950 0.1675 4.2202 9823.18 4.00 170860 0.00 449155.750 382.836
25.1950 0.1675 4.2202 9912.44 4.00 170880 0.00 457355.344 382.921
25.1950 0.1675 4.2202 9973.40 4.00 170900 0.00 462998.281 383.005
25.1862 0.4275 10.7671 9896.09 4.00 170920 0.00 455847.844 383.220
25.1862 0.4275 10.7671 9816.75 4.00 170940 0.00 448568.063 383.436
25.1862 0.4275 10.7671 9808.73 4.00 170960 0.00 447835.125 383.651
25.1950 0.1975 4.9760 9870.04 4.00 170980 0.00 453451.469 383.751
25.1950 0.1975 4.9760 9993.34 4.00 171000 0.00 464850.969 383.850
25.1950 0.1975 4.9760 9930.49 4.00 171020 0.00 459022.094 383.950
25.1950 0.1975 4.9760 9783.14 4.00 171040 0.00 445501.469 384.049
25.1875 0.3725 9.3823 9794.32 4.00 171060 0.00 446520.031 384.237
25.1875 0.3725 9.3823 9923.92 4.00 171080 0.00 458414.938 384.424
25.1875 0.3725 9.3823 9993.34 4.00 171100 0.00 464850.969 384.612
25.1875 0.3725 9.3823 9807.13 4.00 171120 0.00 447688.656 384.800
25.1912 0.2800 7.0535 9730.78 4.00 171140 0.00 440745.594 384.941
25.1912 0.2800 7.0535 9839.29 4.00 171160 0.00 450630.031 385.082
25.1912 0.2800 7.0535 9940.36 4.00 171180 0.00 459935.188 385.223
25.1887 0.3550 8.9420 9973.40 4.00 171200 0.00 462998.281 385.402
25.1887 0.3550 8.9420 9831.23 4.00 171220 0.00 449892.031 385.581
25.1887 0.3550 8.9420 9765.63 4.00 171240 0.00 443907.688 385.759
25.1887 0.3550 8.9420 9845.75 4.00 171260 0.00 451221.875 385.938
25.1887 0.3350 8.4382 9990.01 4.00 171280 0.00 464541.375 386.107
25.1887 0.3350 8.4382 9928.84 4.00 171300 0.00 458870.250 386.276
25.1887 0.3350 8.4382 9800.72 4.00 171320 0.00 447103.875 386.445
25.1875 0.3825 9.6342 9810.33 4.00 171340 0.00 447981.531 386.637
25.1875 0.3825 9.6342 9844.13 4.00 171360 0.00 451073.781 386.830
25.1875 0.3825 9.6342 9942.00 4.00 171380 0.00 460087.625 387.023
25.1875 0.3825 9.6342 9930.49 4.00 171400 0.00 459022.094 387.215
25.1862 0.3925 9.8856 9832.84 4.00 171420 0.00 450039.563 387.413
25.1862 0.3925 9.8856 9783.14 4.00 171440 0.00 445501.469 387.611
25.1862 0.3925 9.8856 9800.72 4.00 171460 0.00 447103.875 387.808
25.1900 0.3150 7.9348 9943.65 4.00 171480 0.00 460240.063 387.967
25.1900 0.3150 7.9348 9938.71 4.00 171500 0.00 459782.781 388.126
25.1900 0.3150 7.9348 9786.33 4.00 171520 0.00 445792.219 388.285
25.1900 0.3150 7.9348 9776.76 4.00 171540 0.00 444920.875 388.443
25.1900 0.3075 7.7459 9896.09 4.00 171560 0.00 455847.844 388.598
25.1900 0.3075 7.7459 9985.02 4.00 171580 0.00 464077.625 388.753
25.1900 0.3075 7.7459 9917.36 4.00 171600 0.00 457809.031 388.908
25.1900 0.3075 7.7459 9775.17 4.00 171620 0.00 444776.031 389.063
25.1862 0.3975 10.0115 9803.92 4.00 171640 0.00 447396.156 389.263
25.1862 0.3975 10.0115 9876.54 4.00 171660 0.00 454048.781 389.463
25.1862 0.3975 10.0115 9995.00 4.00 171680 0.00 465005.719 389.664
25.1862 0.4150 10.4523 9925.56 4.00 171700 0.00 458566.563 389.873
25.1862 0.4150 10.4523 9787.93 4.00 171720 0.00 445937.688 390.082
25.1862 0.4150 10.4523 9828.01 4.00 171740 0.00 449597.281 390.291
25.1862 0.4150 10.4523 9894.46 4.00 171760 0.00 455697.500 390.500
25.1912 0.2675 6.7387 10000.00 4.00 171780 0.00 465470.938 390.635
25.1912 0.2675 6.7387 9883.05 4.00 171800 0.00 454647.250 390.769
25.1912 0.2675 6.7387 9770.40 4.00 171820 0.00 444341.563 390.904
25.1938 0.2150 5.4167 9807.13 4.00 171840 0.00 447688.656 391.012
25.1938 0.2150 5.4167 9948.60 4.00 171860 0.00 460698.031 391.121
25.1938 0.2150 5.4167 9963.47 4.00 171880 0.00 462076.063 391.229
25.1938 0.2150 5.4167 9848.98 4.00 171900 0.00 451518.188 391.337
25.1887 0.3325 8.3753 9738.68 4.00 171920 0.00 441461.313 391.505
25.1887 0.3325 8.3753 9876.54 4.00 171940 0.00 454048.781 391.672
25.1887 0.3325 8.3753 9988.35 4.00 171960 0.00 464386.719 391.840
25.1887 0.3325 8.3753 9963.47 4.00 171980 0.00 462076.063 392.007
25.1900 0.3150 7.9348 9836.07 4.00 172000 0.00 450334.781 392.166
25.1900 0.3150 7.9348 9789.53 4.00 172020 0.00 446083.219 392.325
25.1900 0.3150 7.9348 9850.60 4.00 172040 0.00 451666.500 392.484
25.1887 0.3300 8.3123 9978.38 4.00 172060 0.00 463460.406 392.650
25.1887 0.3300 8.3123 9973.40 4.00 172080 0.00 462998.281 392.816
25.1887 0.3300 8.3123 9800.72 4.00 172100 0.00 447103.875 392.982
25.1887 0.3300 8.3123 9802.32 4.00 172120 0.00 447249.875 393.149
25.1925 0.2325 5.8573 9871.67 4.00 172140 0.00 453600.563 393.266
25.1925 0.2325 5.8573 9956.85 4.00 172160 0.00 461462.906 393.383
25.1925 0.2325 5.8573 9874.92 4.00 172180 0.00 453899.313 393.500
25.1938 0.2025 5.1017 9738.68 4.00 172200 0.00 441461.313 393.602
25.1938 0.2025 5.1017 9704.03 4.00 172220 0.00 438325.281 393.704
25.1938 0.2025 5.1017 9749.76 4.00 172240 0.00 442466.219 393.806
25.1938 0.2025 5.1017 9775.17 4.00 172260 0.00 444776.031 393.908
25.2000 0.0475 1.1970 9685.23 4.00 172280 0.00 436628.906 393.932
25.2000 0.0475 1.1970 9554.14 4.00 172300 0.00 424889.344 393.956
25.2000 0.0475 1.1970 9513.24 4.00 172320 0.00 421259.188 393.980
25.2000 0.0475 1.1970 9558.71 4.00 172340 0.00 425295.500 394.004
25.2000 0.0475 1.1970 9578.54 4.00 172360 0.00 427062.625 394.028
25.2000 0.0475 1.1970 9493.67 4.00 172380 0.00 419527.969 394.052
25.2000 0.0475 1.1970 9356.00 4.00 172400 0.00 407448.281 394.076
25.2000 0.0475 1.1970 9321.11 4.00 172420 0.00 404415.719 394.100
25.2000 0.0475 1.1970 9332.71 4.00 172440 0.00 405422.844 394.124
25.2000 0.0475 1.1970 9382.33 4.00 172460 0.00 409745.313 394.148
25.2000 0.0475 1.1970 9296.56 4.00 172480 0.00 402288.094 394.171
25.2013 0.0475 1.1971 9164.50 4.00 172500 0.00 390940.281 394.195
25.2013 0.0475 1.1971 9125.47 4.00 172520 0.00 387617.625 394.219
25.2013 0.0475 1.1971 9137.98 4.00 172540 0.00 388681.000 394.243
25.2013 0.0475 1.1971 9195.40 4.00 172560 0.00 393580.938 394.267
25.2013 0.0475 1.1971 9151.92 4.00 172580 0.00 389867.656 394.291
25.2013 0.0475 1.1971 9003.60 4.00 172600 0.00 377333.313 394.315
25.2013 0.0475 1.1971 8906.04 4.00 172620 0.00 369200.219 394.339
25.2013 0.0450 1.1341 8933.89 4.00 172640 0.00 371512.688 394.362
25.2013 0.0450 1.1341 8963.25 4.00 172660 0.00 373958.719 394.384
25.2013 0.0450 1.1341 8983.38 4.00 172680 0.00 375640.313 394.407
25.2013 0.0450 1.1341 8856.09 4.00 172700 0.00 365070.219 394.430
25.2013 0.0450 1.1341 8717.13 4.00 172720 0.00 353703.688 394.452
25.2013 0.0450 1.1341 8718.40 4.00 172740 0.00 353806.438 394.475
25.2013 0.0450 1.1341 8755.29 4.00 172760 0.00 356807.219 394.498
25.2013 0.0475 1.1971 8784.77 4.00 172780 0.00 359214.344 394.522
25.2013 0.0475 1.1971 8738.71 4.00 172800 0.00 355457.250 394.546
25.2013 0.0475 1.1971 8597.22 4.00 172820 0.00 344039.750 394.570
25.2013 0.0475 1.1971 8504.61 4.00 172840 0.00 336667.344 394.594
25.2013 0.0475 1.1971 8525.15 4.00 172860 0.00 338295.719 394.618
25.2013 0.0475 1.1971 8550.66 4.00 172880 0.00 340323.656 394.641
25.2013 0.0475 1.1971 8566.53 4.00 172900 0.00 341588.125 394.665
25.2013 0.0450 1.1341 8472.18 4.00 172920 0.00 334105.156 394.688
25.2013 0.0450 1.1341 8344.92 4.00 172940 0.00 324143.500 394.711
25.2013 0.0450 1.1341 8311.40 4.00 172960 0.00 321544.375 394.733
25.2013 0.0450 1.1341 8314.86 4.00 172980 0.00 321811.781 394.756
25.2013 0.0475 1.1971 8360.04 4.00 173000 0.00 325318.813 394.780
25.2013 0.0475 1.1971 8351.89 4.00 173020 0.00 324685.094 394.804
25.2013 0.0475 1.1971 8224.81 4.00 173040 0.00 314879.563 394.828
25.2013 0.0475 1.1971 8093.89 4.00 173060 0.00 304934.844 394.852
25.2013 0.0475 1.1971 8096.07 4.00 173080 0.00 305099.469 394.876
25.2013 0.0475 1.1971 8102.63 4.00 173100 0.00 305594.031 394.900
25.2013 0.0475 1.1971 8141.11 4.00 173120 0.00 308503.500 394.924
25.2013 0.0475 1.1971 8091.71 4.00 173140 0.00 304770.375 394.948
25.2013 0.0475 1.1971 8009.61 4.00 173160 0.00 298617.656 394.972
25.2013 0.0475 1.1971 7875.05 4.00 173180 0.00 288668.313 394.996
25.2013 0.0500 1.2601 7865.76 4.00 173200 0.00 287987.563 395.021
25.2013 0.0500 1.2601 7878.15 4.00 173220 0.00 288895.781 395.046
25.2013 0.0500 1.2601 7916.61 4.00 173240 0.00 291723.406 395.071
25.2013 0.0500 1.2601 7905.14 4.00 173260 0.00 290878.438 395.096
25.2013 0.0525 1.3231 7788.16 4.00 173280 0.00 282333.594 395.123
25.2013 0.0525 1.3231 7652.08 4.00 173300 0.00 272553.719 395.149
25.2013 0.0525 1.3231 7657.94 4.00 173320 0.00 272971.344 395.176
25.2013 0.0525 1.3231 7655.99 4.00 173340 0.00 272832.031 395.202
25.2013 0.0500 1.2601 7674.60 4.00 173360 0.00 274159.781 395.227
25.2013 0.0500 1.2601 7671.65 4.00 173380 0.00 273949.469 395.253
25.2013 0.0500 1.2601 7592.05 4.00 173400 0.00 268294.094 395.278
25.2013 0.0500 1.2601 7469.19 4.00 173420 0.00 259680.609 395.303
25.2013 0.0500 1.2601 7418.40 4.00 173440 0.00 256160.828 395.328
25.2013 0.0500 1.2601 7434.94 4.00 173460 0.00 257304.891 395.353
25.2013 0.0500 1.2601 7435.87 4.00 173480 0.00 257368.625 395.379
25.2013 0.0500 1.2601 7446.94 4.00 173500 0.00 258135.859 395.404
25.2013 0.0500 1.2601 7407.41 4.00 173520 0.00 255402.422 395.429
25.2013 0.0500 1.2601 7276.26 4.00 173540 0.00 246438.438 395.454
25.2025 0.0500 1.2601 7202.02 4.00 173560 0.00 241435.344 395.479
25.2025 0.0500 1.2601 7188.21 4.00 173580 0.00 240510.625 395.505
25.2025 0.0500 1.2601 7182.19 4.00 173600 0.00 240107.703 395.530
25.2025 0.0500 1.2601 7202.02 4.00 173620 0.00 241435.344 395.555
25.2025 0.0500 1.2601 7194.24 4.00 173640 0.00 240914.516 395.580
25.2025 0.0500 1.2601 7125.04 4.00 173660 0.00 236302.172 395.605
25.2025 0.0500 1.2601 7034.82 4.00 173680 0.00 230355.625 395.631
25.2025 0.0500 1.2601 6953.30 4.00 173700 0.00 225047.453 395.656
25.2025 0.0500 1.2601 6949.27 4.00 173720 0.00 224786.922 395.681
25.2025 0.0500 1.2601 6939.63 4.00 173740 0.00 224163.344 395.706
25.2025 0.0500 1.2601 6975.12 4.00 173760 0.00 226462.438 395.731
25.2025 0.0500 1.2601 6948.47 4.00 173780 0.00 224734.844 395.757
25.2025 0.0500 1.2601 6879.16 4.00 173800 0.00 220273.844 395.782
25.2025 0.0500 1.2601 6785.80 4.00 173820 0.00 214335.484 395.807
25.2025 0.0500 1.2601 6705.41 4.00 173840 0.00 209287.438 395.832
25.2025 0.0500 1.2601 6709.91 4.00 173860 0.00 209568.375 395.857
25.2025 0.0500 1.2601 6698.67 4.00 173880 0.00 208867.016 395.883
25.2025 0.0500 1.2601 6705.41 4.00 173900 0.00 209287.438 395.908
25.2025 0.0500 1.2601 6697.92 4.00 173920 0.00 208820.406 395.933
25.2025 0.0500 1.2601 6628.37 4.00 173940 0.00 204505.953 395.958
25.2025 0.0500 1.2601 6535.24 4.00 173960 0.00 198799.406 395.983
25.2025 0.0500 1.2601 6474.59 4.00 173980 0.00 195126.719 396.009
25.2025 0.0500 1.2601 6450.23 4.00 174000 0.00 193661.094 396.034
25.2025 0.0500 1.2601 6443.99 4.00 174020 0.00 193286.875 396.059
25.2025 0.0500 1.2601 6448.84 4.00 174040 0.00 193577.813 396.084
25.2025 0.0500 1.2601 6450.92 4.00 174060 0.00 193702.719 396.109
25.2025 0.0500 1.2601 6413.68 4.00 174080 0.00 191472.984 396.135
25.2025 0.0500 1.2601 6330.45 4.00 174100 0.00 186535.594 396.160
25.2025 0.0500 1.2601 6249.35 4.00 174120 0.00 181786.719 396.185
25.2025 0.0500 1.2601 6193.23 4.00 174140 0.00 178536.438 396.210
25.2025 0.0500 1.2601 6190.67 4.00 174160 0.00 178389.078 396.236
25.2025 0.0500 1.2601 6181.74 4.00 174180 0.00 177874.828 396.261
25.2025 0.0500 1.2601 6185.57 4.00 174200 0.00 178094.922 396.286
25.2025 0.0500 1.2601 6180.47 4.00 174220 0.00 177801.531 396.311
25.2025 0.0500 1.2601 6099.42 4.00 174240 0.00 173168.859 396.336
25.2025 0.0500 1.2601 6012.02 4.00 174260 0.00 168241.828 396.362
25.2013 0.0500 1.2601 5946.48 4.00 174280 0.00 164593.516 396.387
25.2013 0.0500 1.2601 5925.34 4.00 174300 0.00 163425.281 396.412
25.2013 0.0500 1.2601 5916.58 4.00 174320 0.00 162942.172 396.437
25.2013 0.0500 1.2601 5909.00 4.00 174340 0.00 162525.203 396.462
25.2025 0.0500 1.2601 5907.26 4.00 174360 0.00 162429.219 396.488
25.2025 0.0500 1.2601 5903.19 4.00 174380 0.00 162205.547 396.513
25.2025 0.0500 1.2601 5866.82 4.00 174400 0.00 160213.281 396.538
25.2025 0.0500 1.2601 5774.78 4.00 174420 0.00 155225.844 396.563
25.2025 0.0500 1.2601 5707.22 4.00 174440 0.00 151614.844 396.588
25.2025 0.0500 1.2601 5644.40 4.00 174460 0.00 148295.719 396.614
25.2025 0.0500 1.2601 5633.27 4.00 174480 0.00 147711.500 396.639
25.2025 0.0500 1.2601 5621.66 4.00 174500 0.00 147103.172 396.664
25.2025 0.0500 1.2601 5619.56 4.00 174520 0.00 146992.984 396.689
25.2025 0.0500 1.2601 5611.15 4.00 174540 0.00 146553.422 396.714
25.2025 0.0500 1.2601 5597.54 4.00 174560 0.00 145843.313 396.740
25.2025 0.0500 1.2601 5530.46 4.00 174580 0.00 142369.047 396.765
25.2025 0.0500 1.2601 5452.56 4.00 174600 0.00 138386.547 396.790
25.2025 0.0500 1.2601 5379.24 4.00 174620 0.00 134689.516 396.815
25.2025 0.0500 1.2601 5358.10 4.00 174640 0.00 133633.125 396.840
25.2025 0.0500 1.2601 5336.65 4.00 174660 0.00 132565.531 396.866
25.2025 0.0500 1.2601 5322.92 4.00 174680 0.00 131884.281 396.891
25.2025 0.0500 1.2601 5319.15 4.00 174700 0.00 131697.281 396.916
25.2025 0.0500 1.2601 5307.39 4.00 174720 0.00 131115.484 396.941
25.2025 0.0500 1.2601 5294.74 4.00 174740 0.00 130491.383 396.966
25.2025 0.0500 1.2601 5228.30 4.00 174760 0.00 127237.156 396.992
25.2025 0.0500 1.2601 5150.66 4.00 174780 0.00 123486.023 397.017
25.2025 0.0500 1.2601 5073.14 4.00 174800 0.00 119796.984 397.042
25.2025 0.0500 1.2601 5056.46 4.00 174820 0.00 119010.813 397.067
25.2025 0.0500 1.2601 5029.34 4.00 174840 0.00 117737.328 397.092
25.2025 0.0500 1.2601 5015.04 4.00 174860 0.00 117069.070 397.118
25.2025 0.0500 1.2601 5012.11 4.00 174880 0.00 116932.234 397.143
25.2025 0.0500 1.2601 5005.42 4.00 174900 0.00 116620.250 397.168
25.2025 0.0500 1.2601 4973.47 4.00 174920 0.00 115136.320 397.193
25.2025 0.0500 1.2601 4948.86 4.00 174940 0.00 113999.555 397.218
25.2025 0.0500 1.2601 4865.39 4.00 174960 0.00 110186.398 397.244
25.2025 0.0500 1.2601 4794.63 4.00 174980 0.00 107004.672 397.269
25.2025 0.0525 1.3231 4751.35 4.00 175000 0.00 105081.422 397.295
25.2025 0.0525 1.3231 4721.81 4.00 175020 0.00 103778.906 397.322
25.2025 0.0525 1.3231 4710.32 4.00 175040 0.00 103274.375 397.348
25.2025 0.0525 1.3231 4684.94 4.00 175060 0.00 102164.555 397.375
25.2025 0.0500 1.2601 4680.55 4.00 175080 0.00 101973.375 397.400
25.2025 0.0500 1.2601 4668.90 4.00 175100 0.00 101466.164 397.425
25.2025 0.0500 1.2601 4648.64 4.00 175120 0.00 100587.609 397.450
25.2025 0.0500 1.2601 4609.36 4.00 175140 0.00 98894.758 397.475
25.2025 0.0500 1.2601 4530.35 4.00 175160 0.00 95533.727 397.501
25.2025 0.0500 1.2601 4489.00 4.00 175180 0.00 93797.695 397.526
25.2025 0.0500 1.2601 4453.35 4.00 175200 0.00 92313.758 397.551
25.2025 0.0500 1.2601 4393.99 4.00 175220 0.00 89869.352 397.576
25.2025 0.0500 1.2601 4378.28 4.00 175240 0.00 89227.844 397.601
25.2025 0.0500 1.2601 4351.29 4.00 175260 0.00 88131.164 397.627
25.2025 0.0500 1.2601 4334.32 4.00 175280 0.00 87444.945 397.652
25.2025 0.0500 1.2601 4313.13 4.00 175300 0.00 86592.125 397.677
25.2025 0.0500 1.2601 4309.42 4.00 175320 0.00 86442.922 397.702
25.2025 0.0500 1.2601 4274.11 4.00 175340 0.00 85032.438 397.727
25.2037 0.0500 1.2602 4245.68 4.00 175360 0.00 83905.000 397.753
25.2037 0.0500 1.2602 4195.51 4.00 175380 0.00 81933.641 397.778
25.2037 0.0500 1.2602 4128.82 4.00 175400 0.00 79349.523 397.803
25.2037 0.0500 1.2602 4086.92 4.00 175420 0.00 77747.023 397.828
25.2025 0.0500 1.2601 4051.59 4.00 175440 0.00 76408.844 397.854
25.2025 0.0500 1.2601 4010.16 4.00 175460 0.00 74854.125 397.879
25.2025 0.0500 1.2601 3989.10 4.00 175480 0.00 74069.875 397.904
25.2025 0.0500 1.2601 3975.88 4.00 175500 0.00 73579.891 397.929
25.2025 0.0500 1.2601 3944.25 4.00 175520 0.00 72414.000 397.954
25.2025 0.0500 1.2601 3927.99 4.00 175540 0.00 71817.883 397.980
25.2025 0.0500 1.2601 3921.82 4.00 175560 0.00 71592.734 398.005
25.2025 0.0500 1.2601 3882.74 4.00 175580 0.00 70172.914 398.030
25.2025 0.0500 1.2601 3847.39 4.00 175600 0.00 68900.805 398.055
25.2025 0.0500 1.2601 3808.07 4.00 175620 0.00 67499.898 398.080
25.2025 0.0500 1.2601 3778.34 4.00 175640 0.00 66449.867 398.106
25.2025 0.0500 1.2601 3693.90 4.00 175660 0.00 63512.988 398.131
25.2025 0.0500 1.2601 3652.75 4.00 175680 0.00 62105.691 398.156
25.2025 0.0500 1.2601 3625.82 4.00 175700 0.00 61193.328 398.181
25.2037 0.0500 1.2602 3606.85 4.00 175720 0.00 60554.922 398.206
25.2037 0.0500 1.2602 3583.37 4.00 175740 0.00 59769.086 398.232
25.2037 0.0500 1.2602 3540.87 4.00 175760 0.00 58359.547 398.257
25.2037 0.0500 1.2602 3526.30 4.00 175780 0.00 57880.352 398.282
25.2025 0.0500 1.2601 3506.93 4.00 175800 0.00 57246.078 398.307
25.2025 0.0500 1.2601 3495.49 4.00 175820 0.00 56873.176 398.332
25.2025 0.0500 1.2601 3469.21 4.00 175840 0.00 56021.395 398.358
25.2025 0.0500 1.2601 3451.65 4.00 175860 0.00 55455.629 398.383
25.2025 0.0500 1.2601 3377.62 4.00 175880 0.00 53102.328 398.408
25.2025 0.0500 1.2601 3343.55 4.00 175900 0.00 52036.508 398.433
25.2025 0.0500 1.2601 3295.98 4.00 175920 0.00 50566.328 398.458
25.2025 0.0500 1.2601 3257.15 4.00 175940 0.00 49381.996 398.484
25.2025 0.0500 1.2601 3215.09 4.00 175960 0.00 48114.793 398.509
25.2025 0.0500 1.2601 3181.67 4.00 175980 0.00 47119.836 398.534
25.2025 0.0500 1.2601 3158.23 4.00 176000 0.00 46427.926 398.559
25.2025 0.0500 1.2601 3130.38 4.00 176020 0.00 45612.805 398.584
25.2025 0.0500 1.2601 3107.20 4.00 176040 0.00 44939.742 398.610
25.2025 0.0500 1.2601 3078.82 4.00 176060 0.00 44122.547 398.635
25.2037 0.0500 1.2602 3057.17 4.00 176080 0.00 43504.230 398.660
25.2037 0.0500 1.2602 3033.06 4.00 176100 0.00 42820.789 398.685
25.2037 0.0500 1.2602 3015.53 4.00 176120 0.00 42327.234 398.710
25.2037 0.0500 1.2602 2987.90 4.00 176140 0.00 41555.102 398.736
25.2037 0.0500 1.2602 2963.84 4.00 176160 0.00 40888.621 398.761
25.2037 0.0500 1.2602 2929.83 4.00 176180 0.00 39955.590 398.786
25.2037 0.0500 1.2602 2883.65 4.00 176200 0.00 38705.813 398.811
25.2037 0.0500 1.2602 2852.52 4.00 176220 0.00 37874.883 398.836
25.2037 0.0500 1.2602 2802.17 4.00 176240 0.00 36549.434 398.862
25.2037 0.0500 1.2602 2757.86 4.00 176260 0.00 35402.746 398.887
25.2037 0.0500 1.2602 2711.99 4.00 176280 0.00 34234.801 398.912
25.2025 0.0500 1.2601 2674.39 4.00 176300 0.00 33292.230 398.937
25.2025 0.0500 1.2601 2642.59 4.00 176320 0.00 32505.145 398.962
25.2025 0.0500 1.2601 2642.59 4.00 176340 0.00 32505.145 398.988
25.2037 0.0500 1.2602 2607.56 4.00 176360 0.00 31649.135 399.013
25.2037 0.0500 1.2602 2576.43 4.00 176380 0.00 30898.027 399.038
25.2037 0.0500 1.2602 2540.44 4.00 176400 0.00 30040.611 399.063
25.2037 0.0500 1.2602 2510.67 4.00 176420 0.00 29340.797 399.088
25.2025 0.0500 1.2601 2479.85 4.00 176440 0.00 28624.885 399.114
25.2025 0.0500 1.2601 2479.85 4.00 176460 0.00 28624.885 399.139
25.2025 0.0500 1.2601 2453.99 4.00 176480 0.00 28030.924 399.164
25.2037 0.0500 1.2602 2420.72 4.00 176500 0.00 27276.096 399.189
25.2037 0.0500 1.2602 2390.53 4.00 176520 0.00 26600.035 399.214
25.2037 0.0500 1.2602 2348.70 4.00 176540 0.00 25677.295 399.240
25.2037 0.0500 1.2602 2348.70 4.00 176560 0.00 25677.295 399.265
25.2037 0.0500 1.2602 2308.58 4.00 176580 0.00 24807.473 399.290
25.2037 0.0500 1.2602 2262.53 4.00 176600 0.00 23827.627 399.315
25.2037 0.0500 1.2602 2210.60 4.00 176620 0.00 22746.334 399.340
25.2037 0.0500 1.2602 2210.60 4.00 176640 0.00 22746.334 399.366
25.2037 0.0500 1.2602 2159.36 4.00 176660 0.00 21704.160 399.391
25.2037 0.0500 1.2602 2105.93 4.00 176680 0.00 20643.326 399.416
25.2037 0.0500 1.2602 2105.93 4.00 176700 0.00 20643.326 399.441
25.2037 0.0500 1.2602 2057.40 4.00 176720 0.00 19702.920 399.467
25.2037 0.0500 1.2602 2013.63 4.00 176740 0.00 18873.393 399.492
25.2037 0.0500 1.2602 2013.63 4.00 176760 0.00 18873.393 399.517
25.2037 0.0500 1.2602 1965.22 4.00 176780 0.00 17976.824 399.542
25.2037 0.0500 1.2602 1920.12 4.00 176800 0.00 17161.316 399.567
25.2037 0.0500 1.2602 1920.12 4.00 176820 0.00 17161.316 399.593
25.2037 0.0500 1.2602 1870.67 4.00 176840 0.00 16288.790 399.618
25.2037 0.0500 1.2602 1825.65 4.00 176860 0.00 15514.144 399.643
25.2037 0.0500 1.2602 1825.65 4.00 176880 0.00 15514.144 399.668
25.2037 0.0500 1.2602 1779.46 4.00 176900 0.00 14739.116 399.693
25.2037 0.0500 1.2602 1779.46 4.00 176920 0.00 14739.116 399.719
25.2037 0.0500 1.2602 1738.58 4.00 176940 0.00 14069.543 399.744
25.2037 0.0500 1.2602 1738.58 4.00 176960 0.00 14069.543 399.769
25.2037 0.0500 1.2602 1693.38 4.00 176980 0.00 13347.618 399.794
25.2037 0.0500 1.2602 1650.21 4.00 177000 0.00 12675.680 399.819
25.2037 0.0500 1.2602 1650.21 4.00 177020 0.00 12675.680 399.845
25.2037 0.0500 1.2602 1597.36 4.00 177040 0.00 11876.750 399.870
25.2037 0.0500 1.2602 1597.36 4.00 177060 0.00 11876.750 399.895
25.2037 0.0500 1.2602 1545.99 4.00 177080 0.00 11125.200 399.920
25.2037 0.0500 1.2602 1545.99 4.00 177100 0.00 11125.200 399.945
25.2037 0.0500 1.2602 1487.58 4.00 177120 0.00 10300.362 399.971
25.2037 0.0500 1.2602 1487.58 4.00 177140 0.00 10300.362 399.996
25.2025 0.0500 1.2601 1420.72 4.00 177160 0.00 9395.323 400.021
25.2025 0.0500 1.2601 1420.72 4.00 177180 0.00 9395.323 400.046
25.2025 0.0500 1.2601 1420.72 4.00 177200 0.00 9395.323 400.071
25.2037 0.0500 1.2602 1351.05 4.00 177220 0.00 8496.372 400.097
25.2037 0.0500 1.2602 1351.05 4.00 177240 0.00 8496.372 400.122
25.2037 0.0500 1.2602 1276.16 4.00 177260 0.00 7580.603 400.147
25.2037 0.0500 1.2602 1276.16 4.00 177280 0.00 7580.603 400.172
25.2037 0.0500 1.2602 1200.50 4.00 177300 0.00 6708.416 400.197
25.2037 0.0500 1.2602 1200.50 4.00 177320 0.00 6708.416 400.223
25.2037 0.0500 1.2602 1200.50 4.00 177340 0.00 6708.416 400.248
25.2037 0.0500 1.2602 1124.02 4.00 177360 0.00 5880.821 400.273
25.2037 0.0500 1.2602 1124.02 4.00 177380 0.00 5880.821 400.298
25.2037 0.0500 1.2602 1124.02 4.00 177400 0.00 5880.821 400.323
25.2037 0.0500 1.2602 1039.52 4.00 177420 0.00 5029.878 400.349
25.2037 0.0500 1.2602 1039.52 4.00 177440 0.00 5029.878 400.374
25.2037 0.0500 1.2602 1039.52 4.00 177460 0.00 5029.878 400.399
25.2037 0.0500 1.2602 951.07 4.00 177480 0.00 4210.322 400.424
25.2037 0.0500 1.2602 951.07 4.00 177500 0.00 4210.322 400.449
25.2037 0.0500 1.2602 951.07 4.00 177520 0.00 4210.322 400.475
25.2037 0.0500 1.2602 951.07 4.00 177540 0.00 4210.322 400.500
25.2037 0.0500 1.2602 854.65 4.00 177560 0.00 3399.941 400.525
25.2037 0.0500 1.2602 854.65 4.00 177580 0.00 3399.941 400.550
25.2037 0.0500 1.2602 854.65 4.00 177600 0.00 3399.941 400.575
25.2037 0.0500 1.2602 854.65 4.00 177620 0.00 3399.941 400.601
25.2037 0.0500 1.2602 749.88 4.00 177640 0.00 2617.423 400.626
25.2037 0.0500 1.2602 749.88 4.00 177660 0.00 2617.423 400.651
25.2037 0.0500 1.2602 749.88 4.00 177680 0.00 2617.423 400.676
25.2037 0.0500 1.2602 749.88 4.00 177700 0.00 2617.423 400.701
25.2037 0.0500 1.2602 636.67 4.00 177720 0.00 1886.794 400.727
25.2037 0.0500 1.2602 636.67 4.00 177740 0.00 1886.794 400.752
25.2037 0.0500 1.2602 636.67 4.00 177760 0.00 1886.794 400.777
25.2037 0.0500 1.2602 636.67 4.00 177780 0.00 1886.794 400.802
25.2037 0.0500 1.2602 636.67 4.00 177800 0.00 1886.794 400.828
25.2037 0.0500 1.2602 636.67 4.00 177820 0.00 1886.794 400.853
25.2037 0.0500 1.2602 511.54 4.00 177840 0.00 1218.010 400.878
25.2037 0.0500 1.2602 511.54 4.00 177860 0.00 1218.010 400.903
25.2037 0.0500 1.2602 511.54 4.00 177880 0.00 1218.010 400.928
25.2037 0.0500 1.2602 511.54 4.00 177900 0.00 1218.010 400.954
25.2037 0.0500 1.2602 511.54 4.00 177920 0.00 1218.010 400.979
25.2037 0.0500 1.2602 511.54 4.00 177940 0.00 1218.010 401.004
25.2037 0.0500 1.2602 511.54 4.00 177960 0.00 1218.010 401.029
25.2037 0.0500 1.2602 511.54 4.00 177980 0.00 1218.010 401.054
25.2037 0.0500 1.2602 511.54 4.00 178000 0.00 1218.010 401.080
25.2037 0.0500 1.2602 353.42 4.00 178020 0.00 581.398 401.105
25.2037 0.0500 1.2602 353.42 4.00 178040 0.00 581.398 401.130
25.2037 0.0500 1.2602 353.42 4.00 178060 0.00 581.398 401.155
25.2037 0.0500 1.2602 353.42 4.00 178080 0.00 581.398 401.180
25.2037 0.0500 1.2602 353.42 4.00 178100 0.00 581.398 401.206
25.2037 0.0500 1.2602 353.42 4.00 178120 0.00 581.398 401.231
25.2037 0.0500 1.2602 353.42 4.00 178140 0.00 581.398 401.256
25.2037 0.0500 1.2602 353.42 4.00 178160 0.00 581.398 401.281
25.2037 0.0500 1.2602 353.42 4.00 178180 0.00 581.398 401.306
25.2037 0.0500 1.2602 353.42 4.00 178200 0.00 581.398 401.332
25.2037 0.0500 1.2602 353.42 4.00 178220 0.00 581.398 401.357
25.2037 0.0500 1.2602 353.42 4.00 178240 0.00 581.398 401.382
25.2037 0.0500 1.2602 353.42 4.00 178260 0.00 581.398 401.407
25.2037 0.0500 1.2602 353.42 4.00 178280 0.00 581.398 401.432
25.2037 0.0500 1.2602 353.42 4.00 178300 0.00 581.398 401.458
25.2037 0.0500 1.2602 353.42 4.00 178320 0.00 581.398 401.483
25.2037 0.0500 1.2602 353.42 4.00 178340 0.00 581.398 401.508
25.2037 0.0500 1.2602 353.42 4.00 178360 0.00 581.398 401.533
25.2037 0.0525 1.3232 353.42 4.00 178380 0.00 581.398 401.560
25.2037 0.0525 1.3232 353.42 4.00 178400 0.00 581.398 401.586
25.2037 0.0525 1.3232 353.42 4.00 178420 0.00 581.398 401.613
25.2037 0.0500 1.2602 353.42 4.00 178440 0.00 581.398 401.638
25.2037 0.0500 1.2602 353.42 4.00 178460 0.00 581.398 401.663
25.2037 0.0500 1.2602 353.42 4.00 178480 0.00 581.398 401.688
25.2037 0.0500 1.2602 353.42 4.00 178500 0.00 581.398 401.713
25.2037 0.0500 1.2602 353.42 4.00 178520 0.00 581.398 401.739
25.2037 0.0500 1.2602 353.42 4.00 178540 0.00 581.398 401.764
25.2037 0.0500 1.2602 353.42 4.00 178560 0.00 581.398 401.789
25.2037 0.0500 1.2602 353.42 4.00 178580 0.00 581.398 401.814
25.2037 0.0500 1.2602 353.42 4.00 178600 0.00 581.398 401.839
25.2037 0.0500 1.2602 353.42 4.00 178620 0.00 581.398 401.865
25.2037 0.0500 1.2602 353.42 4.00 178640 0.00 581.398 401.890
25.2037 0.0500 1.2602 353.42 4.00 178660 0.00 581.398 401.915
25.2037 0.0500 1.2602 353.42 4.00 178680 0.00 581.398 401.940
25.2037 0.0500 1.2602 353.42 4.00 178700 0.00 581.398 401.965
25.2037 0.0500 1.2602 353.42 4.00 178720 0.00 581.398 401.991
25.2037 0.0500 1.2602 353.42 4.00 178740 0.00 581.398 402.016
25.2037 0.0500 1.2602 353.42 4.00 178760 0.00 581.398 402.041
25.2037 0.0500 1.2602 353.42 4.00 178780 0.00 581.398 402.066
25.2037 0.0500 1.2602 353.42 4.00 178800 0.00 581.398 402.091
25.2037 0.0500 1.2602 353.42 4.00 178820 0.00 581.398 402.117
25.2037 0.0500 1.2602 353.42 4.00 178840 0.00 581.398 402.142
25.2037 0.0500 1.2602 353.42 4.00 178860 0.00 581.398 402.167
25.2037 0.0500 1.2602 353.42 4.00 178880 0.00 581.398 402.192
25.2037 0.0500 1.2602 353.42 4.00 178900 0.00 581.398 402.217
25.2037 0.0500 1.2602 353.42 4.00 178920 0.00 581.398 402.243
25.2037 0.0500 1.2602 353.42 4.00 178940 0.00 581.398 402.268
25.2037 0.0500 1.2602 353.42 4.00 178960 0.00 581.398 402.293
25.2037 0.0500 1.2602 353.42 4.00 178980 0.00 581.398 402.318
25.2037 0.0500 1.2602 353.42 4.00 179000 0.00 581.398 402.344
25.2037 0.0500 1.2602 353.42 4.00 179020 0.00 581.398 402.369
25.2037 0.0500 1.2602 353.42 4.00 179040 0.00 581.398 402.394
25.2037 0.0500 1.2602 353.42 4.00 179060 0.00 581.398 402.419
25.2037 0.0500 1.2602 353.42 4.00 179080 0.00 581.398 402.444
25.2037 0.0500 1.2602 353.42 4.00 179100 0.00 581.398 402.470
25.2037 0.0500 1.2602 353.42 4.00 179120 0.00 581.398 402.495
25.2037 0.0500 1.2602 353.42 4.00 179140 0.00 581.398 402.520
25.2037 0.0500 1.2602 353.42 4.00 179160 0.00 581.398 402.545
25.2037 0.0500 1.2602 353.42 4.00 179180 0.00 581.398 402.570
25.2037 0.0500 1.2602 353.42 4.00 179200 0.00 581.398 402.596
25.2037 0.0500 1.2602 353.42 4.00 179220 0.00 581.398 402.621
25.2037 0.0500 1.2602 353.42 4.00 179240 0.00 581.398 402.646
25.2037 0.0500 1.2602 353.42 4.00 179260 0.00 581.398 402.671
25.2037 0.0500 1.2602 353.42 4.00 179280 0.00 581.398 402.696
25.2037 0.0500 1.2602 353.42 4.00 179300 0.00 581.398 402.722
25.2037 0.0500 1.2602 353.42 4.00 179320 0.00 581.398 402.747
25.2037 0.0500 1.2602 353.42 4.00 179340 0.00 581.398 402.772
25.2037 0.0500 1.2602 353.42 4.00 179360 0.00 581.398 402.797
25.2037 0.0500 1.2602 353.42 4.00 179380 0.00 581.398 402.822
25.2037 0.0500 1.2602 353.42 4.00 179400 0.00 581.398 402.848
25.2037 0.0500 1.2602 353.42 4.00 179420 0.00 581.398 402.873
25.2037 0.0500 1.2602 353.42 4.00 179440 0.00 581.398 402.898
25.2037 0.0500 1.2602 353.42 4.00 179460 0.00 581.398 402.923
25.2037 0.0500 1.2602 353.42 4.00 179480 0.00 581.398 402.948
25.2037 0.0500 1.2602 353.42 4.00 179500 0.00 581.398 402.974
25.2037 0.0500 1.2602 353.42 4.00 179520 0.00 581.398 402.999
25.2037 0.0500 1.2602 353.42 4.00 179540 0.00 581.398 403.024
25.2037 0.0500 1.2602 353.42 4.00 179560 0.00 581.398 403.049
25.2037 0.0500 1.2602 353.42 4.00 179580 0.00 581.398 403.074
25.2037 0.0500 1.2602 353.42 4.00 179600 0.00 581.398 403.100
25.2037 0.0500 1.2602 353.42 4.00 179620 0.00 581.398 403.125
25.2037 0.0500 1.2602 353.42 4.00 179640 0.00 581.398 403.150
25.2037 0.0500 1.2602 353.42 4.00 179660 0.00 581.398 403.175
25.2037 0.0500 1.2602 353.42 4.00 179680 0.00 581.398 403.200
25.2037 0.0500 1.2602 353.42 4.00 179700 0.00 581.398 403.226
25.2037 0.0500 1.2602 353.42 4.00 179720 0.00 581.398 403.251
25.2037 0.0500 1.2602 353.42 4.00 179740 0.00 581.398 403.276
25.2037 0.0500 1.2602 353.42 4.00 179760 0.00 581.398 403.301
25.2037 0.0500 1.2602 353.42 4.00 179780 0.00 581.398 403.326
25.2037 0.0500 1.2602 353.42 4.00 179800 0.00 581.398 403.352
25.2037 0.0500 1.2602 353.42 4.00 179820 0.00 581.398 403.377
25.2037 0.0500 1.2602 353.42 4.00 179840 0.00 581.398 403.402
25.2037 0.0500 1.2602 353.42 4.00 179860 0.00 581.398 403.427
25.2037 0.0525 1.3232 353.42 4.00 179880 0.00 581.398 403.454
25.2037 0.0525 1.3232 353.42 4.00 179900 0.00 581.398 403.480
25.2037 0.0525 1.3232 353.42 4.00 179920 0.00 581.398 403.507
25.2037 0.0525 1.3232 353.42 4.00 179940 0.00 581.398 403.533
25.2037 0.0500 1.2602 353.42 4.00 179960 0.00 581.398 403.558
25.2037 0.0500 1.2602 353.42 4.00 179980 0.00 581.398 403.584
25.2037 0.0500 1.2602 353.42 4.00 180000 0.00 581.398 403.609
25.2050 0.0500 1.2602 0.00 4.00 180020 0.00 0.000 403.634
25.2050 0.0500 1.2602 0.00 4.00 180040 0.00 0.000 403.659
25.2050 0.0500 1.2602 0.00 4.00 180060 0.00 0.000 403.684
25.2050 0.0500 1.2602 0.00 4.00 180080 0.00 0.000 403.710
25.2037 0.0500 1.2602 0.00 4.00 180100 0.00 0.000 403.735
25.2037 0.0500 1.2602 0.00 4.00 180120 0.00 0.000 403.760
25.2037 0.0500 1.2602 0.00 4.00 180140 0.00 0.000 403.785
25.2037 0.0500 1.2602 0.00 4.00 180160 0.00 0.000 403.810
25.2037 0.0500 1.2602 0.00 4.00 180180 0.00 0.000 403.836
25.2037 0.0500 1.2602 0.00 4.00 180200 0.00 0.000 403.861
25.2037 0.0500 1.2602 0.00 4.00 180220 0.00 0.000 403.886
25.2037 0.0500 1.2602 0.00 4.00 180240 0.00 0.000 403.911
25.2037 0.0500 1.2602 0.00 4.00 180260 0.00 0.000 403.936
25.2037 0.0500 1.2602 0.00 4.00 180280 0.00 0.000 403.962
25.2037 0.0500 1.2602 0.00 4.00 180300 0.00 0.000 403.987
25.2037 0.0500 1.2602 0.00 4.00 180320 0.00 0.000 404.012
25.2037 0.0500 1.2602 0.00 4.00 180340 0.00 0.000 404.037
25.2037 0.0500 1.2602 0.00 4.00 180360 0.00 0.000 404.062
25.2037 0.0500 1.2602 0.00 4.00 180380 0.00 0.000 404.088
25.2037 0.0500 1.2602 0.00 4.00 180400 0.00 0.000 404.113
25.2037 0.0500 1.2602 0.00 4.00 180420 0.00 0.000 404.138
25.2037 0.0500 1.2602 0.00 4.00 180440 0.00 0.000 404.163
25.2037 0.0500 1.2602 0.00 4.00 180460 0.00 0.000 404.188
25.2037 0.0500 1.2602 0.00 4.00 180480 0.00 0.000 404.214
25.2037 0.0500 1.2602 0.00 4.00 180500 0.00 0.000 404.239
25.2037 0.0500 1.2602 0.00 4.00 180520 0.00 0.000 404.264
25.2037 0.0500 1.2602 0.00 4.00 180540 0.00 0.000 404.289
25.2037 0.0500 1.2602 0.00 4.00 180560 0.00 0.000 404.314
25.2037 0.0500 1.2602 0.00 4.00 180580 0.00 0.000 404.340
25.2050 0.0500 1.2602 0.00 4.00 180600 0.00 0.000 404.365
25.2050 0.0500 1.2602 0.00 4.00 180620 0.00 0.000 404.390
25.2050 0.0500 1.2602 0.00 4.00 180640 0.00 0.000 404.415
25.2050 0.0500 1.2602 0.00 4.00 180660 0.00 0.000 404.440
25.2050 0.0500 1.2602 0.00 4.00 180680 0.00 0.000 404.466
25.2050 0.0500 1.2602 0.00 4.00 180700 0.00 0.000 404.491
25.2050 0.0500 1.2602 0.00 4.00 180720 0.00 0.000 404.516
25.2037 0.0500 1.2602 0.00 4.00 180740 0.00 0.000 404.541
25.2037 0.0500 1.2602 0.00 4.00 180760 0.00 0.000 404.566
25.2037 0.0500 1.2602 0.00 4.00 180780 0.00 0.000 404.592
25.2037 0.0500 1.2602 0.00 4.00 180800 0.00 0.000 404.617
25.2037 0.0500 1.2602 0.00 4.00 180820 0.00 0.000 404.642
25.2037 0.0500 1.2602 0.00 4.00 180840 0.00 0.000 404.667
25.2037 0.0500 1.2602 0.00 4.00 180860 0.00 0.000 404.693
25.2037 0.0500 1.2602 0.00 4.00 180880 0.00 0.000 404.718
25.2037 0.0500 1.2602 0.00 4.00 180900 0.00 0.000 404.743
25.2037 0.0500 1.2602 0.00 4.00 180920 0.00 0.000 404.768
25.2037 0.0500 1.2602 0.00 4.00 180940 0.00 0.000 404.793
25.2037 0.0500 1.2602 0.00 4.00 180960 0.00 0.000 404.819
25.2037 0.0500 1.2602 0.00 4.00 180980 0.00 0.000 404.844
25.2037 0.0500 1.2602 0.00 4.00 181000 0.00 0.000 404.869
25.2050 0.0500 1.2602 0.00 4.00 181020 0.00 0.000 404.894
25.2050 0.0500 1.2602 0.00 4.00 181040 0.00 0.000 404.919
25.2050 0.0500 1.2602 0.00 4.00 181060 0.00 0.000 404.945
25.2050 0.0500 1.2602 0.00 4.00 181080 0.00 0.000 404.970
25.2050 0.0500 1.2602 0.00 4.00 181100 0.00 0.000 404.995
25.2050 0.0500 1.2602 0.00 4.00 181120 0.00 0.000 405.020
25.2050 0.0500 1.2602 0.00 4.00 181140 0.00 0.000 405.045
25.2050 0.0500 1.2602 0.00 4.00 181160 0.00 0.000 405.071
25.2050 0.0500 1.2602 0.00 4.00 181180 0.00 0.000 405.096
25.2050 0.0500 1.2602 0.00 4.00 181200 0.00 0.000 405.121
25.2050 0.0500 1.2602 0.00 4.00 181220 0.00 0.000 405.146
25.2037 0.0500 1.2602 0.00 4.00 181240 0.00 0.000 405.171
25.2037 0.0500 1.2602 0.00 4.00 181260 0.00 0.000 405.197
25.2037 0.0500 1.2602 0.00 4.00 181280 0.00 0.000 405.222
25.2037 0.0500 1.2602 0.00 4.00 181300 0.00 0.000 405.247
25.2037 0.0500 1.2602 0.00 4.00 181320 0.00 0.000 405.272
25.2037 0.0500 1.2602 0.00 4.00 181340 0.00 0.000 405.297
25.2037 0.0500 1.2602 0.00 4.00 181360 0.00 0.000 405.323
25.2050 0.0500 1.2602 0.00 4.00 181380 0.00 0.000 405.348
25.2050 0.0500 1.2602 0.00 4.00 181400 0.00 0.000 405.373
25.2050 0.0500 1.2602 0.00 4.00 181420 0.00 0.000 405.398
25.2050 0.0500 1.2602 0.00 4.00 181440 0.00 0.000 405.423
25.2050 0.0500 1.2602 0.00 4.00 181460 0.00 0.000 405.449
25.2050 0.0500 1.2602 0.00 4.00 181480 0.00 0.000 405.474
25.2050 0.0500 1.2602 0.00 4.00 181500 0.00 0.000 405.499
25.2037 0.0500 1.2602 0.00 4.00 181520 0.00 0.000 405.524
25.2037 0.0500 1.2602 0.00 4.00 181540 0.00 0.000 405.549
25.2037 0.0500 1.2602 0.00 4.00 181560 0.00 0.000 405.575
25.2037 0.0500 1.2602 0.00 4.00 181580 0.00 0.000 405.600
25.2037 0.0500 1.2602 0.00 4.00 181600 0.00 0.000 405.625
25.2037 0.0500 1.2602 0.00 4.00 181620 0.00 0.000 405.650
25.2037 0.0500 1.2602 0.00 4.00 181640 0.00 0.000 405.675
25.2037 0.0500 1.2602 0.00 4.00 181660 0.00 0.000 405.701
25.2037 0.0500 1.2602 0.00 4.00 181680 0.00 0.000 405.726
25.2037 0.0500 1.2602 0.00 4.00 181700 0.00 0.000 405.751
25.2037 0.0500 1.2602 0.00 4.00 181720 0.00 0.000 405.776
25.2037 0.0500 1.2602 0.00 4.00 181740 0.00 0.000 405.801
25.2037 0.0500 1.2602 0.00 4.00 181760 0.00 0.000 405.827
25.2037 0.0500 1.2602 0.00 4.00 181780 0.00 0.000 405.852
25.2037 0.0500 1.2602 0.00 4.00 181800 0.00 0.000 405.877
25.2037 0.0500 1.2602 0.00 4.00 181820 0.00 0.000 405.902
25.2037 0.0500 1.2602 0.00 4.00 181840 0.00 0.000 405.928
25.2037 0.0500 1.2602 0.00 4.00 181860 0.00 0.000 405.953
25.2050 0.0500 1.2602 0.00 4.00 181880 0.00 0.000 405.978
25.2050 0.0500 1.2602 0.00 4.00 181900 0.00 0.000 406.003
25.2050 0.0500 1.2602 0.00 4.00 181920 0.00 0.000 406.028
25.2050 0.0500 1.2602 0.00 4.00 181940 0.00 0.000 406.054
25.2050 0.0500 1.2602 0.00 4.00 181960 0.00 0.000 406.079
25.2050 0.0500 1.2602 0.00 4.00 181980 0.00 0.000 406.104
