25.1850 0.0500 1.2592 0.00 4.00 134567 0.00 0.000 361.718
25.1850 0.0500 1.2592 0.00 4.00 134587 0.00 0.000 361.743
25.1850 0.0500 1.2592 0.00 4.00 134607 0.00 0.000 361.768
25.1850 0.0475 1.1963 0.00 4.00 134627 0.00 0.000 361.792
25.1850 0.0475 1.1963 0.00 4.00 134647 0.00 0.000 361.816
25.1850 0.0475 1.1963 0.00 4.00 134667 0.00 0.000 361.840
25.1850 0.0475 1.1963 0.00 4.00 134687 0.00 0.000 361.864
25.1838 0.0500 1.2592 0.00 4.00 134707 0.00 0.000 361.889
25.1838 0.0500 1.2592 0.00 4.00 134727 0.00 0.000 361.914
25.1838 0.0500 1.2592 0.00 4.00 134747 0.00 0.000 361.939
25.1838 0.0500 1.2592 0.00 4.00 134767 0.00 0.000 361.964
25.1838 0.0500 1.2592 0.00 4.00 134787 0.00 0.000 361.990
25.1838 0.0500 1.2592 0.00 4.00 134807 0.00 0.000 362.015
25.1838 0.0500 1.2592 0.00 4.00 134827 0.00 0.000 362.040
25.1838 0.0500 1.2592 0.00 4.00 134847 0.00 0.000 362.065
25.1838 0.0500 1.2592 0.00 4.00 134867 0.00 0.000 362.090
25.1838 0.0500 1.2592 0.00 4.00 134887 0.00 0.000 362.115
25.1838 0.0500 1.2592 0.00 4.00 134907 0.00 0.000 362.141
25.1850 0.0500 1.2592 0.00 4.00 134927 0.00 0.000 362.166
25.1850 0.0500 1.2592 0.00 4.00 134947 0.00 0.000 362.191
25.1850 0.0500 1.2592 0.00 4.00 134967 0.00 0.000 362.216
25.1838 0.0500 1.2592 0.00 4.00 134987 0.00 0.000 362.241
25.1838 0.0500 1.2592 0.00 4.00 135007 0.00 0.000 362.267
25.1838 0.0500 1.2592 0.00 4.00 135027 0.00 0.000 362.292
25.1838 0.0500 1.2592 0.00 4.00 135047 0.00 0.000 362.317
25.1850 0.0500 1.2592 0.00 4.00 135067 0.00 0.000 362.342
25.1850 0.0500 1.2592 0.00 4.00 135087 0.00 0.000 362.367
25.1850 0.0500 1.2592 0.00 4.00 135107 0.00 0.000 362.392
25.1850 0.0500 1.2592 0.00 4.00 135127 0.00 0.000 362.418
25.1838 0.0500 1.2592 0.00 4.00 135147 0.00 0.000 362.443
25.1838 0.0500 1.2592 0.00 4.00 135167 0.00 0.000 362.468
25.1838 0.0500 1.2592 0.00 4.00 135187 0.00 0.000 362.493
25.1850 0.0500 1.2592 0.00 4.00 135207 0.00 0.000 362.518
25.1850 0.0500 1.2592 0.00 4.00 135227 0.00 0.000 362.544
25.1850 0.0500 1.2592 0.00 4.00 135247 0.00 0.000 362.569
25.1850 0.0500 1.2592 0.00 4.00 135267 0.00 0.000 362.594
25.1850 0.0500 1.2592 0.00 4.00 135287 0.00 0.000 362.619
25.1850 0.0500 1.2592 0.00 4.00 135307 0.00 0.000 362.644
25.1850 0.0500 1.2592 0.00 4.00 135327 0.00 0.000 362.669
25.1838 0.0500 1.2592 0.00 4.00 135347 0.00 0.000 362.695
25.1838 0.0500 1.2592 0.00 4.00 135367 0.00 0.000 362.720
25.1838 0.0500 1.2592 0.00 4.00 135387 0.00 0.000 362.745
25.1838 0.0500 1.2592 0.00 4.00 135407 0.00 0.000 362.770
25.1850 0.0500 1.2592 0.00 4.00 135427 0.00 0.000 362.795
25.1850 0.0500 1.2592 0.00 4.00 135447 0.00 0.000 362.821
25.1850 0.0500 1.2592 0.00 4.00 135467 0.00 0.000 362.846
25.1838 0.0500 1.2592 0.00 4.00 135487 0.00 0.000 362.871
25.1838 0.0500 1.2592 0.00 4.00 135507 0.00 0.000 362.896
25.1838 0.0500 1.2592 0.00 4.00 135527 0.00 0.000 362.921
25.1838 0.0500 1.2592 0.00 4.00 135547 0.00 0.000 362.947
25.1850 0.0500 1.2592 0.00 4.00 135567 0.00 0.000 362.972
25.1850 0.0500 1.2592 0.00 4.00 135587 0.00 0.000 362.997
25.1850 0.0500 1.2592 0.00 4.00 135607 0.00 0.000 363.022
25.1850 0.0500 1.2592 0.00 4.00 135627 0.00 0.000 363.047
25.1850 0.0500 1.2592 0.00 4.00 135647 0.00 0.000 363.072
25.1850 0.0500 1.2592 0.00 4.00 135667 0.00 0.000 363.098
25.1850 0.0500 1.2592 0.00 4.00 135687 0.00 0.000 363.123
25.1850 0.0500 1.2592 0.00 4.00 135707 0.00 0.000 363.148
25.1850 0.0500 1.2592 0.00 4.00 135727 0.00 0.000 363.173
25.1850 0.0500 1.2592 0.00 4.00 135747 0.00 0.000 363.198
25.1850 0.0500 1.2592 0.00 4.00 135767 0.00 0.000 363.224
25.1850 0.0500 1.2592 0.00 4.00 135787 0.00 0.000 363.249
25.1850 0.0500 1.2592 0.00 4.00 135807 0.00 0.000 363.274
25.1850 0.0500 1.2592 0.00 4.00 135827 0.00 0.000 363.299
25.1850 0.0500 1.2592 0.00 4.00 135847 0.00 0.000 363.324
25.1850 0.0500 1.2592 0.00 4.00 135867 0.00 0.000 363.349
25.1850 0.0500 1.2592 0.00 4.00 135887 0.00 0.000 363.375
25.1850 0.0500 1.2592 0.00 4.00 135907 0.00 0.000 363.400
25.1850 0.0500 1.2592 0.00 4.00 135927 0.00 0.000 363.425
25.1850 0.0500 1.2592 0.00 4.00 135947 0.00 0.000 363.450
25.1850 0.0500 1.2592 0.00 4.00 135967 0.00 0.000 363.475
25.1850 0.0500 1.2592 0.00 4.00 135987 0.00 0.000 363.501
25.1850 0.0500 1.2592 0.00 4.00 136007 0.00 0.000 363.526
25.1850 0.0500 1.2592 0.00 4.00 136027 0.00 0.000 363.551
25.1850 0.0500 1.2592 0.00 4.00 136047 0.00 0.000 363.576
25.1850 0.0475 1.1963 0.00 4.00 136067 0.00 0.000 363.600
25.1850 0.0475 1.1963 0.00 4.00 136087 0.00 0.000 363.624
25.1850 0.0475 1.1963 0.00 4.00 136107 0.00 0.000 363.648
25.1850 0.0475 1.1963 0.00 4.00 136127 0.00 0.000 363.672
25.1850 0.0500 1.2592 0.00 4.00 136147 0.00 0.000 363.697
25.1850 0.0500 1.2592 0.00 4.00 136167 0.00 0.000 363.722
25.1850 0.0500 1.2592 0.00 4.00 136187 0.00 0.000 363.747
25.1850 0.0500 1.2592 0.00 4.00 136207 0.00 0.000 363.773
25.1850 0.0500 1.2592 0.00 4.00 136227 0.00 0.000 363.798
25.1850 0.0500 1.2592 0.00 4.00 136247 0.00 0.000 363.823
25.1850 0.0500 1.2592 0.00 4.00 136267 0.00 0.000 363.848
25.1850 0.0500 1.2592 0.00 4.00 136287 0.00 0.000 363.873
25.1850 0.0500 1.2592 0.00 4.00 136307 0.00 0.000 363.899
25.1850 0.0500 1.2592 0.00 4.00 136327 0.00 0.000 363.924
25.1850 0.0500 1.2592 0.00 4.00 136347 0.00 0.000 363.949
25.1850 0.0500 1.2592 0.00 4.00 136367 0.00 0.000 363.974
25.1850 0.0500 1.2592 0.00 4.00 136387 0.00 0.000 363.999
25.1850 0.0500 1.2592 0.00 4.00 136407 0.00 0.000 364.024
25.1850 0.0500 1.2592 0.00 4.00 136427 0.00 0.000 364.050
25.1850 0.0500 1.2592 0.00 4.00 136447 0.00 0.000 364.075
25.1850 0.0500 1.2592 0.00 4.00 136467 0.00 0.000 364.100
25.1850 0.0500 1.2592 0.00 4.00 136487 0.00 0.000 364.125
25.1850 0.0500 1.2592 0.00 4.00 136507 0.00 0.000 364.150
25.1850 0.0500 1.2592 0.00 4.00 136527 0.00 0.000 364.176
25.1850 0.0500 1.2592 0.00 4.00 136547 0.00 0.000 364.201
25.1850 0.0500 1.2592 0.00 4.00 136567 0.00 0.000 364.226
25.1850 0.0500 1.2592 0.00 4.00 136587 0.00 0.000 364.251
25.1850 0.0500 1.2592 0.00 4.00 136607 0.00 0.000 364.276
25.1850 0.0500 1.2592 0.00 4.00 136627 0.00 0.000 364.301
25.1850 0.0500 1.2592 0.00 4.00 136647 0.00 0.000 364.327
25.1850 0.0500 1.2592 0.00 4.00 136667 0.00 0.000 364.352
25.1850 0.0500 1.2592 0.00 4.00 136687 0.00 0.000 364.377
25.1850 0.0500 1.2592 0.00 4.00 136707 0.00 0.000 364.402
25.1850 0.0500 1.2592 0.00 4.00 136727 0.00 0.000 364.427
25.1850 0.0500 1.2592 0.00 4.00 136747 0.00 0.000 364.453
25.1850 0.0500 1.2592 0.00 4.00 136767 0.00 0.000 364.478
25.1850 0.0500 1.2592 0.00 4.00 136787 0.00 0.000 364.503
25.1850 0.0500 1.2592 0.00 4.00 136807 0.00 0.000 364.528
25.1850 0.0500 1.2592 0.00 4.00 136827 0.00 0.000 364.553
25.1850 0.0500 1.2592 0.00 4.00 136847 0.00 0.000 364.579
25.1850 0.0500 1.2592 0.00 4.00 136867 0.00 0.000 364.604
25.1850 0.0500 1.2592 0.00 4.00 136887 0.00 0.000 364.629
25.1850 0.0500 1.2592 0.00 4.00 136907 0.00 0.000 364.654
25.1850 0.0475 1.1963 0.00 4.00 136927 0.00 0.000 364.678
25.1850 0.0475 1.1963 0.00 4.00 136947 0.00 0.000 364.702
25.1850 0.0475 1.1963 0.00 4.00 136967 0.00 0.000 364.726
25.1850 0.0475 1.1963 0.00 4.00 136987 0.00 0.000 364.750
25.1850 0.0475 1.1963 0.00 4.00 137007 0.00 0.000 364.774
25.1850 0.0475 1.1963 0.00 4.00 137027 0.00 0.000 364.798
25.1850 0.0475 1.1963 0.00 4.00 137047 0.00 0.000 364.822
25.1850 0.0500 1.2592 0.00 4.00 137067 0.00 0.000 364.847
25.1850 0.0500 1.2592 0.00 4.00 137087 0.00 0.000 364.872
25.1850 0.0500 1.2592 0.00 4.00 137107 0.00 0.000 364.897
25.1850 0.0500 1.2592 0.00 4.00 137127 0.00 0.000 364.922
25.1850 0.0500 1.2592 0.00 4.00 137147 0.00 0.000 364.947
25.1850 0.0500 1.2592 0.00 4.00 137167 0.00 0.000 364.973
25.1850 0.0500 1.2592 0.00 4.00 137187 0.00 0.000 364.998
25.1850 0.0500 1.2592 0.00 4.00 137207 0.00 0.000 365.023
25.1850 0.0500 1.2592 0.00 4.00 137227 0.00 0.000 365.048
25.1850 0.0500 1.2592 0.00 4.00 137247 0.00 0.000 365.073
25.1850 0.0500 1.2592 0.00 4.00 137267 0.00 0.000 365.099
25.1700 0.4225 10.6343 0.00 4.00 137287 0.00 0.000 365.311
25.1700 0.4225 10.6343 0.00 4.00 137307 0.00 0.000 365.524
25.1700 0.4225 10.6343 6.95 4.00 137327 0.00 0.225 365.737
25.1700 0.4225 10.6343 6.95 4.00 137347 0.00 0.225 365.949
25.1650 0.5175 13.0229 6.95 4.00 137367 0.00 0.225 366.210
25.1650 0.5175 13.0229 6.95 4.00 137387 0.00 0.225 366.470
25.1650 0.5175 13.0229 696.22 4.00 137407 0.00 2256.223 366.731
25.1712 0.3775 9.5021 696.22 4.00 137427 0.00 2256.223 366.921
25.1712 0.3775 9.5021 1496.86 4.00 137447 0.00 10429.247 367.111
25.1712 0.3775 9.5021 2672.37 4.00 137467 0.00 33241.832 367.301
25.1712 0.3775 9.5021 2672.37 4.00 137487 0.00 33241.832 367.491
25.1500 0.9100 22.8865 2370.98 4.00 137507 0.00 26166.646 367.949
25.1500 0.9100 22.8865 2518.89 4.00 137527 0.00 29533.271 368.406
25.1500 0.9100 22.8865 2591.90 4.00 137547 0.00 31270.193 368.864
25.1625 0.5550 13.9652 2907.68 4.00 137567 0.00 39353.754 369.143
25.1625 0.5550 13.9652 3569.94 4.00 137587 0.00 59321.852 369.423
25.1625 0.5550 13.9652 3912.62 4.00 137607 0.00 71256.984 369.702
25.1625 0.5550 13.9652 4091.65 4.00 137627 0.00 77927.383 369.981
25.1525 0.7875 19.8076 4563.08 4.00 137647 0.00 96919.164 370.377
25.1525 0.7875 19.8076 4516.37 4.00 137667 0.00 94944.977 370.774
25.1525 0.7875 19.8076 5267.32 4.00 137687 0.00 129143.148 371.170
25.1525 0.7875 19.8076 5615.87 4.00 137707 0.00 146800.406 371.566
25.1313 1.3250 33.2989 5610.62 4.00 137727 0.00 146526.000 372.232
25.1313 1.3250 33.2989 5700.71 4.00 137747 0.00 151269.328 372.898
25.1313 1.3250 33.2989 6232.47 4.00 137767 0.00 180806.094 373.564
25.1437 0.9875 24.8295 6859.49 4.00 137787 0.00 219016.484 374.060
25.1437 0.9875 24.8295 7346.64 4.00 137807 0.00 251229.094 374.557
25.1437 0.9875 24.8295 7816.57 4.00 137827 0.00 284397.094 375.054
25.1437 0.9875 24.8295 8440.01 4.00 137847 0.00 331572.188 375.550
25.0462 3.4425 86.2217 9191.18 4.00 137867 0.00 393219.281 377.275
25.0462 3.4425 86.2217 9887.94 4.00 137887 0.00 455097.063 378.999
25.0462 3.4425 86.2217 9993.34 4.00 137907 0.00 464850.969 380.723
25.0950 1.9875 49.8763 9745.01 4.00 137927 0.00 442035.094 381.721
25.0950 1.9875 49.8763 9737.10 4.00 137947 0.00 441318.063 382.719
25.0950 1.9875 49.8763 9886.31 4.00 137967 0.00 454946.969 383.716
25.0950 1.9875 49.8763 9958.51 4.00 137987 0.00 461616.031 384.714
25.1700 0.1925 4.8452 9978.38 4.00 138007 0.00 463460.406 384.810
25.1700 0.1925 4.8452 9768.80 4.00 138027 0.00 444196.813 384.907
25.1700 0.1925 4.8452 9816.75 4.00 138047 0.00 448568.063 385.004
25.1700 0.1925 4.8452 9799.12 4.00 138067 0.00 446957.844 385.101
25.1800 -0.0100 -0.2518 10046.89 4.00 138087 0.00 469845.938 385.096
25.1800 -0.0100 -0.2518 9858.69 4.00 138107 0.00 452408.969 385.091
25.1800 -0.0100 -0.2518 9751.34 4.00 138127 0.00 442610.000 385.086
25.1650 0.4075 10.2547 9829.62 4.00 138147 0.00 449744.688 385.291
25.1650 0.4075 10.2547 9960.16 4.00 138167 0.00 461769.406 385.496
25.1650 0.4075 10.2547 9953.55 4.00 138187 0.00 461156.750 385.701
25.1650 0.4075 10.2547 9853.83 4.00 138207 0.00 451963.219 385.906
25.1687 0.2775 6.9843 9760.86 4.00 138227 0.00 443474.563 386.046
25.1687 0.2775 6.9843 9732.36 4.00 138247 0.00 440888.688 386.186
25.1687 0.2775 6.9843 9948.60 4.00 138267 0.00 460698.031 386.326
25.1712 0.2500 6.2928 9899.36 4.00 138287 0.00 456148.781 386.451
25.1712 0.2500 6.2928 9815.15 4.00 138307 0.00 448421.406 386.577
25.1712 0.2500 6.2928 9775.17 4.00 138327 0.00 444776.031 386.703
25.1712 0.2500 6.2928 9878.17 4.00 138347 0.00 454198.219 386.829
25.1687 0.2900 7.2989 9938.71 4.00 138367 0.00 459782.781 386.975
25.1687 0.2900 7.2989 9991.67 4.00 138387 0.00 464696.094 387.121
25.1687 0.2900 7.2989 9826.40 4.00 138407 0.00 449450.000 387.267
25.1675 0.3350 8.4311 9713.45 4.00 138427 0.00 439177.313 387.436
25.1675 0.3350 8.4311 9870.04 4.00 138447 0.00 453451.469 387.604
25.1675 0.3350 8.4311 9927.20 4.00 138467 0.00 458718.344 387.773
25.1675 0.3350 8.4311 9928.84 4.00 138487 0.00 458870.250 387.941
25.1687 0.3050 7.6765 9762.45 4.00 138507 0.00 443618.844 388.095
25.1687 0.3050 7.6765 9767.21 4.00 138527 0.00 444052.219 388.248
25.1687 0.3050 7.6765 9876.54 4.00 138547 0.00 454048.781 388.402
25.1687 0.3050 7.6765 10001.67 4.00 138567 0.00 465626.125 388.555
25.1675 0.3450 8.6828 9894.46 4.00 138587 0.00 455697.500 388.729
25.1675 0.3450 8.6828 9805.52 4.00 138607 0.00 447542.469 388.903
25.1675 0.3450 8.6828 9831.23 4.00 138627 0.00 449892.031 389.076
25.1687 0.3100 7.8023 9904.26 4.00 138647 0.00 456600.625 389.233
25.1687 0.3100 7.8023 9909.17 4.00 138667 0.00 457053.250 389.389
25.1687 0.3100 7.8023 9955.20 4.00 138687 0.00 461309.844 389.545
25.1687 0.3100 7.8023 9733.94 4.00 138707 0.00 441031.656 389.701
25.1687 0.3000 7.5506 9857.07 4.00 138727 0.00 452260.250 389.852
25.1687 0.3000 7.5506 9948.60 4.00 138747 0.00 460698.031 390.003
25.1687 0.3000 7.5506 10001.67 4.00 138767 0.00 465626.125 390.154
25.1687 0.3000 7.5506 9876.54 4.00 138787 0.00 454048.781 390.305
25.1687 0.3000 7.5506 9732.36 4.00 138807 0.00 440888.688 390.456
25.1687 0.3000 7.5506 9873.29 4.00 138827 0.00 453750.000 390.607
25.1687 0.3000 7.5506 9920.63 4.00 138847 0.00 458111.813 390.758
25.1687 0.3150 7.9282 9991.67 4.00 138867 0.00 464696.094 390.916
25.1687 0.3150 7.9282 9781.54 4.00 138887 0.00 445356.125 391.075
25.1687 0.3150 7.9282 9803.92 4.00 138907 0.00 447396.156 391.233
25.1687 0.3150 7.9282 9848.98 4.00 138927 0.00 451518.188 391.392
25.1675 0.3350 8.4311 9970.09 4.00 138947 0.00 462690.625 391.561
25.1675 0.3350 8.4311 9988.35 4.00 138967 0.00 464386.719 391.729
25.1675 0.3350 8.4311 9886.31 4.00 138987 0.00 454946.969 391.898
25.1687 0.3025 7.6135 9805.52 4.00 139007 0.00 447542.469 392.050
25.1687 0.3025 7.6135 9795.92 4.00 139027 0.00 446666.000 392.202
25.1687 0.3025 7.6135 8967.27 4.00 139047 0.00 374294.125 392.355
25.1687 0.3025 7.6135 8462.62 4.00 139067 0.00 333351.594 392.507
25.2225 -1.0650 -26.8620 8429.33 4.00 139087 0.00 330734.156 391.970
25.2225 -1.0650 -26.8620 8395.13 4.00 139107 0.00 328055.656 391.432
25.2225 -1.0650 -26.8620 8515.47 4.00 139127 0.00 337528.000 390.895
25.1800 0.0850 2.1403 8729.81 4.00 139147 0.00 354733.656 390.938
25.1800 0.0850 2.1403 8877.05 4.00 139167 0.00 366800.719 390.981
25.1800 0.0850 2.1403 8804.11 4.00 139187 0.00 360797.344 391.024
25.1800 0.0850 2.1403 8675.54 4.00 139207 0.00 350336.250 391.066
25.1812 0.0375 0.9443 8636.82 4.00 139227 0.00 347216.563 391.085
25.1812 0.0375 0.9443 8646.78 4.00 139247 0.00 348017.688 391.104
25.1812 0.0375 0.9443 8703.22 4.00 139267 0.00 352575.781 391.123
25.1750 0.1925 4.8462 8707.01 4.00 139287 0.00 352882.938 391.220
25.1750 0.1925 4.8462 8613.26 4.00 139307 0.00 345325.094 391.317
25.1750 0.1925 4.8462 8514.26 4.00 139327 0.00 337432.250 391.414
25.1750 0.1925 4.8462 8536.06 4.00 139347 0.00 339162.594 391.511
25.1725 0.2350 5.9155 8595.99 4.00 139367 0.00 343941.219 391.629
25.1725 0.2350 5.9155 8669.27 4.00 139387 0.00 349830.281 391.747
25.1725 0.2350 5.9155 8685.58 4.00 139407 0.00 351148.188 391.866
25.1725 0.2350 5.9155 8573.88 4.00 139427 0.00 342174.125 391.984
25.1725 0.2525 6.3561 8476.97 4.00 139447 0.00 334482.906 392.111
25.1725 0.2525 6.3561 8530.00 4.00 139467 0.00 338680.656 392.238
25.1725 0.2525 6.3561 8562.87 4.00 139487 0.00 341295.781 392.365
25.1750 0.1750 4.4056 8595.99 4.00 139507 0.00 343941.219 392.454
25.1750 0.1750 4.4056 8503.40 4.00 139527 0.00 336571.938 392.542
25.1750 0.1750 4.4056 8418.69 4.00 139547 0.00 329899.406 392.630
25.1750 0.1750 4.4056 8415.15 4.00 139567 0.00 329621.875 392.718
25.1750 0.1850 4.6574 8455.47 4.00 139587 0.00 332788.125 392.811
25.1750 0.1850 4.6574 8508.22 4.00 139607 0.00 336953.875 392.904
25.1750 0.1850 4.6574 8508.22 4.00 139627 0.00 336953.875 392.997
25.1750 0.1775 4.4686 8435.26 4.00 139647 0.00 331199.375 393.087
25.1750 0.1775 4.4686 8296.46 4.00 139667 0.00 320389.438 393.176
25.1750 0.1775 4.4686 8316.01 4.00 139687 0.00 321901.094 393.265
25.1750 0.1775 4.4686 8361.20 4.00 139707 0.00 325409.406 393.355
25.1750 0.1825 4.5944 8415.15 4.00 139727 0.00 329621.875 393.447
25.1750 0.1825 4.5944 8402.18 4.00 139747 0.00 328607.156 393.539
25.1750 0.1825 4.5944 8273.58 4.00 139767 0.00 318624.688 393.630
25.1750 0.1825 4.5944 8214.68 4.00 139787 0.00 314104.031 393.722
25.1737 0.1925 4.8459 8248.56 4.00 139807 0.00 316700.313 393.819
25.1737 0.1925 4.8459 8278.15 4.00 139827 0.00 318976.563 393.916
25.1737 0.1925 4.8459 8314.86 4.00 139847 0.00 321811.781 394.013
25.1750 0.1625 4.0909 8261.05 4.00 139867 0.00 317660.406 394.095
25.1750 0.1625 4.0909 8151.07 4.00 139887 0.00 309258.344 394.177
25.1750 0.1625 4.0909 8104.82 4.00 139907 0.00 305759.219 394.259
25.1750 0.1625 4.0909 8166.60 4.00 139927 0.00 310438.063 394.340
25.1737 0.2050 5.1606 8203.45 4.00 139947 0.00 313245.719 394.444
25.1737 0.2050 5.1606 8230.45 4.00 139967 0.00 315311.594 394.547
25.1737 0.2050 5.1606 8213.55 4.00 139987 0.00 314018.000 394.650
25.1737 0.1900 4.7830 8088.43 4.00 140007 0.00 304523.875 394.746
25.1737 0.1900 4.7830 8071.03 4.00 140027 0.00 303214.500 394.841
25.1737 0.1900 4.7830 8111.40 4.00 140047 0.00 306255.469 394.937
25.1737 0.1900 4.7830 8156.61 4.00 140067 0.00 309678.906 395.033
25.1725 0.2425 6.1043 8221.43 4.00 140087 0.00 314620.719 395.155
25.1725 0.2425 6.1043 8153.28 4.00 140107 0.00 309426.469 395.277
25.1725 0.2425 6.1043 8048.29 4.00 140127 0.00 301508.688 395.399
25.1762 0.1450 3.6506 7997.87 4.00 140147 0.00 297742.563 395.472
25.1762 0.1450 3.6506 8034.28 4.00 140167 0.00 300459.844 395.545
25.1762 0.1450 3.6506 8084.07 4.00 140187 0.00 304195.750 395.618
25.1762 0.1450 3.6506 8116.88 4.00 140207 0.00 306669.938 395.691
25.1737 0.2100 5.2865 8037.51 4.00 140227 0.00 300701.344 395.797
25.1737 0.2100 5.2865 7954.39 4.00 140247 0.00 294514.594 395.902
25.1737 0.2100 5.2865 7931.26 4.00 140267 0.00 292804.156 396.008
25.1737 0.2100 5.2865 7940.71 4.00 140287 0.00 293502.031 396.114
25.1762 0.1600 4.0282 7975.54 4.00 140307 0.00 296082.625 396.194
25.1762 0.1600 4.0282 8008.54 4.00 140327 0.00 298537.938 396.275
25.1762 0.1600 4.0282 7906.18 4.00 140347 0.00 290955.125 396.356
25.1762 0.1550 3.9023 7836.99 4.00 140367 0.00 285884.969 396.434
25.1762 0.1550 3.9023 7790.18 4.00 140387 0.00 282480.250 396.512
25.1762 0.1550 3.9023 7826.77 4.00 140407 0.00 285139.500 396.590
25.1762 0.1550 3.9023 7867.82 4.00 140427 0.00 288138.594 396.668
25.1737 0.2050 5.1606 7923.93 4.00 140447 0.00 292263.000 396.771
25.1737 0.2050 5.1606 7871.95 4.00 140467 0.00 288441.094 396.874
25.1737 0.2050 5.1606 7758.96 4.00 140487 0.00 280219.969 396.977
25.1750 0.1800 4.5315 7724.00 4.00 140507 0.00 277700.438 397.068
25.1750 0.1800 4.5315 7757.95 4.00 140527 0.00 280147.469 397.159
25.1750 0.1800 4.5315 7802.34 4.00 140547 0.00 283362.531 397.249
25.1750 0.1800 4.5315 7808.43 4.00 140567 0.00 283805.188 397.340
25.1762 0.1525 3.8394 7762.97 4.00 140587 0.00 280510.031 397.417
25.1762 0.1525 3.8394 7702.18 4.00 140607 0.00 276134.188 397.493
25.1762 0.1525 3.8394 7630.68 4.00 140627 0.00 271030.688 397.570
25.1762 0.1525 3.8394 7674.60 4.00 140647 0.00 274159.781 397.647
25.1725 0.2325 5.8526 7710.10 4.00 140667 0.00 276702.156 397.764
25.1725 0.2325 5.8526 7749.94 4.00 140687 0.00 279568.813 397.881
25.1725 0.2325 5.8526 7744.93 4.00 140707 0.00 279208.031 397.998
25.1750 0.1875 4.7203 7658.92 4.00 140727 0.00 273041.063 398.093
25.1750 0.1875 4.7203 7590.13 4.00 140747 0.00 268158.375 398.187
25.1750 0.1875 4.7203 7602.64 4.00 140767 0.00 269042.531 398.281
25.1750 0.1875 4.7203 7645.26 4.00 140787 0.00 272067.750 398.376
25.1737 0.1925 4.8459 7690.34 4.00 140807 0.00 275285.375 398.473
25.1737 0.1925 4.8459 7663.81 4.00 140827 0.00 273389.938 398.570
25.1737 0.1925 4.8459 7580.54 4.00 140847 0.00 267481.156 398.667
25.1775 0.1175 2.9584 7481.30 4.00 140867 0.00 260523.172 398.726
25.1775 0.1175 2.9584 7469.19 4.00 140887 0.00 259680.609 398.785
25.1775 0.1175 2.9584 7489.70 4.00 140907 0.00 261108.828 398.844
25.1775 0.1175 2.9584 7521.63 4.00 140927 0.00 263339.438 398.903
25.1750 0.1775 4.4686 7561.44 4.00 140947 0.00 266134.500 398.993
25.1750 0.1775 4.4686 7541.48 4.00 140967 0.00 264731.406 399.082
25.1750 0.1775 4.4686 7453.42 4.00 140987 0.00 258584.969 399.171
25.1750 0.1675 4.2168 7367.39 4.00 141007 0.00 252650.156 399.256
25.1750 0.1675 4.2168 7396.45 4.00 141027 0.00 254647.375 399.340
25.1750 0.1675 4.2168 7438.63 4.00 141047 0.00 257560.141 399.424
25.1750 0.1675 4.2168 7482.23 4.00 141067 0.00 260588.109 399.509
25.1750 0.1925 4.8462 7471.98 4.00 141087 0.00 259874.688 399.606
25.1750 0.1925 4.8462 7415.65 4.00 141107 0.00 255970.922 399.703
25.1750 0.1925 4.8462 7293.06 4.00 141127 0.00 247578.000 399.799
25.1750 0.1925 4.8462 7283.32 4.00 141147 0.00 246917.297 399.896
25.1762 0.1375 3.4617 7293.06 4.00 141167 0.00 247578.000 399.966
25.1762 0.1375 3.4617 7322.43 4.00 141187 0.00 249576.203 400.035
25.1762 0.1375 3.4617 7365.58 4.00 141207 0.00 252526.078 400.104
25.1762 0.1725 4.3429 7298.38 4.00 141227 0.00 247939.531 400.191
25.1762 0.1725 4.3429 7222.82 4.00 141247 0.00 242832.391 400.278
25.1762 0.1725 4.3429 7189.07 4.00 141267 0.00 240568.234 400.365
25.1762 0.1725 4.3429 7209.81 4.00 141287 0.00 241957.813 400.452
25.1737 0.1950 4.9089 7252.51 4.00 141307 0.00 244832.500 400.550
25.1737 0.1950 4.9089 7294.83 4.00 141327 0.00 247698.391 400.648
25.1737 0.1950 4.9089 7297.49 4.00 141347 0.00 247879.234 400.746
25.1762 0.1525 3.8394 7216.74 4.00 141367 0.00 242423.672 400.823
25.1762 0.1525 3.8394 7129.28 4.00 141387 0.00 236583.031 400.900
25.1762 0.1525 3.8394 7088.01 4.00 141407 0.00 233852.000 400.976
25.1762 0.1525 3.8394 7126.74 4.00 141427 0.00 236414.484 401.053
25.1762 0.1675 4.2170 7136.91 4.00 141447 0.00 237089.844 401.138
25.1762 0.1675 4.2170 7165.89 4.00 141467 0.00 239019.234 401.222
25.1762 0.1675 4.2170 7137.76 4.00 141487 0.00 237146.266 401.306
25.1762 0.1675 4.2170 7090.52 4.00 141507 0.00 234017.828 401.391
25.1762 0.1475 3.7135 6978.37 4.00 141527 0.00 226673.172 401.465
25.1762 0.1475 3.7135 6962.17 4.00 141547 0.00 225622.297 401.539
25.1762 0.1475 3.7135 6997.90 4.00 141567 0.00 227943.953 401.613
25.1775 0.1300 3.2731 7001.98 4.00 141587 0.00 228210.078 401.679
25.1775 0.1300 3.2731 7021.65 4.00 141607 0.00 229493.813 401.744
25.1775 0.1300 3.2731 6982.43 4.00 141627 0.00 226937.078 401.810
25.1775 0.1300 3.2731 6886.26 4.00 141647 0.00 220729.156 401.875
25.1762 0.1325 3.3359 6830.60 4.00 141667 0.00 217175.281 401.942
25.1762 0.1325 3.3359 6821.28 4.00 141687 0.00 216583.141 402.009
25.1762 0.1325 3.3359 6849.31 4.00 141707 0.00 218366.906 402.075
25.1762 0.1625 4.0911 6880.73 4.00 141727 0.00 220374.875 402.157
25.1762 0.1625 4.0911 6915.63 4.00 141747 0.00 222615.813 402.239
25.1762 0.1625 4.0911 6893.38 4.00 141767 0.00 221185.875 402.321
25.1762 0.1625 4.0911 6799.64 4.00 141787 0.00 215210.781 402.403
25.1750 0.1925 4.8462 6772.77 4.00 141807 0.00 213513.672 402.500
25.1750 0.1925 4.8462 6744.60 4.00 141827 0.00 211741.297 402.597
25.1750 0.1925 4.8462 6772.77 4.00 141847 0.00 213513.672 402.693
25.1750 0.1925 4.8462 6792.71 4.00 141867 0.00 214772.484 402.790
25.1762 0.1500 3.7764 6822.83 4.00 141887 0.00 216681.672 402.866
25.1762 0.1500 3.7764 6825.94 4.00 141907 0.00 216878.891 402.941
25.1762 0.1500 3.7764 6712.16 4.00 141927 0.00 209709.063 403.017
25.1750 0.1775 4.4686 6674.08 4.00 141947 0.00 207336.422 403.106
25.1750 0.1775 4.4686 6665.19 4.00 141967 0.00 206784.047 403.196
25.1750 0.1775 4.4686 6691.95 4.00 141987 0.00 208447.922 403.285
25.1750 0.1775 4.4686 6703.16 4.00 142007 0.00 209147.125 403.374
25.1750 0.1775 4.4686 6733.25 4.00 142027 0.00 211029.016 403.464
25.1750 0.1775 4.4686 6721.18 4.00 142047 0.00 210273.219 403.553
25.1750 0.1775 4.4686 6671.11 4.00 142067 0.00 207152.078 403.643
25.1762 0.1375 3.4617 6576.78 4.00 142087 0.00 201335.219 403.712
25.1762 0.1375 3.4617 6537.37 4.00 142107 0.00 198929.406 403.781
25.1762 0.1375 3.4617 6571.02 4.00 142127 0.00 200982.563 403.850
25.1762 0.1375 3.4617 6570.30 4.00 142147 0.00 200938.563 403.920
25.1775 0.1225 3.0842 6596.31 4.00 142167 0.00 202532.219 403.981
25.1775 0.1225 3.0842 6593.41 4.00 142187 0.00 202354.188 404.043
25.1775 0.1225 3.0842 6519.61 4.00 142207 0.00 197850.078 404.105
25.1762 0.1400 3.5247 6426.05 4.00 142227 0.00 192211.938 404.175
25.1762 0.1400 3.5247 6397.27 4.00 142247 0.00 190494.313 404.246
25.1762 0.1400 3.5247 6397.95 4.00 142267 0.00 190534.922 404.316
25.1762 0.1400 3.5247 6413.00 4.00 142287 0.00 191432.047 404.387
25.1762 0.1500 3.7764 6435.70 4.00 142307 0.00 192789.656 404.462
25.1762 0.1500 3.7764 6450.92 4.00 142327 0.00 193702.719 404.538
25.1762 0.1500 3.7764 6416.43 4.00 142347 0.00 191636.813 404.613
25.1762 0.1500 3.7764 6325.78 4.00 142367 0.00 186260.344 404.689
25.1762 0.1350 3.3988 6271.56 4.00 142387 0.00 183081.094 404.757
25.1762 0.1350 3.3988 6259.13 4.00 142407 0.00 182356.094 404.825
25.1762 0.1350 3.3988 6253.26 4.00 142427 0.00 182014.125 404.893
25.1775 0.1275 3.2101 6284.04 4.00 142447 0.00 183810.484 404.957
25.1775 0.1275 3.2101 6321.78 4.00 142467 0.00 186024.906 405.021
25.1775 0.1275 3.2101 6314.46 4.00 142487 0.00 185594.484 405.085
25.1775 0.1275 3.2101 6256.52 4.00 142507 0.00 182203.969 405.149
25.1762 0.1325 3.3359 6156.37 4.00 142527 0.00 176417.766 405.216
25.1762 0.1325 3.3359 6119.95 4.00 142547 0.00 174336.578 405.283
25.1762 0.1325 3.3359 6092.61 4.00 142567 0.00 172782.188 405.350
25.1775 0.1200 3.0213 6094.46 4.00 142587 0.00 172887.500 405.410
25.1775 0.1200 3.0213 6126.83 4.00 142607 0.00 174728.422 405.470
25.1775 0.1200 3.0213 6138.11 4.00 142627 0.00 175372.516 405.531
25.1775 0.1200 3.0213 6135.60 4.00 142647 0.00 175229.063 405.591
25.1762 0.1550 3.9023 6072.87 4.00 142667 0.00 171664.781 405.669
25.1762 0.1550 3.9023 6013.83 4.00 142687 0.00 168343.031 405.747
25.1762 0.1550 3.9023 5960.07 4.00 142707 0.00 165346.484 405.825
25.1762 0.1550 3.9023 5988.02 4.00 142727 0.00 166901.266 405.903
25.1762 0.1425 3.5876 5982.65 4.00 142747 0.00 166601.844 405.975
25.1762 0.1425 3.5876 6020.47 4.00 142767 0.00 168714.859 406.047
25.1762 0.1425 3.5876 6009.01 4.00 142787 0.00 168073.359 406.119
25.1762 0.1475 3.7135 6009.62 4.00 142807 0.00 168107.031 406.193
25.1762 0.1475 3.7135 5964.81 4.00 142827 0.00 165609.578 406.267
25.1762 0.1475 3.7135 5893.91 4.00 142847 0.00 161696.094 406.341
25.1762 0.1475 3.7135 5836.01 4.00 142867 0.00 158534.688 406.416
25.1762 0.1450 3.6506 5865.10 4.00 142887 0.00 160119.344 406.489
25.1762 0.1450 3.6506 5841.69 4.00 142907 0.00 158843.578 406.562
25.1762 0.1450 3.6506 5855.94 4.00 142927 0.00 159619.625 406.635
25.1775 0.1125 2.8325 5866.82 4.00 142947 0.00 160213.281 406.691
25.1775 0.1125 2.8325 5855.94 4.00 142967 0.00 159619.625 406.748
25.1775 0.1125 2.8325 5804.95 4.00 142987 0.00 156852.016 406.805
25.1775 0.1125 2.8325 5726.28 4.00 143007 0.00 152629.391 406.861
25.1775 0.1225 3.0842 5691.52 4.00 143027 0.00 150781.844 406.923
25.1775 0.1225 3.0842 5651.85 4.00 143047 0.00 148687.094 406.985
25.1775 0.1225 3.0842 5684.51 4.00 143067 0.00 150410.672 407.046
25.1775 0.1150 2.8954 5677.52 4.00 143087 0.00 150040.828 407.104
25.1775 0.1150 2.8954 5703.42 4.00 143107 0.00 151413.156 407.162
25.1775 0.1150 2.8954 5699.63 4.00 143127 0.00 151211.875 407.220
25.1775 0.1150 2.8954 5679.67 4.00 143147 0.00 150154.453 407.278
25.1762 0.1450 3.6506 5614.30 4.00 143167 0.00 146718.016 407.351
25.1762 0.1450 3.6506 5584.51 4.00 143187 0.00 145165.359 407.424
25.1762 0.1450 3.6506 5532.50 4.00 143207 0.00 142474.125 407.497
25.1762 0.1450 3.6506 5515.21 4.00 143227 0.00 141584.938 407.570
25.1775 0.1375 3.4619 5519.27 4.00 143247 0.00 141793.422 407.639
25.1775 0.1375 3.4619 5543.75 4.00 143267 0.00 143053.891 407.709
25.1775 0.1375 3.4619 5569.48 4.00 143287 0.00 144384.875 407.778
25.1762 0.1475 3.7135 5572.07 4.00 143307 0.00 144519.000 407.852
25.1762 0.1475 3.7135 5517.24 4.00 143327 0.00 141689.141 407.926
25.1762 0.1475 3.7135 5462.99 4.00 143347 0.00 138916.250 408.001
25.1762 0.1475 3.7135 5409.30 4.00 143367 0.00 136199.453 408.075
25.1775 0.1250 3.1472 5385.03 4.00 143387 0.00 134979.797 408.138
25.1775 0.1250 3.1472 5398.60 4.00 143407 0.00 135660.797 408.201
25.1775 0.1250 3.1472 5396.17 4.00 143427 0.00 135538.766 408.264
25.1775 0.1250 3.1472 5407.35 4.00 143447 0.00 136101.266 408.327
25.1775 0.1250 3.1472 5412.23 4.00 143467 0.00 136346.906 408.390
25.1775 0.1250 3.1472 5403.94 4.00 143487 0.00 135929.719 408.453
25.1775 0.1250 3.1472 5358.10 4.00 143507 0.00 133633.125 408.516
25.1775 0.1275 3.2101 5295.68 4.00 143527 0.00 130537.508 408.580
25.1775 0.1275 3.2101 5240.63 4.00 143547 0.00 127837.992 408.644
25.1775 0.1275 3.2101 5220.57 4.00 143567 0.00 126861.023 408.708
25.1775 0.1275 3.2101 5209.69 4.00 143587 0.00 126332.891 408.772
25.1787 0.1075 2.7067 5222.39 4.00 143607 0.00 126949.391 408.826
25.1787 0.1075 2.7067 5230.13 4.00 143627 0.00 127325.945 408.881
25.1787 0.1075 2.7067 5244.76 4.00 143647 0.00 128039.219 408.935
25.1775 0.1325 3.3360 5228.76 4.00 143667 0.00 127259.344 409.001
25.1775 0.1325 3.3360 5184.48 4.00 143687 0.00 125113.219 409.068
25.1775 0.1325 3.3360 5134.35 4.00 143707 0.00 122705.289 409.135
25.1775 0.1325 3.3360 5112.91 4.00 143727 0.00 121682.711 409.202
25.1775 0.1250 3.1472 5068.85 4.00 143747 0.00 119594.664 409.265
25.1775 0.1250 3.1472 5064.15 4.00 143767 0.00 119372.664 409.328
25.1775 0.1250 3.1472 5069.71 4.00 143787 0.00 119635.078 409.390
25.1787 0.1125 2.8326 5057.32 4.00 143807 0.00 119050.922 409.447
25.1787 0.1125 2.8326 5056.04 4.00 143827 0.00 118990.727 409.504
25.1787 0.1125 2.8326 5052.63 4.00 143847 0.00 118830.461 409.560
25.1787 0.1125 2.8326 5028.92 4.00 143867 0.00 117717.586 409.617
25.1787 0.1050 2.6438 4949.68 4.00 143887 0.00 114037.195 409.670
25.1787 0.1050 2.6438 4923.28 4.00 143907 0.00 112823.984 409.723
25.1787 0.1050 2.6438 4880.43 4.00 143927 0.00 110868.641 409.776
25.1787 0.1200 3.0214 4861.45 4.00 143947 0.00 110007.930 409.836
25.1775 0.1200 3.0213 4862.63 4.00 143967 0.00 110061.430 409.897
25.1775 0.1200 3.0213 4874.48 4.00 143987 0.00 110598.594 409.957
25.1775 0.1200 3.0213 4865.79 4.00 144007 0.00 110204.266 410.017
25.1775 0.1325 3.3360 4883.21 4.00 144027 0.00 110994.984 410.084
25.1775 0.1325 3.3360 4864.21 4.00 144047 0.00 110132.844 410.151
25.1775 0.1325 3.3360 4857.12 4.00 144067 0.00 109812.086 410.218
25.1775 0.1325 3.3360 4767.58 4.00 144087 0.00 105800.703 410.284
25.1787 0.1000 2.5179 4712.17 4.00 144107 0.00 103355.492 410.335
25.1787 0.1000 2.5179 4695.57 4.00 144127 0.00 102628.805 410.385
25.1787 0.1000 2.5179 4676.17 4.00 144147 0.00 101782.719 410.435
25.1775 0.1325 3.3360 4679.82 4.00 144167 0.00 101941.563 410.502
25.1775 0.1325 3.3360 4673.63 4.00 144187 0.00 101671.750 410.569
25.1775 0.1325 3.3360 4675.08 4.00 144207 0.00 101735.156 410.636
25.1775 0.1325 3.3360 4682.01 4.00 144227 0.00 102037.031 410.702
25.1787 0.1000 2.5179 4658.39 4.00 144247 0.00 101009.766 410.753
25.1787 0.1000 2.5179 4678.00 4.00 144267 0.00 101862.070 410.803
25.1787 0.1000 2.5179 4604.40 4.00 144287 0.00 98682.359 410.853
25.1775 0.1325 3.3360 4574.22 4.00 144307 0.00 97392.625 410.920
25.1775 0.1325 3.3360 4521.48 4.00 144327 0.00 95159.742 410.987
25.1775 0.1325 3.3360 4504.17 4.00 144347 0.00 94432.492 411.053
25.1775 0.1325 3.3360 4498.09 4.00 144367 0.00 94177.805 411.120
25.1775 0.1150 2.8954 4510.60 4.00 144387 0.00 94702.445 411.178
25.1775 0.1150 2.8954 4507.89 4.00 144407 0.00 94588.625 411.236
25.1775 0.1150 2.8954 4493.71 4.00 144427 0.00 93994.508 411.294
25.1775 0.1150 2.8954 4483.30 4.00 144447 0.00 93559.555 411.352
25.1787 0.1025 2.5808 4470.61 4.00 144467 0.00 93030.477 411.403
25.1787 0.1025 2.5808 4405.93 4.00 144487 0.00 90358.367 411.455
25.1787 0.1025 2.5808 4386.93 4.00 144507 0.00 89580.469 411.507
25.1787 0.1000 2.5179 4354.14 4.00 144527 0.00 88246.320 411.557
25.1787 0.1000 2.5179 4310.96 4.00 144547 0.00 86505.039 411.607
25.1787 0.1000 2.5179 4285.10 4.00 144567 0.00 85470.242 411.658
25.1787 0.1000 2.5179 4293.69 4.00 144587 0.00 85813.078 411.708
25.1775 0.1250 3.1472 4293.07 4.00 144607 0.00 85788.539 411.771
25.1775 0.1250 3.1472 4297.38 4.00 144627 0.00 85960.688 411.834
25.1775 0.1250 3.1472 4294.92 4.00 144647 0.00 85862.258 411.897
25.1775 0.1275 3.2101 4306.63 4.00 144667 0.00 86331.273 411.961
25.1775 0.1275 3.2101 4285.10 4.00 144687 0.00 85470.242 412.025
25.1775 0.1275 3.2101 4284.18 4.00 144707 0.00 85433.625 412.090
25.1775 0.1275 3.2101 4220.89 4.00 144727 0.00 82928.008 412.154
25.1787 0.0950 2.3920 4180.31 4.00 144747 0.00 81341.031 412.202
25.1787 0.0950 2.3920 4151.67 4.00 144767 0.00 80230.438 412.249
25.1787 0.0950 2.3920 4105.93 4.00 144787 0.00 78472.281 412.297
25.1787 0.0950 2.3920 4097.80 4.00 144807 0.00 78161.766 412.345
25.1787 0.0975 2.4549 4072.77 4.00 144827 0.00 77209.656 412.394
25.1787 0.0975 2.4549 4055.97 4.00 144847 0.00 76574.211 412.443
25.1787 0.0975 2.4549 4044.76 4.00 144867 0.00 76151.500 412.492
25.1800 0.0925 2.3291 4043.40 4.00 144887 0.00 76100.195 412.539
25.1800 0.0925 2.3291 4019.29 4.00 144907 0.00 75195.500 412.586
25.1800 0.0925 2.3291 4007.21 4.00 144927 0.00 74744.172 412.632
25.1800 0.0925 2.3291 3944.51 4.00 144947 0.00 72423.500 412.679
25.1800 0.0825 2.0773 3938.30 4.00 144967 0.00 72195.508 412.720
25.1800 0.0825 2.0773 3886.77 4.00 144987 0.00 70318.445 412.762
25.1800 0.0825 2.0773 3846.40 4.00 145007 0.00 68865.477 412.803
25.1787 0.1100 2.7697 3848.87 4.00 145027 0.00 68953.844 412.859
25.1787 0.1100 2.7697 3835.09 4.00 145047 0.00 68461.109 412.914
25.1787 0.1100 2.7697 3822.39 4.00 145067 0.00 68008.273 412.970
25.1787 0.1100 2.7697 3808.07 4.00 145087 0.00 67499.898 413.025
25.1787 0.1025 2.5808 3783.58 4.00 145107 0.00 66634.367 413.077
25.1787 0.1025 2.5808 3785.97 4.00 145127 0.00 66718.484 413.128
25.1787 0.1025 2.5808 3805.90 4.00 145147 0.00 67422.852 413.180
25.1787 0.1025 2.5808 3778.81 4.00 145167 0.00 66466.602 413.231
25.1787 0.1025 2.5808 3767.19 4.00 145187 0.00 66058.266 413.283
25.1787 0.1025 2.5808 3744.62 4.00 145207 0.00 65269.070 413.335
25.1787 0.1025 2.5808 3729.02 4.00 145227 0.00 64726.629 413.386
25.1787 0.1075 2.7067 3664.35 4.00 145247 0.00 62500.789 413.440
25.1787 0.1075 2.7067 3644.98 4.00 145267 0.00 61841.875 413.495
25.1787 0.1075 2.7067 3628.01 4.00 145287 0.00 61267.348 413.549
25.1787 0.1075 2.7067 3643.43 4.00 145307 0.00 61789.305 413.603
25.1787 0.1250 3.1473 3645.86 4.00 145327 0.00 61871.938 413.666
25.1787 0.1250 3.1473 3635.48 4.00 145347 0.00 61520.043 413.729
25.1787 0.1250 3.1473 3628.01 4.00 145367 0.00 61267.348 413.792
25.1787 0.1025 2.5808 3614.46 4.00 145387 0.00 60810.547 413.843
25.1787 0.1025 2.5808 3608.81 4.00 145407 0.00 60620.500 413.895
25.1787 0.1025 2.5808 3584.02 4.00 145427 0.00 59790.516 413.946
25.1787 0.1025 2.5808 3559.77 4.00 145447 0.00 58984.445 413.998
25.1800 0.0975 2.4550 3527.54 4.00 145467 0.00 57921.191 414.047
25.1800 0.0975 2.4550 3517.21 4.00 145487 0.00 57582.160 414.096
25.1800 0.0975 2.4550 3470.21 4.00 145507 0.00 56053.797 414.145
25.1787 0.1025 2.5808 3450.06 4.00 145527 0.00 55404.625 414.197
25.1787 0.1025 2.5808 3440.56 4.00 145547 0.00 55100.043 414.249
25.1787 0.1025 2.5808 3421.34 4.00 145567 0.00 54485.945 414.300
25.1787 0.1025 2.5808 3401.75 4.00 145587 0.00 53863.719 414.352
25.1800 0.0900 2.2662 3386.00 4.00 145607 0.00 53366.363 414.397
25.1800 0.0900 2.2662 3359.84 4.00 145627 0.00 52544.758 414.443
25.1800 0.0900 2.2662 3349.52 4.00 145647 0.00 52222.590 414.488
25.1800 0.0900 2.2662 3349.71 4.00 145667 0.00 52228.426 414.533
25.1787 0.1000 2.5179 3348.77 4.00 145687 0.00 52199.277 414.584
25.1787 0.1000 2.5179 3314.18 4.00 145707 0.00 51126.488 414.634
25.1787 0.1000 2.5179 3304.69 4.00 145727 0.00 50834.055 414.684
25.1800 0.0800 2.0144 3252.91 4.00 145747 0.00 49253.570 414.725
25.1800 0.0800 2.0144 3213.88 4.00 145767 0.00 48078.719 414.765
25.1800 0.0800 2.0144 3177.97 4.00 145787 0.00 47010.090 414.805
25.1800 0.0800 2.0144 3160.56 4.00 145807 0.00 46496.430 414.845
25.1787 0.0900 2.2661 3133.32 4.00 145827 0.00 45698.602 414.891
25.1787 0.0900 2.2661 3107.04 4.00 145847 0.00 44935.082 414.936
25.1787 0.0900 2.2661 3071.10 4.00 145867 0.00 43901.496 414.981
25.1800 0.0625 1.5737 3050.49 4.00 145887 0.00 43314.227 415.013
25.1800 0.0625 1.5737 3024.35 4.00 145907 0.00 42575.086 415.044
25.1800 0.0625 1.5737 3011.44 4.00 145927 0.00 42212.590 415.076
25.1800 0.0625 1.5737 2992.22 4.00 145947 0.00 41675.395 415.107
25.1800 0.0975 2.4550 2991.77 4.00 145967 0.00 41662.926 415.156
25.1800 0.0975 2.4550 2992.97 4.00 145987 0.00 41696.184 415.205
25.1800 0.0975 2.4550 2976.78 4.00 146007 0.00 41246.426 415.255
25.1787 0.1150 2.8956 2992.52 4.00 146027 0.00 41683.707 415.312
25.1787 0.1150 2.8956 2998.80 4.00 146047 0.00 41858.891 415.370
25.1787 0.1150 2.8956 2973.39 4.00 146067 0.00 41152.461 415.428
25.1787 0.1150 2.8956 2962.38 4.00 146087 0.00 40848.242 415.486
25.1787 0.0975 2.4549 2923.55 4.00 146107 0.00 39784.445 415.535
25.1787 0.0975 2.4549 2917.44 4.00 146127 0.00 39618.262 415.584
25.1787 0.0975 2.4549 2882.12 4.00 146147 0.00 38664.914 415.633
25.1787 0.0975 2.4549 2862.60 4.00 146167 0.00 38142.793 415.683
25.1800 0.0975 2.4550 2848.06 4.00 146187 0.00 37756.320 415.732
25.1800 0.0975 2.4550 2815.84 4.00 146207 0.00 36907.074 415.781
25.1800 0.0975 2.4550 2811.09 4.00 146227 0.00 36782.684 415.830
25.1800 0.0850 2.1403 2811.09 4.00 146247 0.00 36782.684 415.873
25.1800 0.0850 2.1403 2782.93 4.00 146267 0.00 36049.363 415.916
25.1800 0.0850 2.1403 2753.18 4.00 146287 0.00 35282.637 415.958
25.1800 0.0850 2.1403 2732.99 4.00 146307 0.00 34767.039 416.001
25.1812 0.0625 1.5738 2704.53 4.00 146327 0.00 34046.789 416.033
25.1812 0.0625 1.5738 2683.96 4.00 146347 0.00 33530.941 416.064
25.1812 0.0625 1.5738 2667.14 4.00 146367 0.00 33111.934 416.096
25.1812 0.0675 1.6997 2621.23 4.00 146387 0.00 31981.838 416.130
25.1812 0.0675 1.6997 2592.13 4.00 146407 0.00 31275.602 416.164
25.1812 0.0675 1.6997 2592.13 4.00 146427 0.00 31275.602 416.198
25.1812 0.0675 1.6997 2563.99 4.00 146447 0.00 30600.336 416.232
25.1800 0.0750 1.8885 2511.62 4.00 146467 0.00 29362.912 416.269
25.1800 0.0750 1.8885 2484.99 4.00 146487 0.00 28743.568 416.307
25.1800 0.0750 1.8885 2439.42 4.00 146507 0.00 27699.125 416.345
25.1800 0.0750 1.8885 2400.86 4.00 146527 0.00 26830.439 416.383
25.1800 0.0700 1.7626 2400.86 4.00 146547 0.00 26830.439 416.418
25.1800 0.0700 1.7626 2381.14 4.00 146567 0.00 26391.430 416.453
25.1800 0.0700 1.7626 2335.81 4.00 146587 0.00 25396.178 416.488
25.1812 0.0700 1.7627 2300.26 4.00 146607 0.00 24628.996 416.524
25.1812 0.0700 1.7627 2300.26 4.00 146627 0.00 24628.996 416.559
25.1812 0.0700 1.7627 2285.71 4.00 146647 0.00 24318.482 416.594
25.1812 0.0700 1.7627 2270.83 4.00 146667 0.00 24002.898 416.629
25.1787 0.0950 2.3920 2244.42 4.00 146687 0.00 23447.668 416.677
25.1787 0.0950 2.3920 2244.42 4.00 146707 0.00 23447.668 416.725
25.1787 0.0950 2.3920 2238.39 4.00 146727 0.00 23321.875 416.773
25.1800 0.0850 2.1403 2232.06 4.00 146747 0.00 23190.184 416.816
25.1800 0.0850 2.1403 2213.21 4.00 146767 0.00 22800.059 416.859
25.1800 0.0850 2.1403 2213.21 4.00 146787 0.00 22800.059 416.901
25.1800 0.0850 2.1403 2171.95 4.00 146807 0.00 21957.887 416.944
25.1812 0.0625 1.5738 2138.50 4.00 146827 0.00 21286.908 416.976
25.1812 0.0625 1.5738 2138.50 4.00 146847 0.00 21286.908 417.007
25.1812 0.0625 1.5738 2106.45 4.00 146867 0.00 20653.475 417.039
25.1800 0.0775 1.9514 2062.49 4.00 146887 0.00 19800.574 417.078
25.1800 0.0775 1.9514 2037.70 4.00 146907 0.00 19327.336 417.117
25.1800 0.0775 1.9514 2037.70 4.00 146927 0.00 19327.336 417.156
25.1800 0.0775 1.9514 1996.41 4.00 146947 0.00 18551.990 417.195
25.1800 0.0750 1.8885 1965.86 4.00 146967 0.00 17988.609 417.232
25.1800 0.0750 1.8885 1965.86 4.00 146987 0.00 17988.609 417.270
25.1800 0.0750 1.8885 1936.61 4.00 147007 0.00 17457.264 417.308
25.1800 0.0750 1.8885 1936.61 4.00 147027 0.00 17457.264 417.346
25.1812 0.0675 1.6997 1899.52 4.00 147047 0.00 16794.936 417.380
25.1812 0.0675 1.6997 1882.47 4.00 147067 0.00 16494.881 417.414
25.1812 0.0675 1.6997 1882.47 4.00 147087 0.00 16494.881 417.448
25.1800 0.0825 2.0773 1846.32 4.00 147107 0.00 15867.502 417.489
25.1800 0.0825 2.0773 1846.32 4.00 147127 0.00 15867.502 417.531
25.1800 0.0825 2.0773 1795.49 4.00 147147 0.00 15005.833 417.572
25.1800 0.0825 2.0773 1765.69 4.00 147167 0.00 14511.848 417.614
25.1812 0.0675 1.6997 1765.69 4.00 147187 0.00 14511.848 417.648
25.1812 0.0675 1.6997 1709.69 4.00 147207 0.00 13605.964 417.682
25.1812 0.0675 1.6997 1709.69 4.00 147227 0.00 13605.964 417.716
25.1812 0.0575 1.4479 1650.44 4.00 147247 0.00 12679.165 417.745
25.1812 0.0575 1.4479 1650.44 4.00 147267 0.00 12679.165 417.774
25.1812 0.0575 1.4479 1628.05 4.00 147287 0.00 12337.461 417.803
25.1812 0.0575 1.4479 1628.05 4.00 147307 0.00 12337.461 417.832
25.1812 0.0600 1.5109 1584.33 4.00 147327 0.00 11683.730 417.862
25.1812 0.0600 1.5109 1554.65 4.00 147347 0.00 11250.076 417.892
25.1812 0.0600 1.5109 1554.65 4.00 147367 0.00 11250.076 417.922
25.1812 0.0600 1.5109 1516.95 4.00 147387 0.00 10711.153 417.953
25.1812 0.0675 1.6997 1516.95 4.00 147407 0.00 10711.153 417.987
25.1812 0.0675 1.6997 1488.87 4.00 147427 0.00 10318.262 418.021
25.1812 0.0675 1.6997 1488.87 4.00 147447 0.00 10318.262 418.055
25.1812 0.0750 1.8886 1488.87 4.00 147467 0.00 10318.262 418.092
25.1812 0.0750 1.8886 1454.65 4.00 147487 0.00 9849.412 418.130
25.1812 0.0750 1.8886 1454.65 4.00 147507 0.00 9849.412 418.168
25.1812 0.0750 1.8886 1420.49 4.00 147527 0.00 9392.209 418.206
25.1812 0.0800 2.0145 1420.49 4.00 147547 0.00 9392.209 418.246
25.1812 0.0800 2.0145 1372.34 4.00 147567 0.00 8766.271 418.286
25.1812 0.0800 2.0145 1372.34 4.00 147587 0.00 8766.271 418.327
25.1812 0.0575 1.4479 1338.30 4.00 147607 0.00 8336.802 418.356
25.1812 0.0575 1.4479 1338.30 4.00 147627 0.00 8336.802 418.384
25.1812 0.0575 1.4479 1320.54 4.00 147647 0.00 8116.989 418.413
25.1812 0.0575 1.4479 1320.54 4.00 147667 0.00 8116.989 418.442
25.1800 0.0850 2.1403 1320.54 4.00 147687 0.00 8116.989 418.485
25.1800 0.0850 2.1403 1300.02 4.00 147707 0.00 7866.748 418.528
25.1800 0.0850 2.1403 1300.02 4.00 147727 0.00 7866.748 418.571
25.1800 0.0575 1.4478 1235.28 4.00 147747 0.00 7102.695 418.600
25.1812 0.0575 1.4479 1235.28 4.00 147767 0.00 7102.695 418.629
25.1812 0.0575 1.4479 1235.28 4.00 147787 0.00 7102.695 418.658
25.1812 0.0575 1.4479 1152.23 4.00 147807 0.00 6179.736 418.687
25.1812 0.0650 1.6368 1152.23 4.00 147827 0.00 6179.736 418.719
25.1812 0.0650 1.6368 1081.49 4.00 147847 0.00 5444.247 418.752
25.1812 0.0650 1.6368 1081.49 4.00 147867 0.00 5444.247 418.785
25.1812 0.0650 1.6368 1081.49 4.00 147887 0.00 5444.247 418.818
25.1825 0.0500 1.2591 1004.49 4.00 147907 0.00 4696.573 418.843
25.1825 0.0500 1.2591 1004.49 4.00 147927 0.00 4696.573 418.868
25.1825 0.0500 1.2591 1004.49 4.00 147947 0.00 4696.573 418.893
25.1825 0.0500 1.2591 1004.49 4.00 147967 0.00 4696.573 418.918
25.1825 0.0500 1.2591 905.66 4.00 147987 0.00 3817.888 418.943
25.1825 0.0500 1.2591 905.66 4.00 148007 0.00 3817.888 418.969
25.1825 0.0500 1.2591 905.66 4.00 148027 0.00 3817.888 418.994
25.1812 0.0575 1.4479 844.01 4.00 148047 0.00 3315.814 419.023
25.1812 0.0575 1.4479 844.01 4.00 148067 0.00 3315.814 419.052
25.1812 0.0575 1.4479 844.01 4.00 148087 0.00 3315.814 419.081
25.1812 0.0600 1.5109 844.01 4.00 148107 0.00 3315.814 419.111
25.1812 0.0600 1.5109 844.01 4.00 148127 0.00 3315.814 419.141
25.1812 0.0600 1.5109 844.01 4.00 148147 0.00 3315.814 419.171
25.1812 0.0600 1.5109 844.01 4.00 148167 0.00 3315.814 419.202
25.1812 0.0450 1.1332 844.01 4.00 148187 0.00 3315.814 419.224
25.1812 0.0450 1.1332 844.01 4.00 148207 0.00 3315.814 419.247
25.1812 0.0450 1.1332 844.01 4.00 148227 0.00 3315.814 419.270
25.1812 0.0450 1.1332 844.01 4.00 148247 0.00 3315.814 419.292
25.1825 0.0500 1.2591 844.01 4.00 148267 0.00 3315.814 419.317
25.1825 0.0500 1.2591 844.01 4.00 148287 0.00 3315.814 419.343
25.1825 0.0500 1.2591 844.01 4.00 148307 0.00 3315.814 419.368
25.1825 0.0500 1.2591 844.01 4.00 148327 0.00 3315.814 419.393
25.1825 0.0500 1.2591 844.01 4.00 148347 0.00 3315.814 419.418
25.1825 0.0500 1.2591 844.01 4.00 148367 0.00 3315.814 419.443
25.1825 0.0500 1.2591 844.01 4.00 148387 0.00 3315.814 419.469
25.1825 0.0500 1.2591 844.01 4.00 148407 0.00 3315.814 419.494
25.1825 0.0500 1.2591 844.01 4.00 148427 0.00 3315.814 419.519
25.1825 0.0500 1.2591 844.01 4.00 148447 0.00 3315.814 419.544
25.1825 0.0500 1.2591 844.01 4.00 148467 0.00 3315.814 419.569
25.1825 0.0500 1.2591 844.01 4.00 148487 0.00 3315.814 419.594
25.1825 0.0500 1.2591 844.01 4.00 148507 0.00 3315.814 419.620
25.1825 0.0500 1.2591 844.01 4.00 148527 0.00 3315.814 419.645
25.1825 0.0500 1.2591 844.01 4.00 148547 0.00 3315.814 419.670
25.1825 0.0500 1.2591 844.01 4.00 148567 0.00 3315.814 419.695
25.1825 0.0500 1.2591 844.01 4.00 148587 0.00 3315.814 419.720
25.1825 0.0500 1.2591 844.01 4.00 148607 0.00 3315.814 419.746
25.1825 0.0500 1.2591 844.01 4.00 148627 0.00 3315.814 419.771
25.1825 0.0500 1.2591 844.01 4.00 148647 0.00 3315.814 419.796
25.1825 0.0500 1.2591 844.01 4.00 148667 0.00 3315.814 419.821
25.1812 0.0500 1.2591 844.01 4.00 148687 0.00 3315.814 419.846
25.1812 0.0500 1.2591 844.01 4.00 148707 0.00 3315.814 419.871
25.1812 0.0500 1.2591 844.01 4.00 148727 0.00 3315.814 419.897
25.1812 0.0500 1.2591 844.01 4.00 148747 0.00 3315.814 419.922
25.1825 0.0500 1.2591 844.01 4.00 148767 0.00 3315.814 419.947
25.1825 0.0500 1.2591 844.01 4.00 148787 0.00 3315.814 419.972
25.1825 0.0500 1.2591 844.01 4.00 148807 0.00 3315.814 419.997
25.1825 0.0500 1.2591 844.01 4.00 148827 0.00 3315.814 420.023
25.1825 0.0500 1.2591 844.01 4.00 148847 0.00 3315.814 420.048
25.1825 0.0500 1.2591 844.01 4.00 148867 0.00 3315.814 420.073
25.1825 0.0500 1.2591 844.01 4.00 148887 0.00 3315.814 420.098
25.1825 0.0500 1.2591 844.01 4.00 148907 0.00 3315.814 420.123
25.1825 0.0500 1.2591 844.01 4.00 148927 0.00 3315.814 420.148
25.1825 0.0500 1.2591 844.01 4.00 148947 0.00 3315.814 420.174
25.1825 0.0500 1.2591 844.01 4.00 148967 0.00 3315.814 420.199
25.1825 0.0500 1.2591 844.01 4.00 148987 0.00 3315.814 420.224
25.1825 0.0500 1.2591 844.01 4.00 149007 0.00 3315.814 420.249
25.1825 0.0500 1.2591 844.01 4.00 149027 0.00 3315.814 420.274
25.1825 0.0500 1.2591 844.01 4.00 149047 0.00 3315.814 420.300
25.1825 0.0500 1.2591 844.01 4.00 149067 0.00 3315.814 420.325
25.1825 0.0500 1.2591 844.01 4.00 149087 0.00 3315.814 420.350
25.1825 0.0500 1.2591 844.01 4.00 149107 0.00 3315.814 420.375
25.1825 0.0500 1.2591 844.01 4.00 149127 0.00 3315.814 420.400
25.1825 0.0500 1.2591 844.01 4.00 149147 0.00 3315.814 420.425
25.1825 0.0500 1.2591 844.01 4.00 149167 0.00 3315.814 420.451
25.1825 0.0500 1.2591 844.01 4.00 149187 0.00 3315.814 420.476
25.1825 0.0500 1.2591 844.01 4.00 149207 0.00 3315.814 420.501
25.1825 0.0500 1.2591 844.01 4.00 149227 0.00 3315.814 420.526
25.1825 0.0500 1.2591 844.01 4.00 149247 0.00 3315.814 420.551
25.1825 0.0500 1.2591 844.01 4.00 149267 0.00 3315.814 420.577
25.1825 0.0500 1.2591 844.01 4.00 149287 0.00 3315.814 420.602
25.1825 0.0500 1.2591 844.01 4.00 149307 0.00 3315.814 420.627
25.1825 0.0500 1.2591 844.01 4.00 149327 0.00 3315.814 420.652
25.1825 0.0500 1.2591 844.01 4.00 149347 0.00 3315.814 420.677
25.1825 0.0500 1.2591 844.01 4.00 149367 0.00 3315.814 420.702
25.1825 0.0500 1.2591 844.01 4.00 149387 0.00 3315.814 420.728
25.1825 0.0500 1.2591 844.01 4.00 149407 0.00 3315.814 420.753
