9.78 19.95 195.12 168.43 4.00 203582 0.00 132.04 1443.16
9.78 19.95 195.12 168.86 4.00 203592 0.00 132.73 1445.20
9.78 19.95 195.12 169.76 4.00 203602 0.00 134.15 1447.11
9.78 19.95 195.12 170.63 4.00 203612 0.00 135.51 1449.03
9.78 19.95 195.12 171.10 4.00 203622 0.00 136.26 1450.94
9.78 19.95 195.12 171.97 4.00 203632 0.00 137.66 1452.99
9.78 19.95 195.12 172.83 4.00 203642 0.00 139.03 1454.90
10.13 19.36 196.14 173.26 4.00 203652 0.00 139.73 1456.81
10.13 19.36 196.14 174.10 4.00 203662 0.00 141.09 1458.87
10.13 19.36 196.14 174.98 4.00 203672 0.00 142.51 1460.79
10.13 19.36 196.14 175.45 4.00 203682 0.00 143.28 1462.71
10.13 19.36 196.14 176.25 4.00 203692 0.00 144.60 1464.76
10.13 19.36 196.14 177.10 4.00 203702 0.00 145.99 1466.68
10.13 19.36 196.14 177.52 4.00 203712 0.00 146.69 1468.61
10.13 19.36 196.14 178.35 4.00 203722 0.00 148.06 1470.53
10.13 19.36 196.14 179.18 4.00 203732 0.00 149.45 1472.59
10.13 19.36 196.14 180.02 4.00 203742 0.00 150.85 1474.52
10.13 19.36 196.14 180.46 4.00 203752 0.00 151.59 1476.44
10.13 19.36 196.14 181.26 4.00 203762 0.00 152.93 1478.37
10.13 19.36 196.14 182.12 4.00 203772 0.00 154.39 1480.42
10.13 19.36 196.14 182.51 4.00 203782 0.00 155.05 1482.35
10.52 19.28 202.85 183.29 4.00 203792 0.00 156.38 1484.29
10.52 19.28 202.85 184.14 4.00 203802 0.00 157.83 1486.41
10.52 19.28 202.85 184.97 4.00 203812 0.00 159.25 1488.40
10.52 19.28 202.85 185.77 4.00 203822 0.00 160.64 1490.39
10.52 19.28 202.85 186.18 4.00 203832 0.00 161.34 1492.39
10.52 19.28 202.85 186.99 4.00 203842 0.00 162.76 1494.51
10.52 19.28 202.85 187.85 4.00 203852 0.00 164.25 1496.50
10.52 19.28 202.85 188.64 4.00 203862 0.00 165.64 1498.50
10.52 19.28 202.85 189.42 4.00 203872 0.00 167.00 1500.62
10.52 19.28 202.85 193.64 4.00 203882 0.00 174.54 1502.61
10.52 19.28 202.85 194.45 4.00 203892 0.00 176.01 1504.60
10.52 19.28 202.85 195.31 4.00 203902 0.00 177.56 1506.59
10.52 19.28 202.85 196.14 4.00 203912 0.00 179.06 1508.72
10.52 19.28 202.85 196.90 4.00 203922 0.00 180.46 1510.71
10.52 19.46 204.69 197.29 4.00 203932 0.00 181.17 1512.70
10.90 19.46 212.01 198.13 4.00 203942 0.00 182.72 1514.78
10.90 19.46 212.01 198.87 4.00 203952 0.00 184.10 1517.00
10.90 19.46 212.01 199.66 4.00 203962 0.00 185.56 1519.08
10.90 19.46 212.01 200.45 4.00 203972 0.00 187.03 1521.16
10.90 19.46 212.01 201.22 4.00 203982 0.00 188.46 1523.37
10.90 19.46 212.01 201.62 4.00 203992 0.00 189.21 1525.45
10.90 19.46 212.01 202.39 4.00 204002 0.00 190.66 1527.53
10.90 19.46 212.01 203.13 4.00 204012 0.00 192.06 1529.75
10.90 19.46 212.01 203.91 4.00 204022 0.00 193.54 1531.83
10.90 19.46 212.01 204.66 4.00 204032 0.00 194.97 1533.91
10.90 19.46 212.01 205.42 4.00 204042 0.00 196.41 1535.99
10.90 19.46 212.01 206.22 4.00 204052 0.00 197.95 1538.21
10.90 19.46 212.01 206.95 4.00 204062 0.00 199.35 1540.29
10.90 19.46 212.01 207.72 4.00 204072 0.00 200.85 1542.37
11.34 19.30 218.83 208.42 4.00 204082 0.00 202.20 1544.63
11.34 19.30 218.83 209.25 4.00 204092 0.00 203.81 1546.78
11.34 19.30 218.83 209.60 4.00 204102 0.00 204.50 1548.91
11.34 19.30 218.83 210.36 4.00 204112 0.00 205.97 1551.19
11.34 19.30 218.83 211.12 4.00 204122 0.00 207.46 1553.34
11.34 19.30 218.83 211.84 4.00 204132 0.00 208.89 1555.48
11.34 19.30 218.83 212.57 4.00 204142 0.00 210.33 1557.76
11.34 19.30 218.83 213.31 4.00 204152 0.00 211.79 1559.90
11.34 19.30 218.83 210.12 4.00 204162 0.00 205.51 1562.04
11.34 19.30 218.83 210.64 4.00 204172 0.00 206.52 1564.32
11.34 19.30 218.83 211.36 4.00 204182 0.00 207.94 1566.46
11.34 19.30 218.83 212.04 4.00 204192 0.00 209.29 1568.60
11.34 19.30 218.83 212.78 4.00 204202 0.00 210.73 1570.88
11.34 19.30 218.83 213.55 4.00 204212 0.00 212.28 1573.02
11.67 19.38 226.11 214.21 4.00 204222 0.00 213.59 1575.21
11.67 19.38 226.11 214.96 4.00 204232 0.00 215.08 1577.57
11.67 19.38 226.11 215.71 4.00 204242 0.00 216.58 1579.79
11.67 19.38 226.11 216.34 4.00 204252 0.00 217.85 1582.01
11.67 19.38 226.11 217.06 4.00 204262 0.00 219.30 1584.38
11.67 19.38 226.11 217.74 4.00 204272 0.00 220.68 1586.60
11.67 19.38 226.11 218.42 4.00 204282 0.00 222.07 1588.82
11.67 19.38 226.11 219.11 4.00 204292 0.00 223.47 1591.04
11.67 19.38 226.11 220.11 4.00 204302 0.00 225.51 1593.41
11.67 19.38 226.11 220.77 4.00 204312 0.00 226.86 1595.63
11.67 19.38 226.11 221.43 4.00 204322 0.00 228.22 1597.85
11.67 19.38 226.11 222.13 4.00 204332 0.00 229.68 1600.07
11.67 19.38 226.11 222.71 4.00 204342 0.00 230.88 1602.44
11.67 19.38 226.11 223.38 4.00 204352 0.00 232.27 1604.66
11.54 17.20 198.42 224.01 4.00 204362 0.00 233.58 1606.73
11.54 17.20 198.42 224.60 4.00 204372 0.00 234.81 1608.81
11.54 17.20 198.42 225.19 4.00 204382 0.00 236.05 1610.76
11.54 17.20 198.42 225.88 4.00 204392 0.00 237.49 1612.70
11.54 17.20 198.42 226.48 4.00 204402 0.00 238.76 1614.65
11.54 17.20 198.42 227.41 4.00 204412 0.00 240.71 1616.73
11.54 17.20 198.42 228.01 4.00 204422 0.00 242.00 1618.68
11.54 17.20 198.42 228.58 4.00 204432 0.00 243.20 1620.62
11.54 17.20 198.42 229.19 4.00 204442 0.00 244.50 1622.70
11.54 17.20 198.42 229.76 4.00 204452 0.00 245.72 1624.65
11.54 17.20 198.42 230.33 4.00 204462 0.00 246.94 1626.59
11.54 17.20 198.42 230.90 4.00 204472 0.00 248.17 1628.54
11.54 17.20 198.42 231.48 4.00 204482 0.00 249.42 1630.61
11.54 17.20 198.42 232.30 4.00 204492 0.00 251.19 1632.56
11.55 15.76 182.02 232.89 4.00 204502 0.00 252.46 1634.45
11.55 15.76 182.02 233.38 4.00 204512 0.00 253.52 1636.36
11.55 15.76 182.02 233.97 4.00 204522 0.00 254.80 1638.15
11.55 15.76 182.02 234.51 4.00 204532 0.00 255.99 1639.93
11.55 15.76 182.02 235.01 4.00 204542 0.00 257.07 1641.72
11.55 15.76 182.02 235.80 4.00 204552 0.00 258.82 1643.62
11.55 15.76 182.02 236.36 4.00 204562 0.00 260.03 1645.41
11.55 15.76 182.02 236.86 4.00 204572 0.00 261.14 1647.20
11.55 15.76 182.02 237.37 4.00 204582 0.00 262.26 1649.10
11.55 15.76 182.02 237.87 4.00 204592 0.00 263.38 1650.89
11.55 15.76 182.02 238.69 4.00 204602 0.00 265.20 1652.68
11.55 15.76 182.02 239.15 4.00 204612 0.00 266.23 1654.46
11.55 15.76 182.02 239.67 4.00 204622 0.00 267.37 1656.37
11.55 15.76 182.02 240.19 4.00 204632 0.00 268.53 1658.16
11.55 14.77 170.61 240.60 4.00 204642 0.00 269.46 1659.93
11.59 14.77 171.18 241.34 4.00 204652 0.00 271.10 1661.72
11.59 14.77 171.18 241.81 4.00 204662 0.00 272.17 1663.40
11.59 14.77 171.18 242.34 4.00 204672 0.00 273.36 1665.08
11.59 14.77 171.18 242.81 4.00 204682 0.00 274.43 1666.76
11.59 14.77 171.18 243.50 4.00 204692 0.00 276.00 1668.55
11.59 14.77 171.18 243.93 4.00 204702 0.00 276.97 1670.23
11.59 14.77 171.18 244.47 4.00 204712 0.00 278.19 1671.91
11.59 14.77 171.18 244.90 4.00 204722 0.00 279.17 1673.71
11.59 14.77 171.18 245.66 4.00 204732 0.00 280.90 1675.39
11.59 14.77 171.18 246.04 4.00 204742 0.00 281.77 1677.07
11.59 14.77 171.18 246.48 4.00 204752 0.00 282.77 1678.75
11.59 14.77 171.18 247.19 4.00 204762 0.00 284.41 1680.54
11.59 14.77 171.18 247.68 4.00 204772 0.00 285.55 1682.22
11.59 14.77 171.18 248.07 4.00 204782 0.00 286.45 1683.90
11.62 13.67 158.78 248.52 4.00 204792 0.00 287.47 1685.56
11.62 13.67 158.78 249.18 4.00 204802 0.00 289.02 1687.12
11.62 13.67 158.78 249.58 4.00 204812 0.00 289.93 1688.68
11.62 13.67 158.78 250.03 4.00 204822 0.00 290.98 1690.24
11.62 13.67 158.78 250.65 4.00 204832 0.00 292.42 1691.91
11.62 13.67 158.78 251.10 4.00 204842 0.00 293.48 1693.46
11.62 13.67 158.78 251.50 4.00 204852 0.00 294.41 1695.02
11.62 13.67 158.78 251.95 4.00 204862 0.00 295.48 1696.58
11.62 13.67 158.78 252.58 4.00 204872 0.00 296.96 1698.24
11.62 13.67 158.78 252.99 4.00 204882 0.00 297.91 1699.81
11.62 13.67 158.78 253.45 4.00 204892 0.00 299.00 1701.36
11.62 13.67 158.78 254.03 4.00 204902 0.00 300.37 1703.03
11.62 13.67 158.78 254.38 4.00 204912 0.00 301.19 1704.58
11.62 13.67 158.78 254.78 4.00 204922 0.00 302.16 1706.15
11.64 12.79 148.97 255.37 4.00 204932 0.00 303.55 1707.63
11.64 12.79 148.97 255.78 4.00 204942 0.00 304.53 1709.20
11.64 12.79 148.97 256.13 4.00 204952 0.00 305.37 1710.66
11.64 12.79 148.97 256.73 4.00 204962 0.00 306.78 1712.12
11.64 12.79 148.97 257.14 4.00 204972 0.00 307.78 1713.58
11.64 12.79 148.97 257.74 4.00 204982 0.00 309.21 1715.14
11.64 12.79 148.97 258.04 4.00 204992 0.00 309.93 1716.61
11.64 12.79 148.97 258.46 4.00 205002 0.00 310.94 1718.07
11.64 12.79 148.97 259.00 4.00 205012 0.00 312.24 1719.63
11.64 12.79 148.97 259.36 4.00 205022 0.00 313.12 1721.09
11.64 12.79 148.97 259.73 4.00 205032 0.00 314.00 1722.55
11.64 12.79 148.97 260.34 4.00 205042 0.00 315.47 1724.02
11.64 12.79 148.97 260.70 4.00 205052 0.00 316.36 1725.58
11.64 12.79 148.97 261.25 4.00 205062 0.00 317.70 1727.04
11.66 11.99 139.80 261.62 4.00 205072 0.00 318.60 1728.45
11.66 11.99 139.80 262.12 4.00 205082 0.00 319.80 1729.92
11.66 11.99 139.80 262.49 4.00 205092 0.00 320.71 1731.29
11.66 11.99 139.80 262.86 4.00 205102 0.00 321.62 1732.66
11.66 11.99 139.80 263.30 4.00 205112 0.00 322.69 1734.03
11.66 11.99 139.80 263.80 4.00 205122 0.00 323.91 1735.50
11.66 11.99 139.80 264.05 4.00 205132 0.00 324.53 1736.87
11.66 11.99 139.80 264.61 4.00 205142 0.00 325.92 1738.24
11.66 11.99 139.80 264.93 4.00 205152 0.00 326.70 1739.62
11.66 11.99 139.80 265.44 4.00 205162 0.00 327.95 1741.08
11.66 11.99 139.80 265.82 4.00 205172 0.00 328.89 1742.46
11.66 11.99 139.80 266.33 4.00 205182 0.00 330.16 1743.83
11.66 11.99 139.80 266.58 4.00 205192 0.00 330.79 1745.21
11.66 11.99 139.80 266.90 4.00 205202 0.00 331.58 1746.67
11.69 11.19 130.85 267.42 4.00 205212 0.00 332.86 1748.01
11.69 11.19 130.85 267.74 4.00 205222 0.00 333.67 1749.29
11.69 11.19 130.85 268.25 4.00 205232 0.00 334.96 1750.67
11.69 11.19 130.85 268.58 4.00 205242 0.00 335.77 1751.95
11.69 11.19 130.85 269.03 4.00 205252 0.00 336.90 1753.23
11.69 11.19 130.85 269.36 4.00 205262 0.00 337.72 1754.52
11.69 11.19 130.85 269.82 4.00 205272 0.00 338.87 1755.89
11.69 11.19 130.85 270.15 4.00 205282 0.00 339.70 1757.18
11.69 11.19 130.85 270.61 4.00 205292 0.00 340.85 1758.46
11.69 11.19 130.85 270.94 4.00 205302 0.00 341.69 1759.84
11.69 11.19 130.85 271.40 4.00 205312 0.00 342.86 1761.12
11.69 11.19 130.85 271.67 4.00 205322 0.00 343.53 1762.40
11.69 11.19 130.85 272.00 4.00 205332 0.00 344.37 1763.69
11.69 11.19 130.85 272.40 4.00 205342 0.00 345.38 1765.06
11.69 10.52 122.98 273.00 4.00 205352 0.00 346.91 1766.33
11.71 10.52 123.14 273.20 4.00 205362 0.00 347.42 1767.54
11.71 10.52 123.14 273.54 4.00 205372 0.00 348.28 1768.75
11.71 10.52 123.14 273.94 4.00 205382 0.00 349.31 1770.04
11.71 10.52 123.14 274.28 4.00 205392 0.00 350.17 1771.25
11.71 10.52 123.14 274.69 4.00 205402 0.00 351.21 1772.46
11.71 10.52 123.14 275.16 4.00 205412 0.00 352.43 1773.75
11.71 10.52 123.14 275.44 4.00 205422 0.00 353.13 1774.96
11.71 10.52 123.14 275.71 4.00 205432 0.00 353.83 1776.17
11.71 10.52 123.14 276.12 4.00 205442 0.00 354.89 1777.38
11.71 10.52 123.14 276.53 4.00 205452 0.00 355.95 1778.67
11.71 10.52 123.14 276.81 4.00 205462 0.00 356.66 1779.88
11.71 10.52 123.14 277.22 4.00 205472 0.00 357.73 1781.09
11.71 10.52 123.14 277.50 4.00 205482 0.00 358.44 1782.30
11.71 10.52 123.14 277.92 4.00 205492 0.00 359.52 1783.59
11.73 9.93 116.45 278.20 4.00 205502 0.00 360.24 1784.73
11.73 9.93 116.45 278.54 4.00 205512 0.00 361.14 1785.87
11.73 9.93 116.45 278.82 4.00 205522 0.00 361.87 1787.10
11.73 9.93 116.45 279.31 4.00 205532 0.00 363.14 1788.24
11.73 9.93 116.45 279.45 4.00 205542 0.00 363.51 1789.38
11.73 9.93 116.45 279.88 4.00 205552 0.00 364.61 1790.53
11.73 9.93 116.45 280.30 4.00 205562 0.00 365.71 1791.75
11.73 9.93 116.45 280.58 4.00 205572 0.00 366.45 1792.89
11.73 9.93 116.45 280.94 4.00 205582 0.00 367.38 1794.03
11.73 9.93 116.45 281.22 4.00 205592 0.00 368.12 1795.17
11.73 9.93 116.45 281.65 4.00 205602 0.00 369.24 1796.39
11.73 9.93 116.45 281.86 4.00 205612 0.00 369.81 1797.54
11.73 9.93 116.45 282.29 4.00 205622 0.00 370.93 1798.68
11.73 9.93 116.45 282.51 4.00 205632 0.00 371.50 1799.90
11.74 9.39 110.30 282.94 4.00 205642 0.00 372.64 1801.00
11.74 9.39 110.30 283.30 4.00 205652 0.00 373.59 1802.07
11.74 9.39 110.30 283.59 4.00 205662 0.00 374.35 1803.22
11.74 9.39 110.30 283.95 4.00 205672 0.00 375.31 1804.30
11.74 9.39 110.30 284.17 4.00 205682 0.00 375.88 1805.38
11.74 9.39 110.30 284.54 4.00 205692 0.00 376.85 1806.53
11.74 9.39 110.30 284.90 4.00 205702 0.00 377.81 1807.61
11.74 9.39 110.30 285.12 4.00 205712 0.00 378.40 1808.68
11.74 9.39 110.30 285.49 4.00 205722 0.00 379.37 1809.83
11.74 9.39 110.30 285.71 4.00 205732 0.00 379.95 1810.91
11.74 9.39 110.30 286.00 4.00 205742 0.00 380.74 1811.99
11.74 9.39 110.30 286.44 4.00 205752 0.00 381.92 1813.14
11.74 9.39 110.30 286.66 4.00 205762 0.00 382.51 1814.21
11.74 9.39 110.30 287.03 4.00 205772 0.00 383.50 1815.29
11.76 8.88 104.40 287.26 4.00 205782 0.00 384.09 1816.41
11.76 8.88 104.40 287.55 4.00 205792 0.00 384.89 1817.44
11.76 8.88 104.40 287.85 4.00 205802 0.00 385.69 1818.46
11.76 8.88 104.40 288.15 4.00 205812 0.00 386.49 1819.56
11.76 8.88 104.40 288.45 4.00 205822 0.00 387.29 1820.58
11.76 8.88 104.40 288.75 4.00 205832 0.00 388.09 1821.60
11.76 8.88 104.40 289.05 4.00 205842 0.00 388.90 1822.63
11.76 8.88 104.40 289.35 4.00 205852 0.00 389.71 1823.72
11.76 8.88 104.40 289.65 4.00 205862 0.00 390.53 1824.75
11.76 8.88 104.40 289.96 4.00 205872 0.00 391.34 1825.77
11.76 8.88 104.40 290.33 4.00 205882 0.00 392.37 1826.86
11.76 8.88 104.40 290.49 4.00 205892 0.00 392.78 1827.89
11.76 8.88 104.40 290.87 4.00 205902 0.00 393.80 1828.91
11.76 8.88 104.40 291.10 4.00 205912 0.00 394.42 1829.94
11.77 8.23 96.83 291.40 4.00 205922 0.00 395.25 1831.01
11.77 8.23 96.83 291.71 4.00 205932 0.00 396.08 1831.96
11.77 8.23 96.83 291.94 4.00 205942 0.00 396.71 1832.91
11.77 8.23 96.83 292.32 4.00 205952 0.00 397.75 1833.92
11.77 8.23 96.83 292.55 4.00 205962 0.00 398.38 1834.88
11.77 8.23 96.83 292.78 4.00 205972 0.00 399.01 1835.83
11.77 8.23 96.83 293.09 4.00 205982 0.00 399.85 1836.78
11.77 8.23 96.83 293.48 4.00 205992 0.00 400.91 1837.79
11.77 8.23 96.83 293.63 4.00 206002 0.00 401.33 1838.74
11.77 8.23 96.83 293.87 4.00 206012 0.00 401.97 1839.69
11.77 8.23 96.83 294.18 4.00 206022 0.00 402.82 1840.65
11.77 8.23 96.83 294.41 4.00 206032 0.00 403.46 1841.66
11.77 8.23 96.83 294.80 4.00 206042 0.00 404.53 1842.61
11.77 8.23 96.83 295.04 4.00 206052 0.00 405.18 1843.56
11.77 7.98 94.01 295.27 4.00 206062 0.00 405.83 1844.57
11.78 7.98 94.09 295.51 4.00 206072 0.00 406.47 1845.49
11.78 7.98 94.09 295.82 4.00 206082 0.00 407.34 1846.42
11.78 7.98 94.09 295.98 4.00 206092 0.00 407.77 1847.34
11.78 7.98 94.09 296.22 4.00 206102 0.00 408.43 1848.32
11.78 7.98 94.09 296.61 4.00 206112 0.00 409.52 1849.25
11.78 7.98 94.09 296.85 4.00 206122 0.00 410.17 1850.17
11.78 7.98 94.09 297.09 4.00 206132 0.00 410.83 1851.16
11.78 7.98 94.09 297.33 4.00 206142 0.00 411.49 1852.08
11.78 7.98 94.09 297.65 4.00 206152 0.00 412.37 1853.01
11.78 7.98 94.09 297.89 4.00 206162 0.00 413.04 1853.93
11.78 7.98 94.09 298.12 4.00 206172 0.00 413.70 1854.91
11.78 7.98 94.09 298.36 4.00 206182 0.00 414.37 1855.84
11.78 7.98 94.09 298.61 4.00 206192 0.00 415.04 1856.76
11.78 7.98 94.09 298.85 4.00 206202 0.00 415.71 1857.75
11.80 7.47 88.13 299.17 4.00 206212 0.00 416.60 1858.61
11.80 7.47 88.13 299.33 4.00 206222 0.00 417.05 1859.48
11.80 7.47 88.13 299.57 4.00 206232 0.00 417.73 1860.34
11.80 7.47 88.13 299.81 4.00 206242 0.00 418.40 1861.26
11.80 7.47 88.13 300.14 4.00 206252 0.00 419.31 1862.13
11.80 7.47 88.13 300.30 4.00 206262 0.00 419.76 1862.99
11.80 7.47 88.13 300.54 4.00 206272 0.00 420.44 1863.92
11.80 7.47 88.13 300.87 4.00 206282 0.00 421.36 1864.78
11.80 7.47 88.13 301.11 4.00 206292 0.00 422.04 1865.64
11.80 7.47 88.13 301.36 4.00 206302 0.00 422.73 1866.51
11.80 7.47 88.13 301.52 4.00 206312 0.00 423.19 1867.43
11.80 7.47 88.13 301.93 4.00 206322 0.00 424.34 1868.30
11.80 7.47 88.13 302.10 4.00 206332 0.00 424.80 1869.16
11.80 7.47 88.13 302.43 4.00 206342 0.00 425.73 1870.09
11.81 7.17 84.69 302.51 4.00 206352 0.00 425.96 1870.92
11.81 7.17 84.69 302.84 4.00 206362 0.00 426.89 1871.75
11.81 7.17 84.69 303.09 4.00 206372 0.00 427.59 1872.63
11.81 7.17 84.69 303.25 4.00 206382 0.00 428.05 1873.46
11.81 7.17 84.69 303.50 4.00 206392 0.00 428.75 1874.29
11.81 7.17 84.69 303.67 4.00 206402 0.00 429.22 1875.17
11.81 7.17 84.69 304.00 4.00 206412 0.00 430.16 1876.00
11.81 7.17 84.69 304.16 4.00 206422 0.00 430.63 1876.82
11.81 7.17 84.69 304.41 4.00 206432 0.00 431.34 1877.70
11.81 7.17 84.69 304.66 4.00 206442 0.00 432.05 1878.53
11.81 7.17 84.69 304.92 4.00 206452 0.00 432.76 1879.36
11.81 7.17 84.69 305.08 4.00 206462 0.00 433.24 1880.24
11.81 7.17 84.69 305.25 4.00 206472 0.00 433.72 1881.06
11.81 7.17 84.69 305.50 4.00 206482 0.00 434.43 1881.95
11.82 6.80 80.38 305.75 4.00 206492 0.00 435.15 1882.76
11.82 6.80 80.38 306.01 4.00 206502 0.00 435.87 1883.54
11.82 6.80 80.38 306.18 4.00 206512 0.00 436.35 1884.33
11.82 6.80 80.38 306.43 4.00 206522 0.00 437.07 1885.18
11.82 6.80 80.38 306.51 4.00 206532 0.00 437.31 1885.97
11.82 6.80 80.38 306.85 4.00 206542 0.00 438.28 1886.75
11.82 6.80 80.38 307.11 4.00 206552 0.00 439.01 1887.55
11.82 6.80 80.38 307.28 4.00 206562 0.00 439.49 1888.39
11.82 6.80 80.38 307.53 4.00 206572 0.00 440.22 1889.18
11.82 6.80 80.38 307.70 4.00 206582 0.00 440.71 1889.97
11.82 6.80 80.38 307.96 4.00 206592 0.00 441.44 1890.81
11.82 6.80 80.38 308.21 4.00 206602 0.00 442.18 1891.60
11.82 6.80 80.38 308.38 4.00 206612 0.00 442.67 1892.38
11.82 6.80 80.38 308.64 4.00 206622 0.00 443.41 1893.18
11.83 6.41 75.88 308.73 4.00 206632 0.00 443.65 1894.00
11.83 6.41 75.88 309.07 4.00 206642 0.00 444.64 1894.75
11.83 6.41 75.88 309.24 4.00 206652 0.00 445.14 1895.49
11.83 6.41 75.88 309.42 4.00 206662 0.00 445.63 1896.29
11.83 6.41 75.88 309.59 4.00 206672 0.00 446.13 1897.03
11.83 6.41 75.88 309.85 4.00 206682 0.00 446.88 1897.78
11.83 6.41 75.88 309.93 4.00 206692 0.00 447.13 1898.52
11.83 6.41 75.88 310.19 4.00 206702 0.00 447.87 1899.32
11.83 6.41 75.88 310.45 4.00 206712 0.00 448.63 1900.06
11.83 6.41 75.88 310.71 4.00 206722 0.00 449.38 1900.80
11.83 6.41 75.88 310.89 4.00 206732 0.00 449.88 1901.60
11.83 6.41 75.88 310.97 4.00 206742 0.00 450.13 1902.34
11.83 6.41 75.88 311.15 4.00 206752 0.00 450.64 1903.09
11.83 6.41 75.88 311.41 4.00 206762 0.00 451.40 1903.83
11.83 6.26 74.04 311.67 4.00 206772 0.00 452.16 1904.62
11.83 6.26 74.05 311.85 4.00 206782 0.00 452.66 1905.35
11.83 6.26 74.05 312.02 4.00 206792 0.00 453.17 1906.08
11.83 6.26 74.05 312.29 4.00 206802 0.00 453.94 1906.85
11.83 6.26 74.05 312.46 4.00 206812 0.00 454.45 1907.58
11.83 6.26 74.05 312.64 4.00 206822 0.00 454.96 1908.31
11.83 6.26 74.05 312.81 4.00 206832 0.00 455.47 1909.03
11.83 6.26 74.05 313.08 4.00 206842 0.00 456.24 1909.81
11.83 6.26 74.05 313.25 4.00 206852 0.00 456.76 1910.54
11.83 6.26 74.05 313.34 4.00 206862 0.00 457.01 1911.26
11.83 6.26 74.05 313.61 4.00 206872 0.00 457.79 1911.99
11.83 6.26 74.05 313.78 4.00 206882 0.00 458.31 1912.77
11.83 6.26 74.05 313.96 4.00 206892 0.00 458.82 1913.49
11.83 6.26 74.05 314.23 4.00 206902 0.00 459.60 1914.22
11.83 6.26 74.05 314.32 4.00 206912 0.00 459.86 1915.00
11.85 5.80 68.76 314.50 4.00 206922 0.00 460.38 1915.67
11.85 5.80 68.76 314.58 4.00 206932 0.00 460.64 1916.35
11.85 5.80 68.76 314.85 4.00 206942 0.00 461.43 1917.02
11.85 5.80 68.76 315.03 4.00 206952 0.00 461.95 1917.74
11.85 5.80 68.76 315.21 4.00 206962 0.00 462.48 1918.42
11.85 5.80 68.76 315.39 4.00 206972 0.00 463.00 1919.09
11.85 5.80 68.76 315.57 4.00 206982 0.00 463.53 1919.81
11.85 5.80 68.76 315.84 4.00 206992 0.00 464.32 1920.49
11.85 5.80 68.76 316.02 4.00 207002 0.00 464.85 1921.16
11.85 5.80 68.76 316.11 4.00 207012 0.00 465.11 1921.83
11.85 5.80 68.76 316.38 4.00 207022 0.00 465.91 1922.55
11.85 5.80 68.76 316.56 4.00 207032 0.00 466.44 1923.23
11.85 5.80 68.76 316.74 4.00 207042 0.00 466.97 1923.90
11.85 5.80 68.76 316.92 4.00 207052 0.00 467.50 1924.63
11.85 5.60 66.36 317.10 4.00 207062 0.00 468.04 1925.28
11.85 5.60 66.36 317.19 4.00 207072 0.00 468.30 1925.93
11.85 5.60 66.36 317.46 4.00 207082 0.00 469.11 1926.58
11.85 5.60 66.36 317.55 4.00 207092 0.00 469.37 1927.28
11.85 5.60 66.36 317.73 4.00 207102 0.00 469.91 1927.93
11.85 5.60 66.36 317.91 4.00 207112 0.00 470.45 1928.58
11.85 5.60 66.36 318.10 4.00 207122 0.00 470.99 1929.23
11.85 5.60 66.36 318.28 4.00 207132 0.00 471.53 1929.93
11.85 5.60 66.36 318.46 4.00 207142 0.00 472.07 1930.58
11.85 5.60 66.36 318.64 4.00 207152 0.00 472.61 1931.23
11.85 5.60 66.36 318.74 4.00 207162 0.00 472.88 1931.92
11.85 5.60 66.36 318.92 4.00 207172 0.00 473.42 1932.58
11.85 5.60 66.36 319.01 4.00 207182 0.00 473.70 1933.23
11.85 5.60 66.36 319.28 4.00 207192 0.00 474.51 1933.88
11.86 5.41 64.18 319.47 4.00 207202 0.00 475.06 1934.56
11.86 5.41 64.18 319.56 4.00 207212 0.00 475.33 1935.19
11.86 5.41 64.18 319.74 4.00 207222 0.00 475.88 1935.82
11.86 5.41 64.18 319.93 4.00 207232 0.00 476.43 1936.49
11.86 5.41 64.18 320.11 4.00 207242 0.00 476.98 1937.12
11.86 5.41 64.18 320.30 4.00 207252 0.00 477.53 1937.75
11.86 5.41 64.18 320.39 4.00 207262 0.00 477.80 1938.38
11.86 5.41 64.18 320.57 4.00 207272 0.00 478.36 1939.06
11.86 5.41 64.18 320.76 4.00 207282 0.00 478.91 1939.69
11.86 5.41 64.18 320.94 4.00 207292 0.00 479.46 1940.31
11.86 5.41 64.18 321.13 4.00 207302 0.00 480.02 1940.99
11.86 5.41 64.18 321.22 4.00 207312 0.00 480.29 1941.62
11.86 5.41 64.18 321.41 4.00 207322 0.00 480.85 1942.25
11.86 5.41 64.18 321.60 4.00 207332 0.00 481.41 1942.88
11.87 4.99 59.28 321.78 4.00 207342 0.00 481.96 1943.53
11.87 4.99 59.28 321.97 4.00 207352 0.00 482.52 1944.12
11.87 4.99 59.28 322.06 4.00 207362 0.00 482.80 1944.70
11.87 4.99 59.28 322.15 4.00 207372 0.00 483.08 1945.32
11.87 4.99 59.28 322.34 4.00 207382 0.00 483.64 1945.90
11.87 4.99 59.28 322.53 4.00 207392 0.00 484.20 1946.48
11.87 4.99 59.28 322.72 4.00 207402 0.00 484.77 1947.06
11.87 4.99 59.28 322.81 4.00 207412 0.00 485.05 1947.68
11.87 4.99 59.28 323.00 4.00 207422 0.00 485.61 1948.27
11.87 4.99 59.28 323.09 4.00 207432 0.00 485.90 1948.85
11.87 4.99 59.28 323.28 4.00 207442 0.00 486.46 1949.47
11.87 4.99 59.28 323.47 4.00 207452 0.00 487.03 1950.05
11.87 4.99 59.28 323.56 4.00 207462 0.00 487.31 1950.63
11.87 4.99 59.28 323.75 4.00 207472 0.00 487.88 1951.21
11.87 5.00 59.32 323.84 4.00 207482 0.00 488.16 1951.83
11.87 5.00 59.33 324.03 4.00 207492 0.00 488.73 1952.41
11.87 5.00 59.33 324.22 4.00 207502 0.00 489.30 1952.99
11.87 5.00 59.33 324.41 4.00 207512 0.00 489.88 1953.62
11.87 5.00 59.33 324.51 4.00 207522 0.00 490.16 1954.20
11.87 5.00 59.33 324.60 4.00 207532 0.00 490.45 1954.78
11.87 5.00 59.33 324.79 4.00 207542 0.00 491.02 1955.36
11.87 5.00 59.33 324.98 4.00 207552 0.00 491.60 1955.98
11.87 5.00 59.33 325.17 4.00 207562 0.00 492.17 1956.56
11.87 5.00 59.33 325.27 4.00 207572 0.00 492.46 1957.15
11.87 5.00 59.33 325.36 4.00 207582 0.00 492.75 1957.76
11.87 5.00 59.33 325.55 4.00 207592 0.00 493.33 1958.35
11.87 5.00 59.33 325.65 4.00 207602 0.00 493.62 1958.93
11.87 5.00 59.33 325.84 4.00 207612 0.00 494.20 1959.55
11.87 5.00 59.33 325.84 4.00 207622 0.00 494.20 1960.13
11.88 4.76 56.55 326.03 4.00 207632 0.00 494.78 1960.69
11.88 4.76 56.55 326.22 4.00 207642 0.00 495.36 1961.25
11.88 4.76 56.55 326.32 4.00 207652 0.00 495.65 1961.84
11.88 4.76 56.55 326.41 4.00 207662 0.00 495.94 1962.40
11.88 4.76 56.55 326.61 4.00 207672 0.00 496.52 1962.95
11.88 4.76 56.55 326.70 4.00 207682 0.00 496.81 1963.51
11.88 4.76 56.55 326.89 4.00 207692 0.00 497.40 1964.10
11.88 4.76 56.55 327.09 4.00 207702 0.00 497.99 1964.65
11.88 4.76 56.55 327.18 4.00 207712 0.00 498.28 1965.21
11.88 4.76 56.55 327.38 4.00 207722 0.00 498.87 1965.80
11.88 4.76 56.55 327.47 4.00 207732 0.00 499.16 1966.36
11.88 4.76 56.55 327.57 4.00 207742 0.00 499.45 1966.91
11.88 4.76 56.55 327.86 4.00 207752 0.00 500.34 1967.47
11.88 4.76 56.55 327.86 4.00 207762 0.00 500.34 1968.06
11.89 4.42 52.52 328.05 4.00 207772 0.00 500.93 1968.59
11.89 4.42 52.52 328.25 4.00 207782 0.00 501.52 1969.10
11.89 4.42 52.52 328.25 4.00 207792 0.00 501.52 1969.65
11.89 4.42 52.52 328.44 4.00 207802 0.00 502.12 1970.17
11.89 4.42 52.52 328.63 4.00 207812 0.00 502.71 1970.68
11.89 4.42 52.52 328.73 4.00 207822 0.00 503.01 1971.20
11.89 4.42 52.52 328.83 4.00 207832 0.00 503.30 1971.75
11.89 4.42 52.52 329.02 4.00 207842 0.00 503.90 1972.27
11.89 4.42 52.52 329.02 4.00 207852 0.00 503.90 1972.78
11.89 4.42 52.52 329.22 4.00 207862 0.00 504.50 1973.30
11.89 4.42 52.52 329.32 4.00 207872 0.00 504.80 1973.84
11.89 4.42 52.52 329.41 4.00 207882 0.00 505.10 1974.36
11.89 4.42 52.52 329.61 4.00 207892 0.00 505.70 1974.88
11.89 4.42 52.52 329.71 4.00 207902 0.00 506.00 1975.43
11.89 4.42 52.59 329.80 4.00 207912 0.00 506.30 1975.94
11.89 4.42 52.59 329.90 4.00 207922 0.00 506.60 1976.46
11.89 4.42 52.59 330.10 4.00 207932 0.00 507.20 1976.97
11.89 4.42 52.59 330.20 4.00 207942 0.00 507.50 1977.52
11.89 4.42 52.59 330.39 4.00 207952 0.00 508.11 1978.04
11.89 4.42 52.59 330.49 4.00 207962 0.00 508.41 1978.56
11.89 4.42 52.59 330.69 4.00 207972 0.00 509.01 1979.11
11.89 4.42 52.59 330.79 4.00 207982 0.00 509.32 1979.62
11.89 4.42 52.59 330.88 4.00 207992 0.00 509.62 1980.14
11.89 4.42 52.59 330.98 4.00 208002 0.00 509.92 1980.66
11.89 4.42 52.59 331.08 4.00 208012 0.00 510.23 1981.21
11.89 4.42 52.59 331.28 4.00 208022 0.00 510.84 1981.72
11.89 4.42 52.59 331.28 4.00 208032 0.00 510.84 1982.24
11.89 4.42 52.59 331.48 4.00 208042 0.00 511.45 1982.79
11.89 4.02 47.74 331.58 4.00 208052 0.00 511.75 1983.29
11.89 4.02 47.74 331.67 4.00 208062 0.00 512.06 1983.76
11.89 4.02 47.74 331.87 4.00 208072 0.00 512.67 1984.23
11.89 4.02 47.74 331.87 4.00 208082 0.00 512.67 1984.73
11.89 4.02 47.74 332.07 4.00 208092 0.00 513.28 1985.20
11.89 4.02 47.74 332.17 4.00 208102 0.00 513.59 1985.67
11.89 4.02 47.74 332.37 4.00 208112 0.00 514.20 1986.17
11.89 4.02 47.74 332.47 4.00 208122 0.00 514.51 1986.64
11.89 4.02 47.74 332.57 4.00 208132 0.00 514.82 1987.10
11.89 4.02 47.74 332.67 4.00 208142 0.00 515.13 1987.57
11.89 4.02 47.74 332.77 4.00 208152 0.00 515.44 1988.07
11.89 4.02 47.74 332.97 4.00 208162 0.00 516.05 1988.54
11.89 4.02 47.74 333.07 4.00 208172 0.00 516.36 1989.01
11.89 4.02 47.74 333.17 4.00 208182 0.00 516.67 1989.51
11.89 4.01 47.66 333.27 4.00 208192 0.00 516.98 1989.98
11.91 4.01 47.75 333.37 4.00 208202 0.00 517.29 1990.45
11.91 4.01 47.75 333.57 4.00 208212 0.00 517.91 1990.92
11.91 4.01 47.75 333.57 4.00 208222 0.00 517.91 1991.42
11.91 4.01 47.75 333.67 4.00 208232 0.00 518.23 1991.89
11.91 4.01 47.75 333.87 4.00 208242 0.00 518.85 1992.35
11.91 4.01 47.75 333.87 4.00 208252 0.00 518.85 1992.82
11.91 4.01 47.75 334.07 4.00 208262 0.00 519.47 1993.32
11.91 4.01 47.75 334.17 4.00 208272 0.00 519.79 1993.79
11.91 4.01 47.75 334.27 4.00 208282 0.00 520.10 1994.26
11.91 4.01 47.75 334.37 4.00 208292 0.00 520.41 1994.76
11.91 4.01 47.75 334.47 4.00 208302 0.00 520.72 1995.23
11.91 4.01 47.75 334.67 4.00 208312 0.00 521.35 1995.70
11.91 4.01 47.75 334.77 4.00 208322 0.00 521.67 1996.17
11.91 4.01 47.75 334.87 4.00 208332 0.00 521.98 1996.67
11.91 4.09 48.71 334.97 4.00 208342 0.00 522.30 1997.15
11.91 4.09 48.71 335.08 4.00 208352 0.00 522.61 1997.62
11.91 4.09 48.71 335.18 4.00 208362 0.00 522.93 1998.10
11.91 4.09 48.71 335.28 4.00 208372 0.00 523.24 1998.61
11.91 4.09 48.71 335.38 4.00 208382 0.00 523.56 1999.09
11.91 4.09 48.71 335.48 4.00 208392 0.00 523.87 1999.57
11.91 4.09 48.71 335.68 4.00 208402 0.00 524.51 2000.08
11.91 4.09 48.71 335.78 4.00 208412 0.00 524.82 2000.56
11.91 4.09 48.71 335.89 4.00 208422 0.00 525.14 2001.03
11.91 4.09 48.71 335.89 4.00 208432 0.00 525.14 2001.51
11.91 4.09 48.71 335.99 4.00 208442 0.00 525.46 2002.02
11.91 4.09 48.71 336.19 4.00 208452 0.00 526.10 2002.50
11.91 4.09 48.71 336.29 4.00 208462 0.00 526.41 2002.98
11.91 4.09 48.71 336.29 4.00 208472 0.00 526.41 2003.46
11.90 3.63 43.18 336.50 4.00 208482 0.00 527.05 2003.93
11.90 3.63 43.18 336.50 4.00 208492 0.00 527.05 2004.36
11.90 3.63 43.18 336.60 4.00 208502 0.00 527.37 2004.78
11.90 3.63 43.18 336.70 4.00 208512 0.00 527.69 2005.23
11.90 3.63 43.18 336.80 4.00 208522 0.00 528.01 2005.66
11.90 3.63 43.18 336.90 4.00 208532 0.00 528.33 2006.08
11.90 3.63 43.18 337.01 4.00 208542 0.00 528.65 2006.50
11.90 3.63 43.18 337.11 4.00 208552 0.00 528.97 2006.96
11.90 3.63 43.18 337.21 4.00 208562 0.00 529.29 2007.38
11.90 3.63 43.18 337.42 4.00 208572 0.00 529.94 2007.80
11.90 3.63 43.18 337.52 4.00 208582 0.00 530.26 2008.26
11.90 3.63 43.18 337.62 4.00 208592 0.00 530.58 2008.68
11.90 3.63 43.18 337.72 4.00 208602 0.00 530.90 2009.10
11.90 3.63 43.18 337.83 4.00 208612 0.00 531.23 2009.53
11.92 3.56 42.50 337.93 4.00 208622 0.00 531.55 2009.98
11.92 3.56 42.50 337.93 4.00 208632 0.00 531.55 2010.40
11.92 3.56 42.50 338.03 4.00 208642 0.00 531.87 2010.81
11.92 3.56 42.50 338.13 4.00 208652 0.00 532.20 2011.23
11.92 3.56 42.50 338.24 4.00 208662 0.00 532.52 2011.68
11.92 3.56 42.50 338.34 4.00 208672 0.00 532.85 2012.09
11.92 3.56 42.50 338.44 4.00 208682 0.00 533.17 2012.51
11.92 3.56 42.50 338.55 4.00 208692 0.00 533.49 2012.93
11.92 3.56 42.50 338.65 4.00 208702 0.00 533.82 2013.37
11.92 3.56 42.50 338.65 4.00 208712 0.00 533.82 2013.79
11.92 3.56 42.50 338.75 4.00 208722 0.00 534.15 2014.21
11.92 3.56 42.50 338.96 4.00 208732 0.00 534.80 2014.65
11.92 3.56 42.50 339.06 4.00 208742 0.00 535.12 2015.07
11.92 3.56 42.50 339.17 4.00 208752 0.00 535.45 2015.49
11.91 3.32 39.59 339.17 4.00 208762 0.00 535.45 2015.92
11.91 3.32 39.59 339.37 4.00 208772 0.00 536.11 2016.31
11.91 3.32 39.59 339.37 4.00 208782 0.00 536.11 2016.70
11.91 3.32 39.59 339.48 4.00 208792 0.00 536.43 2017.09
11.91 3.32 39.59 339.58 4.00 208802 0.00 536.76 2017.50
11.91 3.32 39.59 339.69 4.00 208812 0.00 537.09 2017.89
11.91 3.32 39.59 339.69 4.00 208822 0.00 537.09 2018.28
11.91 3.32 39.59 339.79 4.00 208832 0.00 537.42 2018.67
11.91 3.32 39.59 340.00 4.00 208842 0.00 538.08 2019.09
11.91 3.32 39.59 340.10 4.00 208852 0.00 538.41 2019.47
11.91 3.32 39.59 340.21 4.00 208862 0.00 538.73 2019.86
11.91 3.32 39.59 340.31 4.00 208872 0.00 539.07 2020.28
11.91 3.32 39.59 340.31 4.00 208882 0.00 539.07 2020.67
11.91 3.32 39.59 340.41 4.00 208892 0.00 539.40 2021.05
11.91 3.32 39.59 340.52 4.00 208902 0.00 539.73 2021.44
11.92 3.38 40.27 340.62 4.00 208912 0.00 540.06 2021.87
11.92 3.38 40.27 340.62 4.00 208922 0.00 540.06 2022.26
11.92 3.38 40.27 340.73 4.00 208932 0.00 540.39 2022.66
11.92 3.38 40.27 340.94 4.00 208942 0.00 541.05 2023.05
11.92 3.38 40.27 340.94 4.00 208952 0.00 541.05 2023.47
11.92 3.38 40.27 341.04 4.00 208962 0.00 541.38 2023.87
11.92 3.38 40.27 341.15 4.00 208972 0.00 541.72 2024.26
11.92 3.38 40.27 341.25 4.00 208982 0.00 542.05 2024.69
11.92 3.38 40.27 341.36 4.00 208992 0.00 542.38 2025.08
11.92 3.38 40.27 341.36 4.00 209002 0.00 542.38 2025.48
11.92 3.38 40.27 341.57 4.00 209012 0.00 543.05 2025.87
11.92 3.38 40.27 341.57 4.00 209022 0.00 543.05 2026.30
11.92 3.38 40.27 341.67 4.00 209032 0.00 543.38 2026.69
11.92 3.38 40.27 341.78 4.00 209042 0.00 543.72 2027.08
11.93 3.12 37.20 341.88 4.00 209052 0.00 544.05 2027.48
11.93 3.12 37.20 341.99 4.00 209062 0.00 544.39 2027.84
11.93 3.12 37.20 341.99 4.00 209072 0.00 544.39 2028.21
11.93 3.12 37.20 342.09 4.00 209082 0.00 544.72 2028.59
11.93 3.12 37.20 342.20 4.00 209092 0.00 545.06 2028.96
11.93 3.12 37.20 342.30 4.00 209102 0.00 545.39 2029.32
11.93 3.12 37.20 342.30 4.00 209112 0.00 545.39 2029.71
11.93 3.12 37.20 342.41 4.00 209122 0.00 545.73 2030.07
11.93 3.12 37.20 342.51 4.00 209132 0.00 546.07 2030.43
11.93 3.12 37.20 342.51 4.00 209142 0.00 546.07 2030.82
11.93 3.12 37.20 342.62 4.00 209152 0.00 546.40 2031.18
11.93 3.12 37.20 342.72 4.00 209162 0.00 546.74 2031.57
11.93 3.12 37.20 342.94 4.00 209172 0.00 547.42 2031.94
11.93 3.12 37.20 342.94 4.00 209182 0.00 547.42 2032.30
11.92 3.11 37.09 343.04 4.00 209192 0.00 547.75 2032.69
11.92 3.11 37.09 343.15 4.00 209202 0.00 548.09 2033.05
11.92 3.11 37.09 343.15 4.00 209212 0.00 548.09 2033.41
11.92 3.11 37.09 343.25 4.00 209222 0.00 548.43 2033.78
11.92 3.11 37.09 343.36 4.00 209232 0.00 548.77 2034.17
11.92 3.11 37.09 343.47 4.00 209242 0.00 549.11 2034.53
11.92 3.11 37.09 343.47 4.00 209252 0.00 549.11 2034.89
11.92 3.11 37.09 343.57 4.00 209262 0.00 549.45 2035.28
11.92 3.11 37.09 343.68 4.00 209272 0.00 549.79 2035.65
11.92 3.11 37.09 343.68 4.00 209282 0.00 549.79 2036.01
11.92 3.11 37.09 343.78 4.00 209292 0.00 550.13 2036.38
11.92 3.11 37.09 343.89 4.00 209302 0.00 550.47 2036.76
11.92 3.11 37.09 343.89 4.00 209312 0.00 550.47 2037.13
11.92 3.11 37.09 344.00 4.00 209322 0.00 550.81 2037.49
11.93 3.03 36.12 344.10 4.00 209332 0.00 551.15 2037.87
11.93 3.03 36.12 344.10 4.00 209342 0.00 551.15 2038.23
11.93 3.03 36.12 344.32 4.00 209352 0.00 551.84 2038.58
11.93 3.03 36.12 344.32 4.00 209362 0.00 551.84 2038.96
11.93 3.03 36.12 344.42 4.00 209372 0.00 552.18 2039.31
11.93 3.03 36.12 344.53 4.00 209382 0.00 552.52 2039.66
11.93 3.03 36.12 344.53 4.00 209392 0.00 552.52 2040.04
11.93 3.03 36.12 344.64 4.00 209402 0.00 552.86 2040.39
11.93 3.03 36.12 344.74 4.00 209412 0.00 553.21 2040.75
11.93 3.03 36.12 344.85 4.00 209422 0.00 553.55 2041.12
11.93 3.03 36.12 344.96 4.00 209432 0.00 553.89 2041.47
11.93 3.03 36.12 344.96 4.00 209442 0.00 553.89 2041.83
11.93 3.03 36.12 345.07 4.00 209452 0.00 554.24 2042.20
11.93 3.03 36.12 345.17 4.00 209462 0.00 554.58 2042.56
11.94 2.78 33.14 345.17 4.00 209472 0.00 554.58 2042.90
11.94 2.78 33.14 345.28 4.00 209482 0.00 554.93 2043.25
11.94 2.78 33.14 345.39 4.00 209492 0.00 555.27 2043.58
11.94 2.78 33.14 345.39 4.00 209502 0.00 555.27 2043.90
11.94 2.78 33.14 345.49 4.00 209512 0.00 555.62 2044.25
11.94 2.78 33.14 345.60 4.00 209522 0.00 555.96 2044.57
11.94 2.78 33.14 345.60 4.00 209532 0.00 555.96 2044.90
11.94 2.78 33.14 345.71 4.00 209542 0.00 556.31 2045.23
11.94 2.78 33.14 345.71 4.00 209552 0.00 556.31 2045.57
11.94 2.78 33.14 345.82 4.00 209562 0.00 556.66 2045.90
11.94 2.78 33.14 345.82 4.00 209572 0.00 556.66 2046.22
11.94 2.78 33.14 346.03 4.00 209582 0.00 557.35 2046.57
11.94 2.78 33.14 346.03 4.00 209592 0.00 557.35 2046.90
11.94 2.78 33.14 346.14 4.00 209602 0.00 557.70 2047.22
11.94 2.78 33.14 346.14 4.00 209612 0.00 557.70 2047.55
11.94 2.84 33.91 346.25 4.00 209622 0.00 558.04 2047.90
11.94 2.84 33.91 346.36 4.00 209632 0.00 558.39 2048.23
11.94 2.84 33.91 346.36 4.00 209642 0.00 558.39 2048.57
11.94 2.84 33.91 346.46 4.00 209652 0.00 558.74 2048.90
11.94 2.84 33.91 346.57 4.00 209662 0.00 559.09 2049.26
11.94 2.84 33.91 346.68 4.00 209672 0.00 559.44 2049.59
11.94 2.84 33.91 346.57 4.00 209682 0.00 559.09 2049.92
11.94 2.84 33.91 346.79 4.00 209692 0.00 559.79 2050.28
11.94 2.84 33.91 346.79 4.00 209702 0.00 559.79 2050.61
11.94 2.84 33.91 346.90 4.00 209712 0.00 560.14 2050.94
11.94 2.84 33.91 346.90 4.00 209722 0.00 560.14 2051.28
11.94 2.84 33.91 347.01 4.00 209732 0.00 560.49 2051.63
11.94 2.84 33.91 347.11 4.00 209742 0.00 560.84 2051.97
11.94 2.84 33.91 347.11 4.00 209752 0.00 560.84 2052.30
11.94 2.73 32.61 347.22 4.00 209762 0.00 561.19 2052.62
11.94 2.73 32.61 347.22 4.00 209772 0.00 561.19 2052.96
11.94 2.73 32.61 347.44 4.00 209782 0.00 561.89 2053.28
11.94 2.73 32.61 347.44 4.00 209792 0.00 561.89 2053.60
11.94 2.73 32.61 347.55 4.00 209802 0.00 562.24 2053.92
11.94 2.73 32.61 347.55 4.00 209812 0.00 562.24 2054.27
11.94 2.73 32.61 347.66 4.00 209822 0.00 562.59 2054.59
11.94 2.73 32.61 347.66 4.00 209832 0.00 562.59 2054.91
11.94 2.73 32.61 347.87 4.00 209842 0.00 563.30 2055.25
11.94 2.73 32.61 347.87 4.00 209852 0.00 563.30 2055.57
11.94 2.73 32.61 347.87 4.00 209862 0.00 563.30 2055.89
11.94 2.73 32.61 347.87 4.00 209872 0.00 563.30 2056.21
11.94 2.73 32.61 347.98 4.00 209882 0.00 563.65 2056.55
11.94 2.73 32.61 348.09 4.00 209892 0.00 564.00 2056.87
11.95 2.52 30.09 348.20 4.00 209902 0.00 564.36 2057.18
11.95 2.52 30.09 348.31 4.00 209912 0.00 564.71 2057.47
11.95 2.52 30.09 348.31 4.00 209922 0.00 564.71 2057.79
11.95 2.52 30.09 348.31 4.00 209932 0.00 564.71 2058.08
11.95 2.52 30.09 348.42 4.00 209942 0.00 565.07 2058.38
11.95 2.52 30.09 348.42 4.00 209952 0.00 565.07 2058.69
11.95 2.52 30.09 348.53 4.00 209962 0.00 565.42 2058.99
11.95 2.52 30.09 348.64 4.00 209972 0.00 565.77 2059.28
11.95 2.52 30.09 348.64 4.00 209982 0.00 565.77 2059.58
11.95 2.52 30.09 348.75 4.00 209992 0.00 566.13 2059.89
11.95 2.52 30.09 348.75 4.00 210002 0.00 566.13 2060.19
11.95 2.52 30.09 348.86 4.00 210012 0.00 566.49 2060.48
11.95 2.52 30.09 348.86 4.00 210022 0.00 566.49 2060.80
11.95 2.52 30.09 348.97 4.00 210032 0.00 566.84 2061.09
11.94 2.62 31.27 349.08 4.00 210042 0.00 567.20 2061.39
11.94 2.62 31.27 349.08 4.00 210052 0.00 567.20 2061.70
11.94 2.62 31.27 349.19 4.00 210062 0.00 567.55 2062.03
11.94 2.62 31.27 349.30 4.00 210072 0.00 567.91 2062.33
11.94 2.62 31.27 349.30 4.00 210082 0.00 567.91 2062.64
11.94 2.62 31.27 349.41 4.00 210092 0.00 568.27 2062.95
11.94 2.62 31.27 349.41 4.00 210102 0.00 568.27 2063.28
11.94 2.62 31.27 349.52 4.00 210112 0.00 568.63 2063.59
11.94 2.62 31.27 349.52 4.00 210122 0.00 568.63 2063.89
11.94 2.62 31.27 349.63 4.00 210132 0.00 568.98 2064.22
11.94 2.62 31.27 349.63 4.00 210142 0.00 568.98 2064.53
11.94 2.62 31.27 349.63 4.00 210152 0.00 568.98 2064.83
11.94 2.62 31.27 349.74 4.00 210162 0.00 569.34 2065.14
11.94 2.62 31.27 349.74 4.00 210172 0.00 569.34 2065.47
11.95 2.52 30.16 349.74 4.00 210182 0.00 569.34 2065.78
11.95 2.52 30.16 349.96 4.00 210192 0.00 570.06 2066.07
11.95 2.52 30.16 349.96 4.00 210202 0.00 570.06 2066.37
11.95 2.52 30.16 349.96 4.00 210212 0.00 570.06 2066.68
11.95 2.52 30.16 350.18 4.00 210222 0.00 570.78 2066.98
11.95 2.52 30.16 350.07 4.00 210232 0.00 570.42 2067.27
11.95 2.52 30.16 350.18 4.00 210242 0.00 570.78 2067.57
11.95 2.52 30.16 350.29 4.00 210252 0.00 571.14 2067.89
11.95 2.52 30.16 350.29 4.00 210262 0.00 571.14 2068.18
11.95 2.52 30.16 350.40 4.00 210272 0.00 571.50 2068.48
11.95 2.52 30.16 350.51 4.00 210282 0.00 571.86 2068.80
11.95 2.52 30.16 350.51 4.00 210292 0.00 571.86 2069.09
11.95 2.52 30.16 350.62 4.00 210302 0.00 572.22 2069.39
11.95 2.52 30.16 350.62 4.00 210312 0.00 572.22 2069.68
11.95 2.52 30.16 350.73 4.00 210322 0.00 572.58 2070.00
11.95 2.26 27.02 350.73 4.00 210332 0.00 572.58 2070.27
11.95 2.26 27.02 350.84 4.00 210342 0.00 572.94 2070.53
11.95 2.26 27.02 350.84 4.00 210352 0.00 572.94 2070.80
11.95 2.26 27.02 350.84 4.00 210362 0.00 572.94 2071.08
11.95 2.26 27.02 350.95 4.00 210372 0.00 573.30 2071.34
11.95 2.26 27.02 351.06 4.00 210382 0.00 573.67 2071.61
11.95 2.26 27.02 350.95 4.00 210392 0.00 573.30 2071.89
11.95 2.26 27.02 351.17 4.00 210402 0.00 574.03 2072.16
11.95 2.26 27.02 351.17 4.00 210412 0.00 574.03 2072.42
11.95 2.26 27.02 351.28 4.00 210422 0.00 574.39 2072.69
11.95 2.26 27.02 351.28 4.00 210432 0.00 574.39 2072.97
11.95 2.26 27.02 351.40 4.00 210442 0.00 574.76 2073.24
11.95 2.26 27.02 351.40 4.00 210452 0.00 574.76 2073.50
11.95 2.26 27.02 351.51 4.00 210462 0.00 575.12 2073.78
11.95 2.35 28.08 351.51 4.00 210472 0.00 575.12 2074.06
11.95 2.35 28.08 351.62 4.00 210482 0.00 575.48 2074.33
11.95 2.35 28.08 351.62 4.00 210492 0.00 575.48 2074.61
11.95 2.35 28.08 351.73 4.00 210502 0.00 575.85 2074.90
11.95 2.35 28.08 351.73 4.00 210512 0.00 575.85 2075.18
11.95 2.35 28.08 351.84 4.00 210522 0.00 576.21 2075.45
11.95 2.35 28.08 351.84 4.00 210532 0.00 576.21 2075.75
11.95 2.35 28.08 351.84 4.00 210542 0.00 576.21 2076.02
11.95 2.35 28.08 351.95 4.00 210552 0.00 576.58 2076.30
11.95 2.35 28.08 352.06 4.00 210562 0.00 576.94 2076.58
11.95 2.35 28.08 352.06 4.00 210572 0.00 576.94 2076.87
11.95 2.35 28.08 352.06 4.00 210582 0.00 576.94 2077.15
11.95 2.35 28.08 352.06 4.00 210592 0.00 576.94 2077.42
11.95 2.35 28.08 352.17 4.00 210602 0.00 577.31 2077.71
11.95 2.31 27.66 352.29 4.00 210612 0.00 577.68 2077.99
11.95 2.31 27.66 352.29 4.00 210622 0.00 577.68 2078.26
11.95 2.31 27.66 352.40 4.00 210632 0.00 578.04 2078.53
11.95 2.31 27.66 352.29 4.00 210642 0.00 577.68 2078.82
11.95 2.31 27.66 352.40 4.00 210652 0.00 578.04 2079.09
11.95 2.31 27.66 352.51 4.00 210662 0.00 578.41 2079.36
11.95 2.31 27.66 352.51 4.00 210672 0.00 578.41 2079.64
11.95 2.31 27.66 352.62 4.00 210682 0.00 578.78 2079.92
11.95 2.31 27.66 352.62 4.00 210692 0.00 578.78 2080.20
11.95 2.31 27.66 352.73 4.00 210702 0.00 579.14 2080.47
11.95 2.31 27.66 352.85 4.00 210712 0.00 579.51 2080.76
11.95 2.31 27.66 352.85 4.00 210722 0.00 579.51 2081.03
11.95 2.31 27.66 352.85 4.00 210732 0.00 579.51 2081.30
11.95 2.31 27.66 352.85 4.00 210742 0.00 579.51 2081.57
11.96 2.11 25.20 352.96 4.00 210752 0.00 579.88 2081.85
11.96 2.11 25.20 352.96 4.00 210762 0.00 579.88 2082.10
11.96 2.11 25.20 353.07 4.00 210772 0.00 580.25 2082.35
11.96 2.11 25.20 353.07 4.00 210782 0.00 580.25 2082.61
11.96 2.11 25.20 353.18 4.00 210792 0.00 580.62 2082.86
11.96 2.11 25.20 353.18 4.00 210802 0.00 580.62 2083.11
11.96 2.11 25.20 353.29 4.00 210812 0.00 580.99 2083.35
11.96 2.11 25.20 353.29 4.00 210822 0.00 580.99 2083.62
11.96 2.11 25.20 353.29 4.00 210832 0.00 580.99 2083.86
11.96 2.11 25.20 353.41 4.00 210842 0.00 581.36 2084.11
11.96 2.11 25.20 353.52 4.00 210852 0.00 581.73 2084.38
11.96 2.11 25.20 353.52 4.00 210862 0.00 581.73 2084.62
11.96 2.11 25.20 353.52 4.00 210872 0.00 581.73 2084.87
11.96 2.11 25.20 353.52 4.00 210882 0.00 581.73 2085.12
11.96 2.10 25.15 353.52 4.00 210892 0.00 581.73 2085.38
11.96 2.10 25.15 353.63 4.00 210902 0.00 582.10 2085.63
11.96 2.10 25.15 353.74 4.00 210912 0.00 582.47 2085.87
11.96 2.10 25.15 353.74 4.00 210922 0.00 582.47 2086.14
11.96 2.10 25.15 353.86 4.00 210932 0.00 582.84 2086.39
11.96 2.10 25.15 353.86 4.00 210942 0.00 582.84 2086.63
11.96 2.10 25.15 353.86 4.00 210952 0.00 582.84 2086.88
11.96 2.10 25.15 353.97 4.00 210962 0.00 583.21 2087.14
11.96 2.10 25.15 353.97 4.00 210972 0.00 583.21 2087.39
11.96 2.10 25.15 354.08 4.00 210982 0.00 583.58 2087.64
11.96 2.10 25.15 354.08 4.00 210992 0.00 583.58 2087.90
11.96 2.10 25.15 354.08 4.00 211002 0.00 583.58 2088.15
11.96 2.10 25.15 354.08 4.00 211012 0.00 583.58 2088.39
11.96 2.10 25.15 354.20 4.00 211022 0.00 583.95 2088.64
11.96 2.10 25.15 354.31 4.00 211032 0.00 584.33 2088.90
11.96 2.16 25.79 354.31 4.00 211042 0.00 584.33 2089.16
11.96 2.16 25.79 354.42 4.00 211052 0.00 584.70 2089.41
11.96 2.16 25.79 354.42 4.00 211062 0.00 584.70 2089.66
11.96 2.16 25.79 354.53 4.00 211072 0.00 585.07 2089.93
11.96 2.16 25.79 354.53 4.00 211082 0.00 585.07 2090.18
11.96 2.16 25.79 354.65 4.00 211092 0.00 585.45 2090.44
11.96 2.16 25.79 354.53 4.00 211102 0.00 585.07 2090.71
11.96 2.16 25.79 354.65 4.00 211112 0.00 585.45 2090.96
11.96 2.16 25.79 354.65 4.00 211122 0.00 585.45 2091.21
11.96 2.16 25.79 354.65 4.00 211132 0.00 585.45 2091.47
11.96 2.16 25.79 354.76 4.00 211142 0.00 585.82 2091.74
11.96 2.16 25.79 354.76 4.00 211152 0.00 585.82 2091.99
11.96 2.16 25.79 354.87 4.00 211162 0.00 586.19 2092.25
11.96 2.16 25.79 354.87 4.00 211172 0.00 586.19 2092.52
11.96 2.01 24.01 354.87 4.00 211182 0.00 586.19 2092.76
11.96 2.01 24.01 354.87 4.00 211192 0.00 586.19 2092.99
11.96 2.01 24.01 354.99 4.00 211202 0.00 586.57 2093.23
11.96 2.01 24.01 354.99 4.00 211212 0.00 586.57 2093.48
11.96 2.01 24.01 355.10 4.00 211222 0.00 586.94 2093.71
11.96 2.01 24.01 355.10 4.00 211232 0.00 586.94 2093.95
11.96 2.01 24.01 355.10 4.00 211242 0.00 586.94 2094.20
11.96 2.01 24.01 355.21 4.00 211252 0.00 587.32 2094.44
11.96 2.01 24.01 355.33 4.00 211262 0.00 587.69 2094.67
11.96 2.01 24.01 355.33 4.00 211272 0.00 587.69 2094.91
11.96 2.01 24.01 355.33 4.00 211282 0.00 587.69 2095.16
11.96 2.01 24.01 355.44 4.00 211292 0.00 588.07 2095.39
11.96 2.01 24.01 355.56 4.00 211302 0.00 588.45 2095.63
11.96 2.01 24.01 355.44 4.00 211312 0.00 588.07 2095.88
11.97 1.86 22.25 355.56 4.00 211322 0.00 588.45 2096.11
11.97 1.86 22.25 355.56 4.00 211332 0.00 588.45 2096.32
11.97 1.86 22.25 355.56 4.00 211342 0.00 588.45 2096.54
11.97 1.86 22.25 355.67 4.00 211352 0.00 588.82 2096.77
11.97 1.86 22.25 355.67 4.00 211362 0.00 588.82 2096.99
11.97 1.86 22.25 355.67 4.00 211372 0.00 588.82 2097.21
11.97 1.86 22.25 355.67 4.00 211382 0.00 588.82 2097.43
11.97 1.86 22.25 355.90 4.00 211392 0.00 589.58 2097.66
11.97 1.86 22.25 355.78 4.00 211402 0.00 589.20 2097.88
11.97 1.86 22.25 355.78 4.00 211412 0.00 589.20 2098.10
11.97 1.86 22.25 355.90 4.00 211422 0.00 589.58 2098.33
11.97 1.86 22.25 355.90 4.00 211432 0.00 589.58 2098.55
11.97 1.86 22.25 355.90 4.00 211442 0.00 589.58 2098.77
11.97 1.86 22.25 356.01 4.00 211452 0.00 589.96 2098.99
11.96 1.97 23.58 356.13 4.00 211462 0.00 590.33 2099.23
11.96 1.97 23.58 356.01 4.00 211472 0.00 589.96 2099.46
11.96 1.97 23.58 356.24 4.00 211482 0.00 590.71 2099.69
11.96 1.97 23.58 356.24 4.00 211492 0.00 590.71 2099.92
11.96 1.97 23.58 356.24 4.00 211502 0.00 590.71 2100.17
11.96 1.97 23.58 356.24 4.00 211512 0.00 590.71 2100.40
11.96 1.97 23.58 356.35 4.00 211522 0.00 591.09 2100.63
11.96 1.97 23.58 356.35 4.00 211532 0.00 591.09 2100.88
11.96 1.97 23.58 356.35 4.00 211542 0.00 591.09 2101.11
11.96 1.97 23.58 356.47 4.00 211552 0.00 591.47 2101.34
11.96 1.97 23.58 356.35 4.00 211562 0.00 591.09 2101.57
11.96 1.97 23.58 356.58 4.00 211572 0.00 591.85 2101.82
11.96 1.97 23.58 356.47 4.00 211582 0.00 591.47 2102.05
11.96 1.97 23.58 356.58 4.00 211592 0.00 591.85 2102.28
11.96 1.92 23.02 356.58 4.00 211602 0.00 591.85 2102.51
11.96 1.92 23.03 356.58 4.00 211612 0.00 591.85 2102.76
11.96 1.92 23.03 356.58 4.00 211622 0.00 591.85 2102.98
11.96 1.92 23.03 356.70 4.00 211632 0.00 592.23 2103.21
11.96 1.92 23.03 356.70 4.00 211642 0.00 592.23 2103.45
11.96 1.92 23.03 356.81 4.00 211652 0.00 592.61 2103.68
11.96 1.92 23.03 356.93 4.00 211662 0.00 592.99 2103.90
11.96 1.92 23.03 356.81 4.00 211672 0.00 592.61 2104.13
11.96 1.92 23.03 356.93 4.00 211682 0.00 592.99 2104.37
11.96 1.92 23.03 356.93 4.00 211692 0.00 592.99 2104.59
11.96 1.92 23.03 356.93 4.00 211702 0.00 592.99 2104.82
11.96 1.92 23.03 357.04 4.00 211712 0.00 593.37 2105.06
11.96 1.92 23.03 357.04 4.00 211722 0.00 593.37 2105.29
11.96 1.92 23.03 357.04 4.00 211732 0.00 593.37 2105.51
11.96 1.92 23.03 357.16 4.00 211742 0.00 593.76 2105.74
11.97 1.69 20.24 357.16 4.00 211752 0.00 593.76 2105.95
11.97 1.69 20.24 357.16 4.00 211762 0.00 593.76 2106.15
11.97 1.69 20.24 357.27 4.00 211772 0.00 594.14 2106.35
11.97 1.69 20.24 357.27 4.00 211782 0.00 594.14 2106.55
11.97 1.69 20.24 357.27 4.00 211792 0.00 594.14 2106.76
11.97 1.69 20.24 357.27 4.00 211802 0.00 594.14 2106.96
11.97 1.69 20.24 357.39 4.00 211812 0.00 594.52 2107.16
11.97 1.69 20.24 357.50 4.00 211822 0.00 594.90 2107.37
11.97 1.69 20.24 357.39 4.00 211832 0.00 594.52 2107.57
11.97 1.69 20.24 357.50 4.00 211842 0.00 594.90 2107.77
11.97 1.69 20.24 357.39 4.00 211852 0.00 594.52 2107.97
11.97 1.69 20.24 357.50 4.00 211862 0.00 594.90 2108.18
11.97 1.69 20.24 357.62 4.00 211872 0.00 595.29 2108.38
11.97 1.69 20.24 357.62 4.00 211882 0.00 595.29 2108.58
11.97 1.81 21.62 357.62 4.00 211892 0.00 595.29 2108.78
11.97 1.81 21.62 357.62 4.00 211902 0.00 595.29 2109.01
11.97 1.81 21.62 357.85 4.00 211912 0.00 596.05 2109.22
11.97 1.81 21.62 357.73 4.00 211922 0.00 595.67 2109.44
11.97 1.81 21.62 357.85 4.00 211932 0.00 596.05 2109.66
11.97 1.81 21.62 357.85 4.00 211942 0.00 596.05 2109.87
11.97 1.81 21.62 357.85 4.00 211952 0.00 596.05 2110.09
11.97 1.81 21.62 357.85 4.00 211962 0.00 596.05 2110.30
11.97 1.81 21.62 357.96 4.00 211972 0.00 596.44 2110.52
11.97 1.81 21.62 357.96 4.00 211982 0.00 596.44 2110.74
11.97 1.81 21.62 357.96 4.00 211992 0.00 596.44 2110.95
11.97 1.81 21.62 357.96 4.00 212002 0.00 596.44 2111.18
11.97 1.81 21.62 358.08 4.00 212012 0.00 596.82 2111.39
11.97 1.81 21.62 358.08 4.00 212022 0.00 596.82 2111.60
11.97 1.80 21.59 358.08 4.00 212032 0.00 596.82 2111.81
11.97 1.80 21.59 358.19 4.00 212042 0.00 597.21 2112.04
11.97 1.80 21.59 358.19 4.00 212052 0.00 597.21 2112.25
11.97 1.80 21.59 358.19 4.00 212062 0.00 597.21 2112.46
11.97 1.80 21.59 358.31 4.00 212072 0.00 597.59 2112.67
11.97 1.80 21.59 358.31 4.00 212082 0.00 597.59 2112.90
11.97 1.80 21.59 358.31 4.00 212092 0.00 597.59 2113.11
11.97 1.80 21.59 358.42 4.00 212102 0.00 597.98 2113.33
11.97 1.80 21.59 358.42 4.00 212112 0.00 597.98 2113.55
11.97 1.80 21.59 358.54 4.00 212122 0.00 598.36 2113.76
11.97 1.80 21.59 358.42 4.00 212132 0.00 597.98 2113.97
11.97 1.80 21.59 358.42 4.00 212142 0.00 597.98 2114.19
11.97 1.80 21.59 358.42 4.00 212152 0.00 597.98 2114.41
11.97 1.80 21.59 358.54 4.00 212162 0.00 598.36 2114.62
11.97 1.63 19.58 358.54 4.00 212172 0.00 598.36 2114.83
11.97 1.63 19.58 358.65 4.00 212182 0.00 598.75 2115.03
11.97 1.63 19.58 358.65 4.00 212192 0.00 598.75 2115.22
11.97 1.63 19.58 358.65 4.00 212202 0.00 598.75 2115.42
11.97 1.63 19.58 358.65 4.00 212212 0.00 598.75 2115.62
11.97 1.63 19.58 358.65 4.00 212222 0.00 598.75 2115.81
11.97 1.63 19.58 358.77 4.00 212232 0.00 599.14 2116.00
11.97 1.63 19.58 358.77 4.00 212242 0.00 599.14 2116.21
11.97 1.63 19.58 358.89 4.00 212252 0.00 599.52 2116.40
11.97 1.63 19.58 358.89 4.00 212262 0.00 599.52 2116.59
11.97 1.63 19.58 358.89 4.00 212272 0.00 599.52 2116.79
11.97 1.63 19.58 358.89 4.00 212282 0.00 599.52 2116.99
11.97 1.63 19.58 359.00 4.00 212292 0.00 599.91 2117.18
11.97 1.63 19.58 359.00 4.00 212302 0.00 599.91 2117.38
11.97 1.59 19.00 359.00 4.00 212312 0.00 599.91 2117.57
11.97 1.59 19.01 359.00 4.00 212322 0.00 599.91 2117.76
11.97 1.59 19.01 359.00 4.00 212332 0.00 599.91 2117.96
11.97 1.59 19.01 359.12 4.00 212342 0.00 600.30 2118.14
11.97 1.59 19.01 359.12 4.00 212352 0.00 600.30 2118.33
11.97 1.59 19.01 359.12 4.00 212362 0.00 600.30 2118.53
11.97 1.59 19.01 359.12 4.00 212372 0.00 600.30 2118.72
11.97 1.59 19.01 359.12 4.00 212382 0.00 600.30 2118.90
11.97 1.59 19.01 359.23 4.00 212392 0.00 600.69 2119.09
11.97 1.59 19.01 359.35 4.00 212402 0.00 601.08 2119.29
11.97 1.59 19.01 359.23 4.00 212412 0.00 600.69 2119.47
11.97 1.59 19.01 359.23 4.00 212422 0.00 600.69 2119.66
11.97 1.59 19.01 359.23 4.00 212432 0.00 600.69 2119.86
11.97 1.59 19.01 359.35 4.00 212442 0.00 601.08 2120.05
11.97 1.59 19.01 359.35 4.00 212452 0.00 601.08 2120.23
11.97 1.68 20.10 359.47 4.00 212462 0.00 601.46 2120.43
11.97 1.68 20.10 359.47 4.00 212472 0.00 601.46 2120.64
11.97 1.68 20.10 359.58 4.00 212482 0.00 601.85 2120.84
11.97 1.68 20.10 359.47 4.00 212492 0.00 601.46 2121.03
11.97 1.68 20.10 359.47 4.00 212502 0.00 601.46 2121.24
11.97 1.68 20.10 359.58 4.00 212512 0.00 601.85 2121.44
11.97 1.68 20.10 359.70 4.00 212522 0.00 602.24 2121.64
11.97 1.68 20.10 359.58 4.00 212532 0.00 601.85 2121.84
11.97 1.68 20.10 359.58 4.00 212542 0.00 601.85 2122.05
11.97 1.68 20.10 359.70 4.00 212552 0.00 602.24 2122.24
11.97 1.68 20.10 359.70 4.00 212562 0.00 602.24 2122.44
11.97 1.68 20.10 359.70 4.00 212572 0.00 602.24 2122.65
11.97 1.68 20.10 359.70 4.00 212582 0.00 602.24 2122.85
11.97 1.68 20.10 359.70 4.00 212592 0.00 602.24 2123.05
11.97 1.63 19.48 359.82 4.00 212602 0.00 602.63 2123.24
11.97 1.63 19.48 359.82 4.00 212612 0.00 602.63 2123.44
11.97 1.63 19.48 359.82 4.00 212622 0.00 602.63 2123.63
11.97 1.63 19.48 359.82 4.00 212632 0.00 602.63 2123.83
11.97 1.63 19.48 359.93 4.00 212642 0.00 603.02 2124.03
11.97 1.63 19.48 359.93 4.00 212652 0.00 603.02 2124.22
11.97 1.63 19.48 360.05 4.00 212662 0.00 603.41 2124.41
11.97 1.63 19.48 360.05 4.00 212672 0.00 603.41 2124.60
11.97 1.63 19.48 360.05 4.00 212682 0.00 603.41 2124.81
11.97 1.63 19.48 360.17 4.00 212692 0.00 603.81 2125.00
11.97 1.63 19.48 360.05 4.00 212702 0.00 603.41 2125.19
11.97 1.63 19.48 360.17 4.00 212712 0.00 603.81 2125.39
11.97 1.63 19.48 360.28 4.00 212722 0.00 604.20 2125.59
11.97 1.63 19.48 360.17 4.00 212732 0.00 603.81 2125.78
11.98 1.42 17.07 360.17 4.00 212742 0.00 603.81 2125.96
11.98 1.42 17.07 360.28 4.00 212752 0.00 604.20 2126.13
11.98 1.42 17.07 360.28 4.00 212762 0.00 604.20 2126.30
11.98 1.42 17.07 360.28 4.00 212772 0.00 604.20 2126.47
11.98 1.42 17.07 360.28 4.00 212782 0.00 604.20 2126.65
11.98 1.42 17.07 360.28 4.00 212792 0.00 604.20 2126.81
11.98 1.42 17.07 360.28 4.00 212802 0.00 604.20 2126.98
11.98 1.42 17.07 360.40 4.00 212812 0.00 604.59 2127.15
11.98 1.42 17.07 360.40 4.00 212822 0.00 604.59 2127.33
11.98 1.42 17.07 360.40 4.00 212832 0.00 604.59 2127.50
11.98 1.42 17.07 360.52 4.00 212842 0.00 604.98 2127.66
11.98 1.42 17.07 360.52 4.00 212852 0.00 604.98 2127.83
11.98 1.42 17.07 360.40 4.00 212862 0.00 604.59 2128.01
11.98 1.42 17.07 360.52 4.00 212872 0.00 604.98 2128.18
11.98 1.57 18.82 360.52 4.00 212882 0.00 604.98 2128.35
11.98 1.57 18.82 360.52 4.00 212892 0.00 604.98 2128.55
11.98 1.57 18.82 360.75 4.00 212902 0.00 605.77 2128.73
11.98 1.57 18.82 360.63 4.00 212912 0.00 605.37 2128.92
11.98 1.57 18.82 360.63 4.00 212922 0.00 605.37 2129.10
11.98 1.57 18.82 360.63 4.00 212932 0.00 605.37 2129.30
11.98 1.57 18.82 360.75 4.00 212942 0.00 605.77 2129.49
11.98 1.57 18.82 360.75 4.00 212952 0.00 605.77 2129.67
11.98 1.57 18.82 360.75 4.00 212962 0.00 605.77 2129.85
11.98 1.57 18.82 360.87 4.00 212972 0.00 606.16 2130.05
11.98 1.57 18.82 360.75 4.00 212982 0.00 605.77 2130.24
11.98 1.57 18.82 360.75 4.00 212992 0.00 605.77 2130.42
11.98 1.57 18.82 360.87 4.00 213002 0.00 606.16 2130.62
11.98 1.57 18.82 360.87 4.00 213012 0.00 606.16 2130.80
11.98 1.55 18.59 360.98 4.00 213022 0.00 606.56 2130.99
11.98 1.55 18.59 360.87 4.00 213032 0.00 606.16 2131.17
11.98 1.55 18.59 360.87 4.00 213042 0.00 606.16 2131.37
11.98 1.55 18.59 360.98 4.00 213052 0.00 606.56 2131.55
11.98 1.55 18.59 360.98 4.00 213062 0.00 606.56 2131.73
11.98 1.55 18.59 361.10 4.00 213072 0.00 606.95 2131.91
11.98 1.55 18.59 360.98 4.00 213082 0.00 606.56 2132.11
11.98 1.55 18.59 361.10 4.00 213092 0.00 606.95 2132.29
11.98 1.55 18.59 361.10 4.00 213102 0.00 606.95 2132.47
11.98 1.55 18.59 361.10 4.00 213112 0.00 606.95 2132.67
11.98 1.55 18.59 361.10 4.00 213122 0.00 606.95 2132.85
11.98 1.55 18.59 361.10 4.00 213132 0.00 606.95 2133.03
11.98 1.55 18.59 361.10 4.00 213142 0.00 606.95 2133.22
11.98 1.55 18.59 361.22 4.00 213152 0.00 607.34 2133.41
11.98 1.55 18.59 361.22 4.00 213162 0.00 607.34 2133.59
11.98 1.37 16.44 361.22 4.00 213172 0.00 607.34 2133.75
11.98 1.37 16.44 361.34 4.00 213182 0.00 607.74 2133.92
11.98 1.37 16.44 361.34 4.00 213192 0.00 607.74 2134.09
11.98 1.37 16.44 361.34 4.00 213202 0.00 607.74 2134.25
11.98 1.37 16.44 361.34 4.00 213212 0.00 607.74 2134.41
11.98 1.37 16.44 361.34 4.00 213222 0.00 607.74 2134.58
11.98 1.37 16.44 361.45 4.00 213232 0.00 608.13 2134.75
11.98 1.37 16.44 361.45 4.00 213242 0.00 608.13 2134.91
11.98 1.37 16.44 361.45 4.00 213252 0.00 608.13 2135.07
11.98 1.37 16.44 361.45 4.00 213262 0.00 608.13 2135.24
11.98 1.37 16.44 361.45 4.00 213272 0.00 608.13 2135.40
11.98 1.37 16.44 361.57 4.00 213282 0.00 608.53 2135.56
11.98 1.37 16.44 361.57 4.00 213292 0.00 608.53 2135.73
11.98 1.37 16.44 361.57 4.00 213302 0.00 608.53 2135.90
11.98 1.39 16.65 361.57 4.00 213312 0.00 608.53 2136.06
11.98 1.39 16.65 361.69 4.00 213322 0.00 608.93 2136.22
11.98 1.39 16.65 361.57 4.00 213332 0.00 608.53 2136.39
11.98 1.39 16.65 361.69 4.00 213342 0.00 608.93 2136.56
11.98 1.39 16.65 361.69 4.00 213352 0.00 608.93 2136.73
11.98 1.39 16.65 361.57 4.00 213362 0.00 608.53 2136.89
11.98 1.39 16.65 361.69 4.00 213372 0.00 608.93 2137.05
11.98 1.39 16.65 361.69 4.00 213382 0.00 608.93 2137.23
11.98 1.39 16.65 361.69 4.00 213392 0.00 608.93 2137.39
11.98 1.39 16.65 361.81 4.00 213402 0.00 609.32 2137.56
11.98 1.39 16.65 361.81 4.00 213412 0.00 609.32 2137.73
11.98 1.39 16.65 361.81 4.00 213422 0.00 609.32 2137.89
11.98 1.39 16.65 361.81 4.00 213432 0.00 609.32 2138.06
11.98 1.39 16.65 361.81 4.00 213442 0.00 609.32 2138.22
11.98 1.35 16.22 361.93 4.00 213452 0.00 609.72 2138.39
11.98 1.35 16.22 361.81 4.00 213462 0.00 609.32 2138.55
11.98 1.35 16.22 361.93 4.00 213472 0.00 609.72 2138.71
11.98 1.35 16.22 361.81 4.00 213482 0.00 609.32 2138.87
11.98 1.35 16.22 361.93 4.00 213492 0.00 609.72 2139.04
11.98 1.35 16.22 361.81 4.00 213502 0.00 609.32 2139.20
11.98 1.35 16.22 361.93 4.00 213512 0.00 609.72 2139.36
11.98 1.35 16.22 362.04 4.00 213522 0.00 610.12 2139.53
11.98 1.35 16.22 361.93 4.00 213532 0.00 609.72 2139.69
11.98 1.35 16.22 361.93 4.00 213542 0.00 609.72 2139.85
11.98 1.35 16.22 361.93 4.00 213552 0.00 609.72 2140.01
11.98 1.35 16.22 361.93 4.00 213562 0.00 609.72 2140.18
11.98 1.35 16.22 361.93 4.00 213572 0.00 609.72 2140.34
11.98 1.35 16.22 361.81 4.00 213582 0.00 609.32 2140.50
12.02 0.09 1.06 361.93 4.00 213592 0.00 609.72 2140.62
12.02 0.09 1.06 361.81 4.00 213602 0.00 609.32 2140.63
12.02 0.09 1.06 361.81 4.00 213612 0.00 609.32 2140.64
12.02 0.09 1.06 361.81 4.00 213622 0.00 609.32 2140.65
12.02 0.09 1.06 361.69 4.00 213632 0.00 608.93 2140.66
12.02 0.09 1.06 361.69 4.00 213642 0.00 608.93 2140.67
12.02 0.09 1.06 361.69 4.00 213652 0.00 608.93 2140.68
12.02 0.09 1.06 361.69 4.00 213662 0.00 608.93 2140.69
12.02 0.09 1.06 361.57 4.00 213672 0.00 608.53 2140.70
12.02 0.09 1.06 361.69 4.00 213682 0.00 608.93 2140.71
12.02 0.09 1.06 361.69 4.00 213692 0.00 608.93 2140.72
12.02 0.09 1.06 361.69 4.00 213702 0.00 608.93 2140.73
12.02 0.09 1.06 361.57 4.00 213712 0.00 608.53 2140.74
12.02 0.09 1.06 361.45 4.00 213722 0.00 608.13 2140.75
12.02 0.04 0.51 361.45 4.00 213732 0.00 608.13 2140.76
12.02 0.04 0.51 361.45 4.00 213742 0.00 608.13 2140.77
12.02 0.04 0.51 361.57 4.00 213752 0.00 608.53 2140.77
12.02 0.04 0.51 361.45 4.00 213762 0.00 608.13 2140.78
12.02 0.04 0.51 361.34 4.00 213772 0.00 607.74 2140.78
12.02 0.04 0.51 361.34 4.00 213782 0.00 607.74 2140.79
12.02 0.04 0.51 361.34 4.00 213792 0.00 607.74 2140.79
12.02 0.04 0.51 361.34 4.00 213802 0.00 607.74 2140.80
12.02 0.04 0.51 361.34 4.00 213812 0.00 607.74 2140.80
12.02 0.04 0.51 361.34 4.00 213822 0.00 607.74 2140.81
12.02 0.04 0.51 361.22 4.00 213832 0.00 607.34 2140.81
12.02 0.04 0.51 361.22 4.00 213842 0.00 607.34 2140.82
12.02 0.04 0.51 361.22 4.00 213852 0.00 607.34 2140.82
12.02 0.04 0.51 361.22 4.00 213862 0.00 607.34 2140.83
12.02 0.04 0.51 361.22 4.00 213872 0.00 607.34 2140.84
12.02 0.04 0.45 361.22 4.00 213882 0.00 607.34 2140.84
12.02 0.04 0.45 361.22 4.00 213892 0.00 607.34 2140.84
12.02 0.04 0.45 360.98 4.00 213902 0.00 606.56 2140.85
12.02 0.04 0.45 361.10 4.00 213912 0.00 606.95 2140.85
12.02 0.04 0.45 360.98 4.00 213922 0.00 606.56 2140.86
12.02 0.04 0.45 360.98 4.00 213932 0.00 606.56 2140.86
12.02 0.04 0.45 360.98 4.00 213942 0.00 606.56 2140.87
12.02 0.04 0.45 360.98 4.00 213952 0.00 606.56 2140.87
12.02 0.04 0.45 360.87 4.00 213962 0.00 606.16 2140.88
12.02 0.04 0.45 360.87 4.00 213972 0.00 606.16 2140.88
12.02 0.04 0.45 360.87 4.00 213982 0.00 606.16 2140.88
12.02 0.04 0.45 360.87 4.00 213992 0.00 606.16 2140.89
12.02 0.04 0.45 360.87 4.00 214002 0.00 606.16 2140.89
12.02 0.04 0.45 360.87 4.00 214012 0.00 606.16 2140.90
12.02 0.04 0.45 360.75 4.00 214022 0.00 605.77 2140.90
12.02 0.04 0.45 360.63 4.00 214032 0.00 605.37 2140.91
12.02 0.04 0.45 360.63 4.00 214042 0.00 605.37 2140.91
12.02 0.04 0.45 360.63 4.00 214052 0.00 605.37 2140.92
12.02 0.04 0.45 360.63 4.00 214062 0.00 605.37 2140.92
12.02 0.04 0.45 360.63 4.00 214072 0.00 605.37 2140.93
12.02 0.04 0.45 360.63 4.00 214082 0.00 605.37 2140.93
12.02 0.04 0.45 360.63 4.00 214092 0.00 605.37 2140.93
12.02 0.04 0.45 360.52 4.00 214102 0.00 604.98 2140.94
12.02 0.04 0.45 360.63 4.00 214112 0.00 605.37 2140.94
12.02 0.04 0.45 360.52 4.00 214122 0.00 604.98 2140.95
12.02 0.04 0.45 360.52 4.00 214132 0.00 604.98 2140.95
12.02 0.04 0.45 360.40 4.00 214142 0.00 604.59 2140.96
12.02 0.04 0.45 360.40 4.00 214152 0.00 604.59 2140.96
12.02 0.04 0.45 360.40 4.00 214162 0.00 604.59 2140.97
12.02 0.04 0.45 360.40 4.00 214172 0.00 604.59 2140.97
12.02 0.04 0.45 360.40 4.00 214182 0.00 604.59 2140.98
12.02 0.04 0.45 360.28 4.00 214192 0.00 604.20 2140.98
12.02 0.04 0.45 360.28 4.00 214202 0.00 604.20 2140.98
12.02 0.04 0.45 360.28 4.00 214212 0.00 604.20 2140.99
12.02 0.04 0.45 360.28 4.00 214222 0.00 604.20 2140.99
12.02 0.04 0.45 360.28 4.00 214232 0.00 604.20 2141.00
12.02 0.04 0.45 360.17 4.00 214242 0.00 603.81 2141.00
12.02 0.04 0.45 360.17 4.00 214252 0.00 603.81 2141.01
12.02 0.04 0.45 360.17 4.00 214262 0.00 603.81 2141.01
12.02 0.04 0.45 360.17 4.00 214272 0.00 603.81 2141.02
12.02 0.04 0.45 360.05 4.00 214282 0.00 603.41 2141.02
12.02 0.04 0.45 360.05 4.00 214292 0.00 603.41 2141.02
12.02 0.04 0.45 360.05 4.00 214302 0.00 603.41 2141.03
12.02 0.04 0.45 360.05 4.00 214312 0.00 603.41 2141.03
12.02 0.04 0.45 360.05 4.00 214322 0.00 603.41 2141.04
12.02 0.04 0.45 359.93 4.00 214332 0.00 603.02 2141.04
12.02 0.04 0.45 360.05 4.00 214342 0.00 603.41 2141.05
12.02 0.04 0.45 359.93 4.00 214352 0.00 603.02 2141.05
12.02 0.04 0.45 359.93 4.00 214362 0.00 603.02 2141.06
12.02 0.04 0.45 359.93 4.00 214372 0.00 603.02 2141.06
12.02 0.04 0.45 359.82 4.00 214382 0.00 602.63 2141.07
12.02 0.04 0.45 359.93 4.00 214392 0.00 603.02 2141.07
12.02 0.04 0.45 359.70 4.00 214402 0.00 602.24 2141.07
12.02 0.04 0.45 359.70 4.00 214412 0.00 602.24 2141.08
12.02 0.04 0.45 359.70 4.00 214422 0.00 602.24 2141.08
12.02 0.04 0.45 359.70 4.00 214432 0.00 602.24 2141.09
12.02 0.04 0.45 359.70 4.00 214442 0.00 602.24 2141.09
12.02 0.04 0.45 359.58 4.00 214452 0.00 601.85 2141.10
12.02 0.04 0.45 359.70 4.00 214462 0.00 602.24 2141.10
12.02 0.04 0.45 359.58 4.00 214472 0.00 601.85 2141.11
12.02 0.04 0.45 359.58 4.00 214482 0.00 601.85 2141.11
12.02 0.04 0.45 359.58 4.00 214492 0.00 601.85 2141.12
12.02 0.04 0.45 359.58 4.00 214502 0.00 601.85 2141.12
12.02 0.04 0.45 359.58 4.00 214512 0.00 601.85 2141.12
12.02 0.04 0.45 359.47 4.00 214522 0.00 601.46 2141.13
12.02 0.04 0.45 359.47 4.00 214532 0.00 601.46 2141.13
12.02 0.04 0.45 359.47 4.00 214542 0.00 601.46 2141.14
12.02 0.04 0.45 359.47 4.00 214552 0.00 601.46 2141.14
12.02 0.04 0.45 359.35 4.00 214562 0.00 601.08 2141.15
12.02 0.04 0.45 359.23 4.00 214572 0.00 600.69 2141.15
12.02 0.04 0.45 359.35 4.00 214582 0.00 601.08 2141.16
12.02 0.04 0.45 359.35 4.00 214592 0.00 601.08 2141.16
12.02 0.04 0.45 359.23 4.00 214602 0.00 600.69 2141.16
12.02 0.04 0.45 359.23 4.00 214612 0.00 600.69 2141.17
12.02 0.04 0.45 359.23 4.00 214622 0.00 600.69 2141.17
12.02 0.04 0.45 359.23 4.00 214632 0.00 600.69 2141.18
12.02 0.04 0.45 359.12 4.00 214642 0.00 600.30 2141.18
12.02 0.04 0.45 359.23 4.00 214652 0.00 600.69 2141.19
12.02 0.04 0.45 359.23 4.00 214662 0.00 600.69 2141.19
12.02 0.04 0.45 359.00 4.00 214672 0.00 599.91 2141.20
12.02 0.04 0.45 359.12 4.00 214682 0.00 600.30 2141.20
12.02 0.04 0.45 359.12 4.00 214692 0.00 600.30 2141.21
12.02 0.04 0.45 359.12 4.00 214702 0.00 600.30 2141.21
12.02 0.04 0.45 359.00 4.00 214712 0.00 599.91 2141.21
12.02 0.04 0.45 358.89 4.00 214722 0.00 599.52 2141.22
12.02 0.04 0.45 358.89 4.00 214732 0.00 599.52 2141.22
12.02 0.04 0.45 359.00 4.00 214742 0.00 599.91 2141.23
12.02 0.04 0.45 358.89 4.00 214752 0.00 599.52 2141.23
12.02 0.04 0.45 358.77 4.00 214762 0.00 599.14 2141.24
12.02 0.04 0.45 358.89 4.00 214772 0.00 599.52 2141.24
12.02 0.04 0.45 358.77 4.00 214782 0.00 599.14 2141.25
12.02 0.04 0.45 358.77 4.00 214792 0.00 599.14 2141.25
12.02 0.04 0.45 358.77 4.00 214802 0.00 599.14 2141.26
12.02 0.04 0.45 358.77 4.00 214812 0.00 599.14 2141.26
12.02 0.04 0.45 358.77 4.00 214822 0.00 599.14 2141.26
12.02 0.04 0.45 358.65 4.00 214832 0.00 598.75 2141.27
12.02 0.04 0.45 358.77 4.00 214842 0.00 599.14 2141.27
12.02 0.04 0.45 358.65 4.00 214852 0.00 598.75 2141.28
12.02 0.04 0.45 358.65 4.00 214862 0.00 598.75 2141.28
12.02 0.04 0.45 358.65 4.00 214872 0.00 598.75 2141.29
12.02 0.04 0.45 358.54 4.00 214882 0.00 598.36 2141.29
12.02 0.04 0.45 358.65 4.00 214892 0.00 598.75 2141.30
12.02 0.04 0.45 358.42 4.00 214902 0.00 597.98 2141.30
12.02 0.04 0.45 358.54 4.00 214912 0.00 598.36 2141.31
12.02 0.04 0.45 358.42 4.00 214922 0.00 597.98 2141.31
12.02 0.04 0.45 358.54 4.00 214932 0.00 598.36 2141.31
12.02 0.04 0.45 358.42 4.00 214942 0.00 597.98 2141.32
12.02 0.04 0.45 358.42 4.00 214952 0.00 597.98 2141.32
12.02 0.04 0.45 358.31 4.00 214962 0.00 597.59 2141.33
12.02 0.04 0.45 358.42 4.00 214972 0.00 597.98 2141.33
12.02 0.04 0.45 358.42 4.00 214982 0.00 597.98 2141.34
12.02 0.04 0.45 358.31 4.00 214992 0.00 597.59 2141.34
12.02 0.04 0.45 358.31 4.00 215002 0.00 597.59 2141.35
12.02 0.04 0.45 358.19 4.00 215012 0.00 597.21 2141.35
12.02 0.04 0.45 358.19 4.00 215022 0.00 597.21 2141.35
12.02 0.04 0.45 358.19 4.00 215032 0.00 597.21 2141.36
12.02 0.04 0.45 358.19 4.00 215042 0.00 597.21 2141.36
12.02 0.04 0.45 358.19 4.00 215052 0.00 597.21 2141.37
12.02 0.04 0.45 358.19 4.00 215062 0.00 597.21 2141.37
12.02 0.04 0.45 358.08 4.00 215072 0.00 596.82 2141.38
12.02 0.04 0.45 358.08 4.00 215082 0.00 596.82 2141.38
12.02 0.04 0.45 358.08 4.00 215092 0.00 596.82 2141.39
12.02 0.04 0.45 357.96 4.00 215102 0.00 596.44 2141.39
12.02 0.04 0.45 358.08 4.00 215112 0.00 596.82 2141.40
12.02 0.04 0.45 357.96 4.00 215122 0.00 596.44 2141.40
12.02 0.04 0.45 357.85 4.00 215132 0.00 596.05 2141.40
12.02 0.04 0.45 357.85 4.00 215142 0.00 596.05 2141.41
12.02 0.04 0.45 357.85 4.00 215152 0.00 596.05 2141.41
12.02 0.04 0.45 357.85 4.00 215162 0.00 596.05 2141.42
12.02 0.04 0.45 357.85 4.00 215172 0.00 596.05 2141.42
12.02 0.04 0.45 357.73 4.00 215182 0.00 595.67 2141.43
12.02 0.04 0.45 357.85 4.00 215192 0.00 596.05 2141.43
12.02 0.04 0.45 357.73 4.00 215202 0.00 595.67 2141.44
12.02 0.04 0.45 357.73 4.00 215212 0.00 595.67 2141.44
12.02 0.04 0.45 357.62 4.00 215222 0.00 595.29 2141.44
12.02 0.04 0.45 357.73 4.00 215232 0.00 595.67 2141.45
12.02 0.04 0.45 357.62 4.00 215242 0.00 595.29 2141.45
12.02 0.04 0.45 357.62 4.00 215252 0.00 595.29 2141.46
12.02 0.04 0.45 357.62 4.00 215262 0.00 595.29 2141.46
12.02 0.04 0.45 357.62 4.00 215272 0.00 595.29 2141.47
12.02 0.04 0.45 357.62 4.00 215282 0.00 595.29 2141.47
12.02 0.04 0.45 357.62 4.00 215292 0.00 595.29 2141.48
12.02 0.04 0.45 357.62 4.00 215302 0.00 595.29 2141.48
12.02 0.04 0.45 357.50 4.00 215312 0.00 594.90 2141.49
12.02 0.04 0.45 357.50 4.00 215322 0.00 594.90 2141.49
12.02 0.04 0.45 357.39 4.00 215332 0.00 594.52 2141.49
12.02 0.04 0.45 357.39 4.00 215342 0.00 594.52 2141.50
12.02 0.04 0.45 357.39 4.00 215352 0.00 594.52 2141.50
12.02 0.04 0.45 357.39 4.00 215362 0.00 594.52 2141.51
12.02 0.04 0.45 357.27 4.00 215372 0.00 594.14 2141.51
12.02 0.04 0.45 357.27 4.00 215382 0.00 594.14 2141.52
12.02 0.04 0.45 357.27 4.00 215392 0.00 594.14 2141.52
12.02 0.04 0.45 357.27 4.00 215402 0.00 594.14 2141.53
12.02 0.04 0.45 357.27 4.00 215412 0.00 594.14 2141.53
12.02 0.04 0.45 357.16 4.00 215422 0.00 593.76 2141.54
12.02 0.04 0.45 357.16 4.00 215432 0.00 593.76 2141.54
12.02 0.04 0.45 357.16 4.00 215442 0.00 593.76 2141.54
12.02 0.04 0.45 357.16 4.00 215452 0.00 593.76 2141.55
12.02 0.04 0.45 357.16 4.00 215462 0.00 593.76 2141.55
12.02 0.04 0.45 357.04 4.00 215472 0.00 593.37 2141.56
12.02 0.04 0.45 357.16 4.00 215482 0.00 593.76 2141.56
12.02 0.04 0.45 357.04 4.00 215492 0.00 593.37 2141.57
12.02 0.04 0.45 357.04 4.00 215502 0.00 593.37 2141.57
12.02 0.04 0.45 357.04 4.00 215512 0.00 593.37 2141.58
12.02 0.04 0.45 357.04 4.00 215522 0.00 593.37 2141.58
12.02 0.04 0.45 356.93 4.00 215532 0.00 592.99 2141.59
12.02 0.04 0.45 356.93 4.00 215542 0.00 592.99 2141.59
12.02 0.04 0.45 356.93 4.00 215552 0.00 592.99 2141.59
12.02 0.04 0.45 356.93 4.00 215562 0.00 592.99 2141.60
12.02 0.04 0.45 356.81 4.00 215572 0.00 592.61 2141.60
12.02 0.04 0.45 356.81 4.00 215582 0.00 592.61 2141.61
12.02 0.04 0.45 356.81 4.00 215592 0.00 592.61 2141.61
12.02 0.04 0.45 356.70 4.00 215602 0.00 592.23 2141.62
12.02 0.04 0.45 356.70 4.00 215612 0.00 592.23 2141.62
12.02 0.04 0.45 356.70 4.00 215622 0.00 592.23 2141.63
12.02 0.04 0.45 356.70 4.00 215632 0.00 592.23 2141.63
12.02 0.04 0.45 356.58 4.00 215642 0.00 591.85 2141.63
12.02 0.04 0.45 356.58 4.00 215652 0.00 591.85 2141.64
12.02 0.04 0.45 356.58 4.00 215662 0.00 591.85 2141.64
12.02 0.04 0.45 356.58 4.00 215672 0.00 591.85 2141.65
12.02 0.04 0.45 356.58 4.00 215682 0.00 591.85 2141.65
12.02 0.04 0.45 356.47 4.00 215692 0.00 591.47 2141.66
12.02 0.04 0.45 356.47 4.00 215702 0.00 591.47 2141.66
12.02 0.04 0.45 356.47 4.00 215712 0.00 591.47 2141.67
12.02 0.04 0.45 356.47 4.00 215722 0.00 591.47 2141.67
12.02 0.04 0.45 356.47 4.00 215732 0.00 591.47 2141.68
12.02 0.04 0.45 356.35 4.00 215742 0.00 591.09 2141.68
12.02 0.04 0.45 356.35 4.00 215752 0.00 591.09 2141.68
12.02 0.04 0.45 356.35 4.00 215762 0.00 591.09 2141.69
12.02 0.04 0.45 356.35 4.00 215772 0.00 591.09 2141.69
12.02 0.04 0.45 356.35 4.00 215782 0.00 591.09 2141.70
12.02 0.04 0.45 356.24 4.00 215792 0.00 590.71 2141.70
12.02 0.04 0.45 356.24 4.00 215802 0.00 590.71 2141.71
12.02 0.04 0.45 356.24 4.00 215812 0.00 590.71 2141.71
12.02 0.04 0.45 356.24 4.00 215822 0.00 590.71 2141.72
12.02 0.04 0.45 356.13 4.00 215832 0.00 590.33 2141.72
12.02 0.04 0.45 356.13 4.00 215842 0.00 590.33 2141.73
12.02 0.04 0.45 356.13 4.00 215852 0.00 590.33 2141.73
12.02 0.04 0.45 356.13 4.00 215862 0.00 590.33 2141.73
12.02 0.04 0.45 356.13 4.00 215872 0.00 590.33 2141.74
12.02 0.04 0.45 356.01 4.00 215882 0.00 589.96 2141.74
12.02 0.04 0.45 356.01 4.00 215892 0.00 589.96 2141.75
12.02 0.04 0.45 355.90 4.00 215902 0.00 589.58 2141.75
12.02 0.04 0.45 355.90 4.00 215912 0.00 589.58 2141.76
12.02 0.04 0.45 355.90 4.00 215922 0.00 589.58 2141.76
12.02 0.04 0.45 356.01 4.00 215932 0.00 589.96 2141.77
12.02 0.04 0.45 355.90 4.00 215942 0.00 589.58 2141.77
12.02 0.04 0.45 355.78 4.00 215952 0.00 589.20 2141.77
12.02 0.04 0.45 355.90 4.00 215962 0.00 589.58 2141.78
12.02 0.04 0.45 355.78 4.00 215972 0.00 589.20 2141.78
12.02 0.04 0.45 355.78 4.00 215982 0.00 589.20 2141.79
12.02 0.04 0.45 355.78 4.00 215992 0.00 589.20 2141.79
12.02 0.04 0.45 355.78 4.00 216002 0.00 589.20 2141.80
12.02 0.04 0.45 355.67 4.00 216012 0.00 588.82 2141.80
12.02 0.04 0.45 355.67 4.00 216022 0.00 588.82 2141.81
12.02 0.04 0.45 355.67 4.00 216032 0.00 588.82 2141.81
12.02 0.04 0.45 355.67 4.00 216042 0.00 588.82 2141.82
12.02 0.04 0.45 355.56 4.00 216052 0.00 588.45 2141.82
12.02 0.04 0.45 355.56 4.00 216062 0.00 588.45 2141.82
12.02 0.04 0.45 355.56 4.00 216072 0.00 588.45 2141.83
12.02 0.04 0.45 355.44 4.00 216082 0.00 588.07 2141.83
12.02 0.04 0.45 355.44 4.00 216092 0.00 588.07 2141.84
12.02 0.04 0.45 355.33 4.00 216102 0.00 587.69 2141.84
12.02 0.04 0.45 355.44 4.00 216112 0.00 588.07 2141.85
12.02 0.04 0.45 355.44 4.00 216122 0.00 588.07 2141.85
12.02 0.04 0.45 355.33 4.00 216132 0.00 587.69 2141.86
12.02 0.04 0.45 355.33 4.00 216142 0.00 587.69 2141.86
12.02 0.04 0.45 355.33 4.00 216152 0.00 587.69 2141.87
12.02 0.04 0.45 355.33 4.00 216162 0.00 587.69 2141.87
12.02 0.04 0.45 355.21 4.00 216172 0.00 587.32 2141.87
12.02 0.04 0.45 355.21 4.00 216182 0.00 587.32 2141.88
12.02 0.04 0.45 355.21 4.00 216192 0.00 587.32 2141.88
12.02 0.04 0.45 355.21 4.00 216202 0.00 587.32 2141.89
12.02 0.04 0.45 355.10 4.00 216212 0.00 586.94 2141.89
12.02 0.04 0.45 355.10 4.00 216222 0.00 586.94 2141.90
12.02 0.04 0.45 355.10 4.00 216232 0.00 586.94 2141.90
12.02 0.04 0.45 355.21 4.00 216242 0.00 587.32 2141.91
12.02 0.04 0.45 355.10 4.00 216252 0.00 586.94 2141.91
12.02 0.04 0.45 355.10 4.00 216262 0.00 586.94 2141.91
12.02 0.04 0.45 355.10 4.00 216272 0.00 586.94 2141.92
12.02 0.04 0.45 354.99 4.00 216282 0.00 586.57 2141.92
12.02 0.04 0.45 354.99 4.00 216292 0.00 586.57 2141.93
12.02 0.04 0.45 354.99 4.00 216302 0.00 586.57 2141.93
12.02 0.04 0.45 354.87 4.00 216312 0.00 586.19 2141.94
12.02 0.04 0.45 354.87 4.00 216322 0.00 586.19 2141.94
12.02 0.04 0.45 354.87 4.00 216332 0.00 586.19 2141.95
12.02 0.04 0.45 354.87 4.00 216342 0.00 586.19 2141.95
12.02 0.04 0.45 354.87 4.00 216352 0.00 586.19 2141.96
12.02 0.04 0.45 354.76 4.00 216362 0.00 585.82 2141.96
12.02 0.04 0.45 354.76 4.00 216372 0.00 585.82 2141.96
12.02 0.04 0.45 354.76 4.00 216382 0.00 585.82 2141.97
12.02 0.04 0.45 354.76 4.00 216392 0.00 585.82 2141.97
12.02 0.04 0.45 354.76 4.00 216402 0.00 585.82 2141.98
12.02 0.04 0.45 354.65 4.00 216412 0.00 585.45 2141.98
12.02 0.04 0.45 354.65 4.00 216422 0.00 585.45 2141.99
12.02 0.04 0.45 354.53 4.00 216432 0.00 585.07 2141.99
12.02 0.04 0.45 354.53 4.00 216442 0.00 585.07 2142.00
12.02 0.04 0.45 354.53 4.00 216452 0.00 585.07 2142.00
12.02 0.04 0.45 354.53 4.00 216462 0.00 585.07 2142.01
