7.37 19.57 144.19 108.88 4.00 451216 0.00 55.18 2458.83
7.72 19.41 149.86 109.59 4.00 451226 0.00 55.90 2460.34
7.72 19.41 149.86 110.26 4.00 451236 0.00 56.59 2461.81
7.72 19.41 149.86 110.96 4.00 451246 0.00 57.30 2463.28
7.72 19.41 149.86 111.62 4.00 451256 0.00 58.00 2464.75
7.72 19.41 149.86 112.95 4.00 451266 0.00 59.39 2466.31
7.72 19.41 149.86 113.60 4.00 451276 0.00 60.07 2467.78
7.72 19.41 149.86 114.29 4.00 451286 0.00 60.80 2469.25
7.72 19.41 149.86 114.91 4.00 451296 0.00 61.47 2470.82
7.72 19.41 149.86 115.60 4.00 451306 0.00 62.20 2472.29
7.72 19.41 149.86 116.23 4.00 451316 0.00 62.88 2473.76
7.72 19.41 149.86 117.49 4.00 451326 0.00 64.25 2475.32
7.72 19.41 149.86 118.12 4.00 451336 0.00 64.94 2476.79
7.72 19.41 149.86 118.75 4.00 451346 0.00 65.63 2478.27
7.72 19.41 149.86 119.35 4.00 451356 0.00 66.30 2479.73
7.72 19.53 150.83 120.60 4.00 451366 0.00 67.70 2481.30
8.17 19.53 159.66 121.22 4.00 451376 0.00 68.40 2482.86
8.17 19.53 159.66 121.82 4.00 451386 0.00 69.08 2484.42
8.17 19.53 159.66 122.42 4.00 451396 0.00 69.76 2486.09
8.17 19.53 159.66 123.62 4.00 451406 0.00 71.13 2487.65
8.17 19.53 159.66 124.22 4.00 451416 0.00 71.82 2489.21
8.17 19.53 159.66 124.82 4.00 451426 0.00 72.52 2490.88
8.17 19.53 159.66 125.41 4.00 451436 0.00 73.20 2492.44
8.17 19.53 159.66 126.58 4.00 451446 0.00 74.58 2494.00
8.17 19.53 159.66 127.17 4.00 451456 0.00 75.28 2495.66
8.17 19.53 159.66 127.74 4.00 451466 0.00 75.96 2497.23
8.17 19.53 159.66 128.32 4.00 451476 0.00 76.64 2498.79
8.17 19.53 159.66 129.47 4.00 451486 0.00 78.02 2500.45
8.17 19.53 159.66 130.05 4.00 451496 0.00 78.72 2502.02
8.17 19.53 159.66 130.61 4.00 451506 0.00 79.41 2503.58
8.57 19.56 167.66 131.73 4.00 451516 0.00 80.77 2505.31
8.57 19.56 167.66 132.29 4.00 451526 0.00 81.46 2506.96
8.57 19.56 167.66 132.86 4.00 451536 0.00 82.16 2508.60
8.57 19.56 167.66 134.00 4.00 451546 0.00 83.58 2510.36
8.57 19.56 167.66 134.52 4.00 451556 0.00 84.23 2512.00
8.57 19.56 167.66 135.09 4.00 451566 0.00 84.94 2513.64
8.57 19.56 167.66 136.20 4.00 451576 0.00 86.35 2515.40
8.57 19.56 167.66 136.74 4.00 451586 0.00 87.03 2517.04
8.57 19.56 167.66 137.82 4.00 451596 0.00 88.41 2518.68
8.57 19.56 167.66 138.39 4.00 451606 0.00 89.14 2520.33
8.57 19.56 167.66 138.94 4.00 451616 0.00 89.86 2522.08
8.57 19.56 167.66 140.03 4.00 451626 0.00 91.27 2523.73
8.57 19.56 167.66 140.54 4.00 451636 0.00 91.94 2525.37
8.57 19.56 167.66 141.08 4.00 451646 0.00 92.64 2527.13
8.92 19.56 174.47 142.14 4.00 451656 0.00 94.04 2528.81
8.92 19.56 174.47 142.67 4.00 451666 0.00 94.74 2530.52
8.92 19.56 174.47 143.74 4.00 451676 0.00 96.17 2532.23
8.92 19.56 174.47 146.76 4.00 451686 0.00 100.25 2534.06
8.92 19.56 174.47 148.33 4.00 451696 0.00 102.41 2535.77
8.92 19.56 174.47 148.82 4.00 451706 0.00 103.09 2537.48
8.92 19.56 174.47 149.36 4.00 451716 0.00 103.84 2539.31
8.92 19.56 174.47 150.39 4.00 451726 0.00 105.28 2541.02
8.92 19.56 174.47 150.90 4.00 451736 0.00 106.00 2542.73
8.92 19.56 174.47 151.96 4.00 451746 0.00 107.48 2544.44
8.92 19.56 174.47 152.46 4.00 451756 0.00 108.19 2546.27
8.92 19.56 174.47 153.47 4.00 451766 0.00 109.63 2547.98
8.92 19.56 174.47 153.98 4.00 451776 0.00 110.36 2549.69
8.92 19.56 174.47 154.97 4.00 451786 0.00 111.78 2551.52
9.35 19.70 184.10 155.49 4.00 451796 0.00 112.53 2553.27
9.35 19.70 184.10 156.45 4.00 451806 0.00 113.93 2555.08
9.35 19.70 184.10 156.96 4.00 451816 0.00 114.67 2557.00
9.35 19.70 184.10 157.94 4.00 451826 0.00 116.11 2558.80
9.35 19.70 184.10 158.46 4.00 451836 0.00 116.88 2560.61
9.35 19.70 184.10 159.41 4.00 451846 0.00 118.29 2562.41
9.35 19.70 184.10 159.85 4.00 451856 0.00 118.94 2564.34
9.35 19.70 184.10 160.82 4.00 451866 0.00 120.39 2566.14
9.35 19.70 184.10 161.33 4.00 451876 0.00 121.16 2567.95
9.35 19.70 184.10 162.30 4.00 451886 0.00 122.61 2569.88
9.35 19.70 184.10 162.80 4.00 451896 0.00 123.37 2571.68
9.35 19.70 184.10 163.71 4.00 451906 0.00 124.75 2573.49
9.35 19.70 184.10 164.68 4.00 451916 0.00 126.24 2575.41
9.35 19.70 184.10 165.15 4.00 451926 0.00 126.95 2577.22
9.72 19.93 193.78 166.09 4.00 451936 0.00 128.40 2579.04
9.72 19.93 193.78 166.56 4.00 451946 0.00 129.13 2580.94
9.72 19.93 193.78 167.49 4.00 451956 0.00 130.57 2582.97
9.72 19.93 193.78 167.94 4.00 451966 0.00 131.29 2584.87
9.72 19.93 193.78 168.86 4.00 451976 0.00 132.73 2586.77
9.72 19.93 193.78 169.79 4.00 451986 0.00 134.19 2588.80
9.72 19.93 193.78 170.26 4.00 451996 0.00 134.93 2590.70
9.72 19.93 193.78 171.20 4.00 452006 0.00 136.43 2592.60
9.72 19.93 193.78 171.65 4.00 452016 0.00 137.15 2594.50
9.72 19.93 193.78 172.53 4.00 452026 0.00 138.56 2596.53
9.72 19.93 193.78 170.68 4.00 452036 0.00 135.60 2598.44
9.72 19.93 193.78 170.44 4.00 452046 0.00 135.22 2600.34
9.72 19.93 193.78 171.34 4.00 452056 0.00 136.64 2602.37
9.72 19.93 193.78 172.24 4.00 452066 0.00 138.09 2604.27
9.72 19.56 190.13 172.67 4.00 452076 0.00 138.77 2606.17
10.09 19.56 197.42 173.56 4.00 452086 0.00 140.21 2608.11
10.09 19.56 197.42 174.40 4.00 452096 0.00 141.58 2610.17
10.09 19.56 197.42 174.84 4.00 452106 0.00 142.29 2612.11
10.09 19.56 197.42 175.70 4.00 452116 0.00 143.69 2614.05
10.09 19.56 197.42 180.11 4.00 452126 0.00 151.00 2616.12
10.09 19.56 197.42 180.55 4.00 452136 0.00 151.74 2618.05
10.09 19.56 197.42 181.44 4.00 452146 0.00 153.23 2619.99
10.09 19.56 197.42 182.27 4.00 452156 0.00 154.64 2621.92
10.09 19.56 197.42 183.14 4.00 452166 0.00 156.12 2623.99
10.09 19.56 197.42 183.56 4.00 452176 0.00 156.84 2625.93
10.09 19.56 197.42 184.36 4.00 452186 0.00 158.20 2627.87
10.09 19.56 197.42 185.25 4.00 452196 0.00 159.73 2629.93
10.09 19.56 197.42 185.65 4.00 452206 0.00 160.43 2631.87
10.09 19.56 197.42 186.52 4.00 452216 0.00 161.94 2633.81
10.51 19.61 206.15 187.37 4.00 452226 0.00 163.42 2635.81
10.51 19.61 206.15 188.20 4.00 452236 0.00 164.86 2637.96
10.51 19.61 206.15 188.58 4.00 452246 0.00 165.53 2639.99
10.51 19.61 206.15 189.42 4.00 452256 0.00 167.00 2642.01
10.51 19.61 206.15 190.26 4.00 452266 0.00 168.49 2644.17
10.51 19.61 206.15 191.08 4.00 452276 0.00 169.94 2646.19
10.51 19.61 206.15 191.87 4.00 452286 0.00 171.36 2648.21
10.51 19.61 206.15 192.30 4.00 452296 0.00 172.13 2650.23
10.51 19.61 206.15 193.10 4.00 452306 0.00 173.57 2652.39
10.51 19.61 206.15 193.91 4.00 452316 0.00 175.02 2654.41
10.51 19.61 206.15 194.73 4.00 452326 0.00 176.50 2656.43
10.51 19.61 206.15 195.48 4.00 452336 0.00 177.87 2658.59
10.51 19.61 206.15 195.93 4.00 452346 0.00 178.69 2660.61
10.51 19.61 206.15 196.69 4.00 452356 0.00 180.08 2662.64
10.92 19.54 213.37 197.50 4.00 452366 0.00 181.55 2664.70
10.92 19.54 213.37 198.27 4.00 452376 0.00 182.98 2666.93
10.92 19.54 213.37 199.05 4.00 452386 0.00 184.43 2669.03
10.92 19.54 213.37 199.88 4.00 452396 0.00 185.96 2671.12
10.92 19.54 213.37 200.63 4.00 452406 0.00 187.37 2673.35
10.92 19.54 213.37 201.07 4.00 452416 0.00 188.19 2675.45
10.92 19.54 213.37 199.41 4.00 452426 0.00 185.09 2677.54
10.92 19.54 213.37 198.66 4.00 452436 0.00 183.70 2679.64
10.92 19.54 213.37 203.39 4.00 452446 0.00 192.55 2681.87
10.92 19.54 213.37 204.21 4.00 452456 0.00 194.11 2683.96
10.92 19.54 213.37 204.96 4.00 452466 0.00 195.55 2686.06
10.92 19.54 213.37 205.76 4.00 452476 0.00 197.07 2688.30
10.92 19.54 213.37 206.53 4.00 452486 0.00 198.54 2690.39
10.92 19.54 213.37 207.26 4.00 452496 0.00 199.95 2692.48
11.31 19.66 222.37 207.65 4.00 452506 0.00 200.70 2694.61
11.31 19.66 222.37 208.39 4.00 452516 0.00 202.13 2696.93
11.31 19.66 222.37 209.13 4.00 452526 0.00 203.58 2699.12
11.31 19.66 222.37 209.88 4.00 452536 0.00 205.04 2701.30
11.31 19.66 222.37 210.60 4.00 452546 0.00 206.44 2703.63
11.31 19.66 222.37 211.44 4.00 452556 0.00 208.10 2705.81
11.31 19.66 222.37 212.17 4.00 452566 0.00 209.53 2708.00
11.31 19.66 222.37 212.86 4.00 452576 0.00 210.90 2710.18
11.31 19.66 222.37 213.63 4.00 452586 0.00 212.44 2712.50
11.31 19.66 222.37 214.38 4.00 452596 0.00 213.92 2714.69
11.31 19.66 222.37 215.08 4.00 452606 0.00 215.33 2716.87
11.31 19.66 222.37 215.79 4.00 452616 0.00 216.75 2719.05
11.31 19.66 222.37 216.59 4.00 452626 0.00 218.36 2721.38
11.31 19.66 222.37 217.27 4.00 452636 0.00 219.73 2723.57
11.68 19.39 226.51 217.91 4.00 452646 0.00 221.02 2725.75
11.68 19.39 226.51 218.68 4.00 452656 0.00 222.59 2728.12
11.68 19.39 226.51 219.37 4.00 452666 0.00 224.00 2730.35
11.68 19.39 226.51 220.07 4.00 452676 0.00 225.42 2732.57
11.68 19.39 226.51 220.77 4.00 452686 0.00 226.86 2734.79
11.68 19.39 226.51 221.51 4.00 452696 0.00 228.40 2737.15
11.68 19.39 226.51 222.18 4.00 452706 0.00 229.77 2739.38
11.68 19.39 226.51 219.24 4.00 452716 0.00 223.74 2741.60
11.68 19.39 226.51 219.28 4.00 452726 0.00 223.82 2743.98
11.68 19.39 226.51 219.93 4.00 452736 0.00 225.15 2746.20
11.68 19.39 226.51 220.59 4.00 452746 0.00 226.50 2748.42
11.68 19.39 226.51 221.29 4.00 452756 0.00 227.94 2750.65
11.68 19.39 226.51 222.27 4.00 452766 0.00 229.95 2753.02
11.68 19.39 226.51 222.89 4.00 452776 0.00 231.25 2755.25
11.68 17.39 203.18 223.52 4.00 452786 0.00 232.55 2757.45
11.52 17.39 200.34 224.15 4.00 452796 0.00 233.87 2759.55
11.52 17.39 200.34 224.83 4.00 452806 0.00 235.29 2761.52
11.52 17.39 200.34 225.42 4.00 452816 0.00 236.53 2763.49
11.52 17.39 200.34 226.07 4.00 452826 0.00 237.88 2765.45
11.52 17.39 200.34 226.66 4.00 452836 0.00 239.14 2767.55
11.52 17.39 200.34 227.31 4.00 452846 0.00 240.52 2769.52
11.52 17.39 200.34 227.87 4.00 452856 0.00 241.70 2771.48
11.52 17.39 200.34 228.81 4.00 452866 0.00 243.70 2773.58
11.52 17.39 200.34 229.38 4.00 452876 0.00 244.91 2775.54
11.52 17.39 200.34 229.90 4.00 452886 0.00 246.02 2777.51
11.52 17.39 200.34 230.52 4.00 452896 0.00 247.35 2779.48
11.52 17.39 200.34 231.10 4.00 452906 0.00 248.59 2781.57
11.52 17.39 200.34 231.63 4.00 452916 0.00 249.73 2783.54
11.52 17.39 200.34 232.16 4.00 452926 0.00 250.88 2785.51
11.55 15.99 184.69 232.69 4.00 452936 0.00 252.03 2787.34
11.55 15.99 184.69 233.48 4.00 452946 0.00 253.73 2789.27
11.55 15.99 184.69 234.07 4.00 452956 0.00 255.02 2791.09
11.55 15.99 184.69 234.56 4.00 452966 0.00 256.09 2792.90
11.55 15.99 184.69 235.06 4.00 452976 0.00 257.18 2794.84
11.55 15.99 184.69 235.60 4.00 452986 0.00 258.38 2796.65
11.55 15.99 184.69 236.41 4.00 452996 0.00 260.14 2798.47
11.55 15.99 184.69 236.91 4.00 453006 0.00 261.25 2800.28
11.55 15.99 184.69 237.47 4.00 453016 0.00 262.48 2802.21
11.55 15.99 184.69 237.98 4.00 453026 0.00 263.61 2804.03
11.55 15.99 184.69 238.49 4.00 453036 0.00 264.74 2805.84
11.55 15.99 184.69 239.26 4.00 453046 0.00 266.45 2807.66
11.55 15.99 184.69 239.72 4.00 453056 0.00 267.49 2809.59
11.55 15.99 184.69 240.29 4.00 453066 0.00 268.76 2811.41
11.58 14.93 172.86 240.76 4.00 453076 0.00 269.81 2813.14
11.58 14.93 172.86 241.49 4.00 453086 0.00 271.46 2814.96
11.58 14.93 172.86 242.02 4.00 453096 0.00 272.64 2816.65
11.58 14.93 172.86 242.44 4.00 453106 0.00 273.59 2818.35
11.58 14.93 172.86 242.92 4.00 453116 0.00 274.67 2820.05
11.58 14.93 172.86 243.45 4.00 453126 0.00 275.88 2821.85
11.58 14.93 172.86 244.09 4.00 453136 0.00 277.33 2823.55
11.58 14.93 172.86 244.63 4.00 453146 0.00 278.56 2825.25
11.58 14.93 172.86 245.06 4.00 453156 0.00 279.54 2827.06
11.58 14.93 172.86 245.50 4.00 453166 0.00 280.53 2828.76
11.58 14.93 172.86 246.20 4.00 453176 0.00 282.15 2830.46
11.58 14.93 172.86 246.64 4.00 453186 0.00 283.15 2832.15
11.58 14.93 172.86 247.08 4.00 453196 0.00 284.16 2833.97
11.58 14.93 172.86 247.74 4.00 453206 0.00 285.68 2835.66
11.61 13.74 159.53 248.18 4.00 453216 0.00 286.70 2837.30
11.61 13.74 159.53 248.63 4.00 453226 0.00 287.73 2838.86
11.61 13.74 159.53 249.24 4.00 453236 0.00 289.15 2840.54
11.61 13.74 159.53 249.69 4.00 453246 0.00 290.19 2842.10
11.61 13.74 159.53 250.14 4.00 453256 0.00 291.24 2843.67
11.61 13.74 159.53 250.53 4.00 453266 0.00 292.16 2845.34
11.61 13.74 159.53 251.16 4.00 453276 0.00 293.61 2846.91
11.61 13.74 159.53 251.55 4.00 453286 0.00 294.55 2848.48
11.61 13.74 159.53 251.95 4.00 453296 0.00 295.48 2850.04
11.61 13.74 159.53 252.64 4.00 453306 0.00 297.10 2851.71
11.61 13.74 159.53 252.99 4.00 453316 0.00 297.91 2853.28
11.61 13.74 159.53 253.39 4.00 453326 0.00 298.86 2854.84
11.61 13.74 159.53 254.03 4.00 453336 0.00 300.37 2856.41
11.61 13.74 159.53 254.43 4.00 453346 0.00 301.33 2858.08
11.64 12.94 150.66 254.84 4.00 453356 0.00 302.30 2859.62
11.64 12.94 150.66 255.43 4.00 453366 0.00 303.69 2861.10
11.64 12.94 150.66 255.84 4.00 453376 0.00 304.67 2862.68
11.64 12.94 150.66 256.25 4.00 453386 0.00 305.65 2864.16
11.64 12.94 150.66 256.90 4.00 453396 0.00 307.21 2865.64
11.64 12.94 150.66 257.26 4.00 453406 0.00 308.06 2867.12
11.64 12.94 150.66 257.62 4.00 453416 0.00 308.92 2868.70
11.64 12.94 150.66 258.16 4.00 453426 0.00 310.22 2870.18
11.64 12.94 150.66 258.58 4.00 453436 0.00 311.23 2871.66
11.64 12.94 150.66 258.88 4.00 453446 0.00 311.95 2873.14
11.64 12.94 150.66 259.48 4.00 453456 0.00 313.41 2874.72
11.64 12.94 150.66 259.85 4.00 453466 0.00 314.29 2876.20
11.64 12.94 150.66 260.40 4.00 453476 0.00 315.62 2877.68
11.64 12.94 150.66 260.76 4.00 453486 0.00 316.51 2879.25
11.64 12.00 139.66 261.07 4.00 453496 0.00 317.25 2880.72
11.66 12.00 139.94 261.62 4.00 453506 0.00 318.60 2882.10
11.66 12.00 139.94 262.05 4.00 453516 0.00 319.65 2883.47
11.66 12.00 139.94 262.49 4.00 453526 0.00 320.71 2884.93
11.66 12.00 139.94 262.86 4.00 453536 0.00 321.62 2886.31
11.66 12.00 139.94 263.23 4.00 453546 0.00 322.54 2887.68
11.66 12.00 139.94 263.73 4.00 453556 0.00 323.76 2889.15
11.66 12.00 139.94 264.05 4.00 453566 0.00 324.53 2890.52
11.66 12.00 139.94 264.55 4.00 453576 0.00 325.77 2891.89
11.66 12.00 139.94 264.93 4.00 453586 0.00 326.70 2893.27
11.66 12.00 139.94 265.44 4.00 453596 0.00 327.95 2894.73
11.66 12.00 139.94 265.82 4.00 453606 0.00 328.89 2896.10
11.66 12.00 139.94 266.13 4.00 453616 0.00 329.68 2897.47
11.66 12.00 139.94 266.58 4.00 453626 0.00 330.79 2898.94
11.66 12.00 139.94 266.97 4.00 453636 0.00 331.74 2900.31
11.68 11.38 132.99 267.42 4.00 453646 0.00 332.86 2901.63
11.68 11.38 132.99 267.80 4.00 453656 0.00 333.83 2902.93
11.68 11.38 132.99 268.25 4.00 453666 0.00 334.96 2904.32
11.68 11.38 132.99 268.58 4.00 453676 0.00 335.77 2905.63
11.68 11.38 132.99 269.03 4.00 453686 0.00 336.90 2906.94
11.68 11.38 132.99 269.36 4.00 453696 0.00 337.72 2908.33
11.68 11.38 132.99 269.69 4.00 453706 0.00 338.54 2909.63
11.68 11.38 132.99 270.21 4.00 453716 0.00 339.86 2910.94
11.68 11.38 132.99 270.47 4.00 453726 0.00 340.52 2912.25
11.68 11.38 132.99 270.94 4.00 453736 0.00 341.69 2913.64
11.68 11.38 132.99 271.20 4.00 453746 0.00 342.35 2914.95
11.68 11.38 132.99 271.73 4.00 453756 0.00 343.70 2916.25
11.68 11.38 132.99 272.00 4.00 453766 0.00 344.37 2917.56
11.68 11.38 132.99 272.46 4.00 453776 0.00 345.55 2918.95
11.71 10.64 124.58 272.73 4.00 453786 0.00 346.23 2920.20
11.71 10.64 124.58 273.20 4.00 453796 0.00 347.42 2921.42
11.71 10.64 124.58 273.54 4.00 453806 0.00 348.28 2922.73
11.71 10.64 124.58 273.88 4.00 453816 0.00 349.14 2923.95
11.71 10.64 124.58 274.21 4.00 453826 0.00 350.00 2925.18
11.71 10.64 124.58 274.62 4.00 453836 0.00 351.04 2926.40
11.71 10.64 124.58 274.96 4.00 453846 0.00 351.91 2927.70
11.71 10.64 124.58 275.44 4.00 453856 0.00 353.13 2928.93
11.71 10.64 124.58 275.64 4.00 453866 0.00 353.66 2930.15
11.71 10.64 124.58 276.12 4.00 453876 0.00 354.89 2931.38
11.71 10.64 124.58 276.40 4.00 453886 0.00 355.59 2932.68
11.71 10.64 124.58 276.88 4.00 453896 0.00 356.84 2933.91
11.71 10.64 124.58 277.15 4.00 453906 0.00 357.55 2935.13
11.71 10.64 124.58 277.50 4.00 453916 0.00 358.44 2936.44
11.72 9.94 116.59 277.99 4.00 453926 0.00 359.70 2937.62
11.72 9.94 116.59 278.20 4.00 453936 0.00 360.24 2938.77
11.72 9.94 116.59 278.47 4.00 453946 0.00 360.96 2939.91
11.72 9.94 116.59 278.89 4.00 453956 0.00 362.05 2941.13
11.72 9.94 116.59 279.24 4.00 453966 0.00 362.96 2942.28
11.72 9.94 116.59 279.52 4.00 453976 0.00 363.69 2943.42
11.72 9.94 116.59 279.95 4.00 453986 0.00 364.79 2944.57
11.72 9.94 116.59 280.23 4.00 453996 0.00 365.53 2945.79
11.72 9.94 116.59 280.58 4.00 454006 0.00 366.45 2946.94
11.72 9.94 116.59 280.80 4.00 454016 0.00 367.01 2948.08
11.72 9.94 116.59 281.29 4.00 454026 0.00 368.31 2949.30
11.72 9.94 116.59 281.51 4.00 454036 0.00 368.87 2950.44
11.72 9.94 116.59 281.86 4.00 454046 0.00 369.81 2951.59
11.72 9.94 116.59 282.22 4.00 454056 0.00 370.75 2952.73
11.74 9.43 110.76 282.51 4.00 454066 0.00 371.50 2953.93
11.74 9.43 110.76 282.87 4.00 454076 0.00 372.45 2955.02
11.74 9.43 110.76 283.16 4.00 454086 0.00 373.21 2956.11
11.74 9.43 110.76 283.52 4.00 454096 0.00 374.16 2957.27
11.74 9.43 110.76 283.81 4.00 454106 0.00 374.92 2958.36
11.74 9.43 110.76 284.10 4.00 454116 0.00 375.69 2959.44
11.74 9.43 110.76 284.54 4.00 454126 0.00 376.85 2960.53
11.74 9.43 110.76 284.75 4.00 454136 0.00 377.43 2961.69
11.74 9.43 110.76 285.12 4.00 454146 0.00 378.40 2962.78
11.74 9.43 110.76 285.34 4.00 454156 0.00 378.98 2963.86
11.74 9.43 110.76 285.63 4.00 454166 0.00 379.76 2965.03
11.74 9.43 110.76 286.07 4.00 454176 0.00 380.93 2966.11
11.74 9.43 110.76 286.30 4.00 454186 0.00 381.52 2967.20
11.74 9.43 110.76 286.66 4.00 454196 0.00 382.51 2968.28
11.74 8.89 104.34 287.03 4.00 454206 0.00 383.50 2969.44
11.76 8.89 104.52 287.26 4.00 454216 0.00 384.09 2970.47
11.76 8.89 104.52 287.63 4.00 454226 0.00 385.09 2971.49
11.76 8.89 104.52 287.78 4.00 454236 0.00 385.49 2972.58
11.76 8.89 104.52 288.15 4.00 454246 0.00 386.49 2973.61
11.76 8.89 104.52 288.53 4.00 454256 0.00 387.49 2974.64
11.76 8.89 104.52 288.75 4.00 454266 0.00 388.09 2975.66
11.76 8.89 104.52 289.05 4.00 454276 0.00 388.90 2976.75
11.76 8.89 104.52 289.28 4.00 454286 0.00 389.51 2977.78
11.76 8.89 104.52 289.58 4.00 454296 0.00 390.32 2978.81
11.76 8.89 104.52 289.96 4.00 454306 0.00 391.34 2979.90
11.76 8.89 104.52 290.18 4.00 454316 0.00 391.96 2980.93
11.76 8.89 104.52 290.49 4.00 454326 0.00 392.78 2981.95
11.76 8.89 104.52 290.87 4.00 454336 0.00 393.80 2982.98
11.76 8.89 104.52 291.02 4.00 454346 0.00 394.22 2984.08
11.77 8.47 99.61 291.32 4.00 454356 0.00 395.04 2985.06
11.77 8.47 99.61 291.71 4.00 454366 0.00 396.08 2986.04
11.77 8.47 99.61 291.94 4.00 454376 0.00 396.71 2987.08
11.77 8.47 99.61 292.32 4.00 454386 0.00 397.75 2988.06
11.77 8.47 99.61 292.55 4.00 454396 0.00 398.38 2989.03
11.77 8.47 99.61 292.78 4.00 454406 0.00 399.01 2990.01
11.77 8.47 99.61 293.09 4.00 454416 0.00 399.85 2991.05
11.77 8.47 99.61 293.40 4.00 454426 0.00 400.70 2992.03
11.77 8.47 99.61 293.56 4.00 454436 0.00 401.12 2993.01
11.77 8.47 99.61 293.94 4.00 454446 0.00 402.18 2994.05
11.77 8.47 99.61 294.26 4.00 454456 0.00 403.04 2995.03
11.77 8.47 99.61 294.49 4.00 454466 0.00 403.68 2996.00
11.77 8.47 99.61 294.72 4.00 454476 0.00 404.32 2996.98
11.77 8.47 99.61 294.96 4.00 454486 0.00 404.96 2998.02
11.79 7.86 92.64 295.19 4.00 454496 0.00 405.61 2998.96
11.79 7.86 92.64 295.51 4.00 454506 0.00 406.47 2999.87
11.79 7.86 92.64 295.74 4.00 454516 0.00 407.12 3000.84
11.79 7.86 92.64 295.98 4.00 454526 0.00 407.77 3001.75
11.79 7.86 92.64 296.30 4.00 454536 0.00 408.64 3002.66
11.79 7.86 92.64 296.53 4.00 454546 0.00 409.30 3003.57
11.79 7.86 92.64 296.77 4.00 454556 0.00 409.95 3004.54
11.79 7.86 92.64 297.01 4.00 454566 0.00 410.61 3005.45
11.79 7.86 92.64 297.33 4.00 454576 0.00 411.49 3006.36
11.79 7.86 92.64 297.57 4.00 454586 0.00 412.15 3007.27
11.79 7.86 92.64 297.81 4.00 454596 0.00 412.82 3008.24
11.79 7.86 92.64 298.04 4.00 454606 0.00 413.48 3009.15
11.79 7.86 92.64 298.36 4.00 454616 0.00 414.37 3010.06
11.79 7.86 92.64 298.61 4.00 454626 0.00 415.04 3011.03
11.80 7.66 90.30 298.93 4.00 454636 0.00 415.93 3011.93
11.80 7.66 90.30 299.17 4.00 454646 0.00 416.60 3012.81
11.80 7.66 90.30 299.33 4.00 454656 0.00 417.05 3013.70
11.80 7.66 90.30 299.65 4.00 454666 0.00 417.95 3014.64
11.80 7.66 90.30 299.90 4.00 454676 0.00 418.63 3015.53
11.80 7.66 90.30 300.22 4.00 454686 0.00 419.54 3016.42
11.80 7.66 90.30 300.30 4.00 454696 0.00 419.76 3017.36
11.80 7.66 90.30 300.63 4.00 454706 0.00 420.67 3018.25
11.80 7.66 90.30 300.87 4.00 454716 0.00 421.36 3019.13
11.80 7.66 90.30 301.03 4.00 454726 0.00 421.81 3020.02
11.80 7.66 90.30 301.28 4.00 454736 0.00 422.50 3020.96
11.80 7.66 90.30 301.60 4.00 454746 0.00 423.42 3021.85
11.80 7.66 90.30 301.77 4.00 454756 0.00 423.88 3022.73
11.80 7.66 90.30 302.01 4.00 454766 0.00 424.57 3023.68
11.80 7.15 84.45 302.18 4.00 454776 0.00 425.03 3024.55
11.80 7.15 84.45 302.51 4.00 454786 0.00 425.96 3025.38
11.80 7.15 84.45 302.76 4.00 454796 0.00 426.65 3026.21
11.80 7.15 84.45 302.92 4.00 454806 0.00 427.12 3027.10
11.80 7.15 84.45 303.09 4.00 454816 0.00 427.59 3027.93
11.80 7.15 84.45 303.33 4.00 454826 0.00 428.29 3028.75
11.80 7.15 84.45 303.67 4.00 454836 0.00 429.22 3029.64
11.80 7.15 84.45 303.83 4.00 454846 0.00 429.69 3030.47
11.80 7.15 84.45 304.08 4.00 454856 0.00 430.40 3031.29
11.80 7.15 84.45 304.33 4.00 454866 0.00 431.11 3032.12
11.80 7.15 84.45 304.66 4.00 454876 0.00 432.05 3033.01
11.80 7.15 84.45 304.83 4.00 454886 0.00 432.53 3033.84
11.80 7.15 84.45 305.08 4.00 454896 0.00 433.24 3034.67
11.80 7.15 84.45 305.33 4.00 454906 0.00 433.95 3035.55
11.80 7.15 84.45 305.50 4.00 454916 0.00 434.43 3036.38
11.82 6.79 80.27 305.75 4.00 454926 0.00 435.15 3037.17
11.82 6.79 80.27 305.92 4.00 454936 0.00 435.63 3037.96
11.82 6.79 80.27 306.18 4.00 454946 0.00 436.35 3038.80
11.82 6.79 80.27 306.34 4.00 454956 0.00 436.83 3039.59
11.82 6.79 80.27 306.60 4.00 454966 0.00 437.55 3040.37
11.82 6.79 80.27 306.77 4.00 454976 0.00 438.04 3041.22
11.82 6.79 80.27 306.94 4.00 454986 0.00 438.52 3042.00
11.82 6.79 80.27 307.19 4.00 454996 0.00 439.25 3042.79
11.82 6.79 80.27 307.45 4.00 455006 0.00 439.98 3043.58
11.82 6.79 80.27 307.70 4.00 455016 0.00 440.71 3044.42
11.82 6.79 80.27 307.87 4.00 455026 0.00 441.20 3045.21
11.82 6.79 80.27 308.13 4.00 455036 0.00 441.93 3045.99
11.82 6.79 80.27 308.21 4.00 455046 0.00 442.18 3046.78
11.82 6.79 80.27 308.47 4.00 455056 0.00 442.91 3047.62
11.83 6.62 78.27 308.64 4.00 455066 0.00 443.41 3048.40
11.83 6.62 78.27 308.90 4.00 455076 0.00 444.15 3049.16
11.83 6.62 78.27 309.07 4.00 455086 0.00 444.64 3049.98
11.83 6.62 78.27 309.33 4.00 455096 0.00 445.38 3050.75
11.83 6.62 78.27 309.59 4.00 455106 0.00 446.13 3051.52
11.83 6.62 78.27 309.67 4.00 455116 0.00 446.38 3052.29
11.83 6.62 78.27 310.02 4.00 455126 0.00 447.37 3053.11
11.83 6.62 78.27 310.11 4.00 455136 0.00 447.62 3053.88
11.83 6.62 78.27 310.37 4.00 455146 0.00 448.38 3054.65
11.83 6.62 78.27 310.63 4.00 455156 0.00 449.13 3055.47
11.83 6.62 78.27 310.80 4.00 455166 0.00 449.63 3056.24
11.83 6.62 78.27 310.97 4.00 455176 0.00 450.13 3057.00
11.83 6.62 78.27 311.15 4.00 455186 0.00 450.64 3057.77
11.83 6.62 78.27 311.32 4.00 455196 0.00 451.14 3058.59
11.84 6.07 71.81 311.58 4.00 455206 0.00 451.90 3059.32
11.84 6.07 71.81 311.67 4.00 455216 0.00 452.16 3060.03
11.84 6.07 71.81 312.02 4.00 455226 0.00 453.17 3060.73
11.84 6.07 71.81 312.11 4.00 455236 0.00 453.43 3061.48
11.84 6.07 71.81 312.29 4.00 455246 0.00 453.94 3062.19
11.84 6.07 71.81 312.55 4.00 455256 0.00 454.70 3062.89
11.84 6.07 71.81 312.72 4.00 455266 0.00 455.22 3063.64
11.84 6.07 71.81 312.90 4.00 455276 0.00 455.73 3064.35
11.84 6.07 71.81 313.08 4.00 455286 0.00 456.24 3065.05
11.84 6.07 71.81 313.25 4.00 455296 0.00 456.76 3065.76
11.84 6.07 71.81 313.43 4.00 455306 0.00 457.27 3066.51
11.84 6.07 71.81 313.70 4.00 455316 0.00 458.05 3067.21
11.84 6.07 71.81 313.87 4.00 455326 0.00 458.57 3067.92
11.84 6.07 71.81 314.05 4.00 455336 0.00 459.08 3068.67
11.84 5.94 70.34 314.14 4.00 455346 0.00 459.34 3069.37
11.84 5.94 70.34 314.50 4.00 455356 0.00 460.38 3070.06
11.84 5.94 70.34 314.58 4.00 455366 0.00 460.64 3070.75
11.84 5.94 70.34 314.85 4.00 455376 0.00 461.43 3071.49
11.84 5.94 70.34 315.03 4.00 455386 0.00 461.95 3072.18
11.84 5.94 70.34 315.30 4.00 455396 0.00 462.74 3072.87
11.84 5.94 70.34 315.48 4.00 455406 0.00 463.26 3073.61
11.84 5.94 70.34 315.48 4.00 455416 0.00 463.26 3074.30
11.84 5.94 70.34 315.75 4.00 455426 0.00 464.05 3074.99
11.84 5.94 70.34 315.93 4.00 455436 0.00 464.58 3075.68
11.84 5.94 70.34 316.11 4.00 455446 0.00 465.11 3076.41
11.84 5.94 70.34 316.29 4.00 455456 0.00 465.64 3077.11
11.84 5.94 70.34 316.47 4.00 455466 0.00 466.17 3077.79
11.84 5.94 70.34 316.56 4.00 455476 0.00 466.44 3078.49
11.85 5.75 68.16 316.74 4.00 455486 0.00 466.97 3079.22
11.85 5.75 68.16 316.92 4.00 455496 0.00 467.50 3079.89
11.85 5.75 68.16 317.10 4.00 455506 0.00 468.04 3080.56
11.85 5.75 68.16 317.28 4.00 455516 0.00 468.57 3081.27
11.85 5.75 68.16 317.55 4.00 455526 0.00 469.37 3081.94
11.85 5.75 68.16 317.73 4.00 455536 0.00 469.91 3082.61
11.85 5.75 68.16 317.82 4.00 455546 0.00 470.18 3083.28
11.85 5.75 68.16 318.10 4.00 455556 0.00 470.99 3083.99
11.85 5.75 68.16 318.19 4.00 455566 0.00 471.26 3084.66
11.85 5.75 68.16 318.37 4.00 455576 0.00 471.80 3085.33
11.85 5.75 68.16 318.55 4.00 455586 0.00 472.34 3086.05
11.85 5.75 68.16 318.74 4.00 455596 0.00 472.88 3086.72
11.85 5.75 68.16 318.92 4.00 455606 0.00 473.42 3087.39
11.85 5.75 68.16 319.10 4.00 455616 0.00 473.97 3088.06
11.85 5.75 68.16 319.19 4.00 455626 0.00 474.24 3088.77
11.86 5.24 62.17 319.38 4.00 455636 0.00 474.79 3089.38
11.86 5.24 62.17 319.47 4.00 455646 0.00 475.06 3089.99
11.86 5.24 62.17 319.74 4.00 455656 0.00 475.88 3090.60
11.86 5.24 62.17 319.84 4.00 455666 0.00 476.15 3091.25
11.86 5.24 62.17 320.02 4.00 455676 0.00 476.70 3091.86
11.86 5.24 62.17 320.20 4.00 455686 0.00 477.25 3092.47
11.86 5.24 62.17 320.39 4.00 455696 0.00 477.80 3093.12
11.86 5.24 62.17 320.57 4.00 455706 0.00 478.36 3093.73
11.86 5.24 62.17 320.67 4.00 455716 0.00 478.63 3094.34
11.86 5.24 62.17 320.85 4.00 455726 0.00 479.18 3094.95
11.86 5.24 62.17 321.04 4.00 455736 0.00 479.74 3095.60
11.86 5.24 62.17 321.13 4.00 455746 0.00 480.02 3096.21
11.86 5.24 62.17 321.22 4.00 455756 0.00 480.29 3096.82
11.86 5.24 62.17 321.50 4.00 455766 0.00 481.13 3097.47
11.87 5.27 62.58 321.60 4.00 455776 0.00 481.41 3098.09
11.87 5.27 62.58 321.78 4.00 455786 0.00 481.96 3098.70
11.87 5.27 62.58 321.97 4.00 455796 0.00 482.52 3099.32
11.87 5.27 62.58 322.15 4.00 455806 0.00 483.08 3099.97
11.87 5.27 62.58 322.34 4.00 455816 0.00 483.64 3100.59
11.87 5.27 62.58 322.44 4.00 455826 0.00 483.92 3101.20
11.87 5.27 62.58 322.62 4.00 455836 0.00 484.49 3101.86
11.87 5.27 62.58 322.81 4.00 455846 0.00 485.05 3102.47
11.87 5.27 62.58 322.90 4.00 455856 0.00 485.33 3103.08
11.87 5.27 62.58 323.00 4.00 455866 0.00 485.61 3103.70
11.87 5.27 62.58 323.19 4.00 455876 0.00 486.18 3104.35
11.87 5.27 62.58 323.37 4.00 455886 0.00 486.74 3104.97
11.87 5.27 62.58 323.47 4.00 455896 0.00 487.03 3105.58
11.87 5.27 62.58 323.66 4.00 455906 0.00 487.60 3106.24
11.87 4.93 58.51 323.84 4.00 455916 0.00 488.16 3106.83
11.87 4.93 58.51 323.94 4.00 455926 0.00 488.45 3107.40
11.87 4.93 58.51 324.13 4.00 455936 0.00 489.02 3107.97
11.87 4.93 58.51 324.22 4.00 455946 0.00 489.30 3108.59
11.87 4.93 58.51 324.41 4.00 455956 0.00 489.88 3109.16
11.87 4.93 58.51 324.51 4.00 455966 0.00 490.16 3109.74
11.87 4.93 58.51 324.70 4.00 455976 0.00 490.74 3110.31
11.87 4.93 58.51 324.89 4.00 455986 0.00 491.31 3110.92
11.87 4.93 58.51 324.98 4.00 455996 0.00 491.60 3111.50
11.87 4.93 58.51 325.17 4.00 456006 0.00 492.17 3112.07
11.87 4.93 58.51 325.27 4.00 456016 0.00 492.46 3112.68
11.87 4.93 58.51 325.46 4.00 456026 0.00 493.04 3113.26
11.87 4.93 58.51 325.55 4.00 456036 0.00 493.33 3113.83
11.87 4.93 58.51 325.74 4.00 456046 0.00 493.91 3114.41
11.88 4.66 55.38 325.93 4.00 456056 0.00 494.49 3115.01
11.88 4.66 55.38 326.03 4.00 456066 0.00 494.78 3115.55
11.88 4.66 55.38 326.13 4.00 456076 0.00 495.07 3116.09
11.88 4.66 55.38 326.22 4.00 456086 0.00 495.36 3116.67
11.88 4.66 55.38 326.41 4.00 456096 0.00 495.94 3117.22
11.88 4.66 55.38 326.61 4.00 456106 0.00 496.52 3117.76
11.88 4.66 55.38 326.70 4.00 456116 0.00 496.81 3118.31
11.88 4.66 55.38 326.80 4.00 456126 0.00 497.11 3118.89
11.88 4.66 55.38 326.99 4.00 456136 0.00 497.69 3119.43
11.88 4.66 55.38 327.09 4.00 456146 0.00 497.99 3119.97
11.88 4.66 55.38 327.18 4.00 456156 0.00 498.28 3120.55
11.88 4.66 55.38 327.28 4.00 456166 0.00 498.57 3121.10
11.88 4.66 55.38 327.47 4.00 456176 0.00 499.16 3121.64
11.88 4.66 55.38 327.57 4.00 456186 0.00 499.45 3122.18
11.88 4.61 54.78 327.76 4.00 456196 0.00 500.04 3122.76
11.88 4.61 54.78 327.86 4.00 456206 0.00 500.34 3123.30
11.88 4.61 54.78 328.05 4.00 456216 0.00 500.93 3123.84
11.88 4.61 54.78 328.15 4.00 456226 0.00 501.23 3124.38
11.88 4.61 54.78 328.34 4.00 456236 0.00 501.82 3124.95
11.88 4.61 54.78 328.54 4.00 456246 0.00 502.41 3125.49
11.88 4.61 54.78 328.63 4.00 456256 0.00 502.71 3126.03
11.88 4.61 54.78 328.73 4.00 456266 0.00 503.01 3126.60
11.88 4.61 54.78 328.83 4.00 456276 0.00 503.30 3127.14
11.88 4.61 54.78 329.02 4.00 456286 0.00 503.90 3127.68
11.88 4.61 54.78 329.12 4.00 456296 0.00 504.20 3128.21
11.88 4.61 54.78 329.32 4.00 456306 0.00 504.80 3128.79
11.88 4.61 54.78 329.32 4.00 456316 0.00 504.80 3129.32
11.88 4.61 54.78 329.41 4.00 456326 0.00 505.10 3129.86
11.88 4.61 54.78 329.61 4.00 456336 0.00 505.70 3130.43
11.89 4.35 51.74 329.80 4.00 456346 0.00 506.30 3130.94
11.89 4.35 51.74 329.90 4.00 456356 0.00 506.60 3131.45
11.89 4.35 51.74 330.00 4.00 456366 0.00 506.90 3131.96
11.89 4.35 51.74 330.10 4.00 456376 0.00 507.20 3132.50
11.89 4.35 51.74 330.20 4.00 456386 0.00 507.50 3133.01
11.89 4.35 51.74 330.39 4.00 456396 0.00 508.11 3133.51
11.89 4.35 51.74 330.49 4.00 456406 0.00 508.41 3134.06
11.89 4.35 51.74 330.69 4.00 456416 0.00 509.01 3134.57
11.89 4.35 51.74 330.79 4.00 456426 0.00 509.32 3135.07
11.89 4.35 51.74 330.88 4.00 456436 0.00 509.62 3135.58
11.89 4.35 51.74 331.08 4.00 456446 0.00 510.23 3136.12
11.89 4.35 51.74 331.18 4.00 456456 0.00 510.53 3136.63
11.89 4.35 51.74 331.28 4.00 456466 0.00 510.84 3137.14
11.89 4.35 51.74 331.48 4.00 456476 0.00 511.45 3137.68
11.89 4.07 48.36 331.58 4.00 456486 0.00 511.75 3138.16
11.89 4.07 48.36 331.67 4.00 456496 0.00 512.06 3138.64
11.89 4.07 48.36 331.87 4.00 456506 0.00 512.67 3139.11
11.89 4.07 48.36 331.87 4.00 456516 0.00 512.67 3139.62
11.89 4.07 48.36 331.97 4.00 456526 0.00 512.97 3140.09
11.89 4.07 48.36 332.17 4.00 456536 0.00 513.59 3140.57
11.89 4.07 48.36 332.27 4.00 456546 0.00 513.90 3141.04
11.89 4.07 48.36 332.37 4.00 456556 0.00 514.20 3141.55
11.89 4.07 48.36 332.47 4.00 456566 0.00 514.51 3142.02
11.89 4.07 48.36 332.57 4.00 456576 0.00 514.82 3142.50
11.89 4.07 48.36 332.67 4.00 456586 0.00 515.13 3143.00
11.89 4.07 48.36 332.87 4.00 456596 0.00 515.74 3143.48
11.89 4.07 48.36 332.97 4.00 456606 0.00 516.05 3143.95
11.89 4.07 48.36 333.07 4.00 456616 0.00 516.36 3144.43
11.90 4.15 49.36 333.17 4.00 456626 0.00 516.67 3144.94
11.90 4.15 49.36 333.27 4.00 456636 0.00 516.98 3145.42
11.90 4.15 49.36 333.47 4.00 456646 0.00 517.60 3145.91
11.90 4.15 49.36 333.47 4.00 456656 0.00 517.60 3146.42
11.90 4.15 49.36 333.67 4.00 456666 0.00 518.23 3146.91
11.90 4.15 49.36 333.77 4.00 456676 0.00 518.54 3147.39
11.90 4.15 49.36 333.87 4.00 456686 0.00 518.85 3147.88
11.90 4.15 49.36 334.07 4.00 456696 0.00 519.47 3148.40
11.90 4.15 49.36 334.17 4.00 456706 0.00 519.79 3148.88
11.90 4.15 49.36 334.27 4.00 456716 0.00 520.10 3149.36
11.90 4.15 49.36 334.37 4.00 456726 0.00 520.41 3149.88
11.90 4.15 49.36 334.47 4.00 456736 0.00 520.72 3150.37
11.90 4.15 49.36 334.57 4.00 456746 0.00 521.04 3150.85
11.90 4.15 49.36 334.67 4.00 456756 0.00 521.35 3151.34
11.90 3.72 44.33 334.77 4.00 456766 0.00 521.67 3151.83
11.90 3.72 44.33 334.77 4.00 456776 0.00 521.67 3152.27
11.90 3.72 44.33 334.97 4.00 456786 0.00 522.30 3152.70
11.90 3.72 44.33 335.08 4.00 456796 0.00 522.61 3153.17
11.90 3.72 44.33 335.18 4.00 456806 0.00 522.93 3153.60
11.90 3.72 44.33 335.28 4.00 456816 0.00 523.24 3154.04
11.90 3.72 44.33 335.38 4.00 456826 0.00 523.56 3154.47
11.90 3.72 44.33 335.48 4.00 456836 0.00 523.87 3154.93
11.90 3.72 44.33 335.58 4.00 456846 0.00 524.19 3155.37
11.90 3.72 44.33 335.68 4.00 456856 0.00 524.51 3155.80
11.90 3.72 44.33 335.89 4.00 456866 0.00 525.14 3156.27
11.90 3.72 44.33 335.89 4.00 456876 0.00 525.14 3156.70
11.90 3.72 44.33 335.99 4.00 456886 0.00 525.46 3157.14
11.90 3.72 44.33 336.09 4.00 456896 0.00 525.78 3157.58
11.90 3.74 44.52 336.29 4.00 456906 0.00 526.41 3158.04
11.91 3.74 44.54 336.39 4.00 456916 0.00 526.73 3158.48
11.91 3.74 44.54 336.50 4.00 456926 0.00 527.05 3158.91
11.91 3.74 44.54 336.60 4.00 456936 0.00 527.37 3159.38
11.91 3.74 44.54 336.70 4.00 456946 0.00 527.69 3159.82
11.91 3.74 44.54 336.80 4.00 456956 0.00 528.01 3160.26
11.91 3.74 44.54 336.90 4.00 456966 0.00 528.33 3160.69
11.91 3.74 44.54 337.01 4.00 456976 0.00 528.65 3161.16
11.91 3.74 44.54 337.01 4.00 456986 0.00 528.65 3161.60
11.91 3.74 44.54 337.11 4.00 456996 0.00 528.97 3162.03
11.91 3.74 44.54 337.31 4.00 457006 0.00 529.62 3162.47
11.91 3.74 44.54 337.42 4.00 457016 0.00 529.94 3162.94
11.91 3.74 44.54 337.52 4.00 457026 0.00 530.26 3163.38
11.91 3.74 44.54 337.52 4.00 457036 0.00 530.26 3163.81
11.91 3.74 44.54 337.62 4.00 457046 0.00 530.58 3164.28
11.92 3.82 45.54 337.72 4.00 457056 0.00 530.90 3164.73
11.92 3.82 45.54 337.83 4.00 457066 0.00 531.23 3165.17
11.92 3.82 45.54 338.03 4.00 457076 0.00 531.87 3165.62
11.92 3.82 45.54 338.03 4.00 457086 0.00 531.87 3166.10
11.92 3.82 45.54 338.24 4.00 457096 0.00 532.52 3166.54
11.92 3.82 45.54 338.24 4.00 457106 0.00 532.52 3166.99
11.92 3.82 45.54 338.44 4.00 457116 0.00 533.17 3167.47
11.92 3.82 45.54 338.44 4.00 457126 0.00 533.17 3167.91
11.92 3.82 45.54 338.55 4.00 457136 0.00 533.49 3168.36
11.92 3.82 45.54 338.55 4.00 457146 0.00 533.49 3168.81
11.92 3.82 45.54 338.86 4.00 457156 0.00 534.47 3169.28
11.92 3.82 45.54 338.86 4.00 457166 0.00 534.47 3169.73
11.92 3.82 45.54 338.96 4.00 457176 0.00 534.80 3170.18
11.92 3.82 45.54 339.06 4.00 457186 0.00 535.12 3170.65
11.92 3.35 39.89 339.06 4.00 457196 0.00 535.12 3171.06
11.92 3.35 39.89 339.17 4.00 457206 0.00 535.45 3171.45
11.92 3.35 39.89 339.27 4.00 457216 0.00 535.78 3171.84
11.92 3.35 39.89 339.37 4.00 457226 0.00 536.11 3172.26
11.92 3.35 39.89 339.48 4.00 457236 0.00 536.43 3172.65
11.92 3.35 39.89 339.58 4.00 457246 0.00 536.76 3173.05
11.92 3.35 39.89 339.69 4.00 457256 0.00 537.09 3173.44
11.92 3.35 39.89 339.79 4.00 457266 0.00 537.42 3173.85
11.92 3.35 39.89 339.89 4.00 457276 0.00 537.75 3174.25
11.92 3.35 39.89 340.00 4.00 457286 0.00 538.08 3174.64
11.92 3.35 39.89 340.10 4.00 457296 0.00 538.41 3175.06
11.92 3.35 39.89 340.21 4.00 457306 0.00 538.73 3175.45
11.92 3.35 39.89 340.21 4.00 457316 0.00 538.73 3175.84
11.92 3.35 39.89 340.41 4.00 457326 0.00 539.40 3176.23
11.92 3.37 40.15 340.41 4.00 457336 0.00 539.40 3176.65
11.92 3.37 40.15 340.52 4.00 457346 0.00 539.73 3177.04
11.92 3.37 40.15 340.62 4.00 457356 0.00 540.06 3177.44
11.92 3.37 40.15 340.73 4.00 457366 0.00 540.39 3177.86
11.92 3.37 40.15 340.83 4.00 457376 0.00 540.72 3178.25
11.92 3.37 40.15 340.83 4.00 457386 0.00 540.72 3178.65
11.92 3.37 40.15 340.94 4.00 457396 0.00 541.05 3179.04
11.92 3.37 40.15 340.94 4.00 457406 0.00 541.05 3179.46
11.92 3.37 40.15 341.15 4.00 457416 0.00 541.72 3179.86
11.92 3.37 40.15 341.15 4.00 457426 0.00 541.72 3180.25
11.92 3.37 40.15 341.25 4.00 457436 0.00 542.05 3180.67
11.92 3.37 40.15 341.25 4.00 457446 0.00 542.05 3181.06
11.92 3.37 40.15 341.46 4.00 457456 0.00 542.72 3181.46
11.92 3.37 40.15 341.57 4.00 457466 0.00 543.05 3181.85
11.93 3.45 41.13 341.67 4.00 457476 0.00 543.38 3182.28
11.93 3.45 41.13 341.67 4.00 457486 0.00 543.38 3182.68
11.93 3.45 41.13 341.78 4.00 457496 0.00 543.72 3183.08
11.93 3.45 41.13 341.88 4.00 457506 0.00 544.05 3183.49
11.93 3.45 41.13 341.99 4.00 457516 0.00 544.39 3183.92
11.93 3.45 41.13 342.09 4.00 457526 0.00 544.72 3184.32
11.93 3.45 41.13 342.20 4.00 457536 0.00 545.06 3184.73
11.93 3.45 41.13 342.30 4.00 457546 0.00 545.39 3185.16
11.93 3.45 41.13 342.41 4.00 457556 0.00 545.73 3185.56
11.93 3.45 41.13 342.41 4.00 457566 0.00 545.73 3185.96
11.93 3.45 41.13 342.51 4.00 457576 0.00 546.07 3186.37
11.93 3.45 41.13 342.51 4.00 457586 0.00 546.07 3186.80
11.93 3.45 41.13 342.72 4.00 457596 0.00 546.74 3187.20
11.93 3.45 41.13 342.72 4.00 457606 0.00 546.74 3187.61
11.93 3.08 36.76 342.83 4.00 457616 0.00 547.08 3188.03
11.93 3.08 36.78 342.83 4.00 457626 0.00 547.08 3188.39
11.93 3.08 36.78 342.94 4.00 457636 0.00 547.42 3188.75
11.93 3.08 36.78 343.04 4.00 457646 0.00 547.75 3189.13
11.93 3.08 36.78 343.04 4.00 457656 0.00 547.75 3189.49
11.93 3.08 36.78 343.15 4.00 457666 0.00 548.09 3189.85
11.93 3.08 36.78 343.25 4.00 457676 0.00 548.43 3190.24
11.93 3.08 36.78 343.36 4.00 457686 0.00 548.77 3190.59
11.93 3.08 36.78 343.47 4.00 457696 0.00 549.11 3190.95
11.93 3.08 36.78 343.68 4.00 457706 0.00 549.79 3191.34
11.93 3.08 36.78 343.57 4.00 457716 0.00 549.45 3191.70
11.93 3.08 36.78 343.78 4.00 457726 0.00 550.13 3192.06
11.93 3.08 36.78 343.78 4.00 457736 0.00 550.13 3192.44
11.93 3.08 36.78 344.00 4.00 457746 0.00 550.81 3192.80
11.93 3.08 36.78 343.89 4.00 457756 0.00 550.47 3193.18
11.93 2.85 34.01 344.00 4.00 457766 0.00 550.81 3193.51
11.93 2.85 34.01 344.10 4.00 457776 0.00 551.15 3193.85
11.93 2.85 34.01 344.21 4.00 457786 0.00 551.49 3194.20
11.93 2.85 34.01 344.21 4.00 457796 0.00 551.49 3194.53
11.93 2.85 34.01 344.32 4.00 457806 0.00 551.84 3194.87
11.93 2.85 34.01 344.42 4.00 457816 0.00 552.18 3195.22
11.93 2.85 34.01 344.42 4.00 457826 0.00 552.18 3195.55
11.93 2.85 34.01 344.53 4.00 457836 0.00 552.52 3195.88
11.93 2.85 34.01 344.64 4.00 457846 0.00 552.86 3196.24
11.93 2.85 34.01 344.64 4.00 457856 0.00 552.86 3196.57
11.93 2.85 34.01 344.64 4.00 457866 0.00 552.86 3196.90
11.93 2.85 34.01 344.85 4.00 457876 0.00 553.55 3197.26
11.93 2.85 34.01 344.96 4.00 457886 0.00 553.89 3197.59
11.93 2.85 34.01 344.85 4.00 457896 0.00 553.55 3197.92
11.93 2.98 35.60 345.07 4.00 457906 0.00 554.24 3198.29
11.93 2.98 35.60 345.07 4.00 457916 0.00 554.24 3198.64
11.93 2.98 35.60 345.17 4.00 457926 0.00 554.58 3198.99
11.93 2.98 35.60 345.28 4.00 457936 0.00 554.93 3199.36
11.93 2.98 35.60 345.39 4.00 457946 0.00 555.27 3199.71
11.93 2.98 35.60 345.49 4.00 457956 0.00 555.62 3200.06
11.93 2.98 35.60 345.60 4.00 457966 0.00 555.96 3200.41
11.93 2.98 35.60 345.60 4.00 457976 0.00 555.96 3200.78
11.93 2.98 35.60 345.71 4.00 457986 0.00 556.31 3201.13
11.93 2.98 35.60 345.82 4.00 457996 0.00 556.66 3201.48
11.93 2.98 35.60 345.82 4.00 458006 0.00 556.66 3201.83
11.93 2.98 35.60 345.92 4.00 458016 0.00 557.00 3202.21
11.93 2.98 35.60 345.92 4.00 458026 0.00 557.00 3202.55
11.93 2.98 35.60 346.03 4.00 458036 0.00 557.35 3202.90
11.94 2.78 33.23 346.03 4.00 458046 0.00 557.35 3203.26
11.94 2.78 33.23 346.14 4.00 458056 0.00 557.70 3203.59
11.94 2.78 33.23 346.25 4.00 458066 0.00 558.04 3203.92
11.94 2.78 33.23 346.25 4.00 458076 0.00 558.04 3204.24
11.94 2.78 33.23 346.36 4.00 458086 0.00 558.39 3204.59
11.94 2.78 33.23 346.46 4.00 458096 0.00 558.74 3204.92
11.94 2.78 33.23 346.46 4.00 458106 0.00 558.74 3205.24
11.94 2.78 33.23 346.57 4.00 458116 0.00 559.09 3205.57
11.94 2.78 33.23 346.57 4.00 458126 0.00 559.09 3205.92
11.94 2.78 33.23 346.68 4.00 458136 0.00 559.44 3206.25
11.94 2.78 33.23 346.79 4.00 458146 0.00 559.79 3206.57
11.94 2.78 33.23 346.90 4.00 458156 0.00 560.14 3206.92
11.94 2.78 33.23 346.90 4.00 458166 0.00 560.14 3207.25
11.94 2.78 33.23 347.01 4.00 458176 0.00 560.49 3207.57
11.94 2.60 31.10 347.11 4.00 458186 0.00 560.84 3207.89
11.94 2.60 31.10 347.11 4.00 458196 0.00 560.84 3208.22
11.94 2.60 31.10 347.22 4.00 458206 0.00 561.19 3208.52
11.94 2.60 31.10 347.22 4.00 458216 0.00 561.19 3208.83
11.94 2.60 31.10 347.33 4.00 458226 0.00 561.54 3209.16
11.94 2.60 31.10 347.44 4.00 458236 0.00 561.89 3209.46
11.94 2.60 31.10 347.44 4.00 458246 0.00 561.89 3209.77
11.94 2.60 31.10 347.55 4.00 458256 0.00 562.24 3210.07
11.94 2.60 31.10 347.55 4.00 458266 0.00 562.24 3210.40
11.94 2.60 31.10 347.66 4.00 458276 0.00 562.59 3210.70
11.94 2.60 31.10 347.66 4.00 458286 0.00 562.59 3211.01
11.94 2.60 31.10 347.77 4.00 458296 0.00 562.94 3211.33
11.94 2.60 31.10 347.87 4.00 458306 0.00 563.30 3211.64
11.94 2.60 31.10 347.87 4.00 458316 0.00 563.30 3211.94
11.94 2.71 32.34 347.98 4.00 458326 0.00 563.65 3212.25
11.94 2.71 32.32 348.09 4.00 458336 0.00 564.00 3212.59
11.94 2.71 32.32 348.09 4.00 458346 0.00 564.00 3212.90
11.94 2.71 32.32 348.20 4.00 458356 0.00 564.36 3213.22
11.94 2.71 32.32 348.20 4.00 458366 0.00 564.36 3213.56
11.94 2.71 32.32 348.31 4.00 458376 0.00 564.71 3213.88
11.94 2.71 32.32 348.42 4.00 458386 0.00 565.07 3214.19
11.94 2.71 32.32 348.42 4.00 458396 0.00 565.07 3214.51
11.94 2.71 32.32 348.53 4.00 458406 0.00 565.42 3214.85
11.94 2.71 32.32 348.53 4.00 458416 0.00 565.42 3215.17
11.94 2.71 32.32 348.53 4.00 458426 0.00 565.42 3215.49
11.94 2.71 32.32 348.64 4.00 458436 0.00 565.77 3215.80
11.94 2.71 32.32 348.75 4.00 458446 0.00 566.13 3216.14
11.94 2.71 32.32 348.86 4.00 458456 0.00 566.49 3216.46
11.94 2.71 32.32 348.86 4.00 458466 0.00 566.49 3216.78
11.94 2.61 31.18 348.86 4.00 458476 0.00 566.49 3217.10
11.94 2.61 31.18 348.97 4.00 458486 0.00 566.84 3217.41
11.94 2.61 31.18 349.08 4.00 458496 0.00 567.20 3217.72
11.94 2.61 31.18 349.08 4.00 458506 0.00 567.20 3218.02
11.94 2.61 31.18 349.19 4.00 458516 0.00 567.55 3218.35
11.94 2.61 31.18 349.19 4.00 458526 0.00 567.55 3218.66
11.94 2.61 31.18 349.30 4.00 458536 0.00 567.91 3218.96
11.94 2.61 31.18 349.41 4.00 458546 0.00 568.27 3219.29
11.94 2.61 31.18 349.41 4.00 458556 0.00 568.27 3219.59
11.94 2.61 31.18 349.41 4.00 458566 0.00 568.27 3219.90
11.94 2.61 31.18 349.52 4.00 458576 0.00 568.63 3220.21
11.94 2.61 31.18 349.63 4.00 458586 0.00 568.98 3220.53
11.94 2.61 31.18 349.74 4.00 458596 0.00 569.34 3220.84
11.94 2.61 31.18 349.74 4.00 458606 0.00 569.34 3221.14
11.95 2.33 27.85 349.85 4.00 458616 0.00 569.70 3221.43
11.95 2.33 27.85 349.74 4.00 458626 0.00 569.34 3221.72
11.95 2.33 27.85 349.85 4.00 458636 0.00 569.70 3222.00
11.95 2.33 27.85 349.96 4.00 458646 0.00 570.06 3222.27
11.95 2.33 27.85 349.96 4.00 458656 0.00 570.06 3222.56
11.95 2.33 27.85 350.07 4.00 458666 0.00 570.42 3222.83
11.95 2.33 27.85 350.07 4.00 458676 0.00 570.42 3223.11
11.95 2.33 27.85 350.18 4.00 458686 0.00 570.78 3223.38
11.95 2.33 27.85 350.18 4.00 458696 0.00 570.78 3223.67
11.95 2.33 27.85 350.29 4.00 458706 0.00 571.14 3223.95
11.95 2.33 27.85 350.29 4.00 458716 0.00 571.14 3224.22
11.95 2.33 27.85 350.40 4.00 458726 0.00 571.50 3224.49
11.95 2.33 27.85 350.51 4.00 458736 0.00 571.86 3224.78
11.95 2.33 27.85 350.51 4.00 458746 0.00 571.86 3225.06
11.95 2.48 29.65 350.62 4.00 458756 0.00 572.22 3225.34
11.95 2.48 29.65 350.73 4.00 458766 0.00 572.58 3225.65
11.95 2.48 29.65 350.73 4.00 458776 0.00 572.58 3225.94
11.95 2.48 29.65 350.84 4.00 458786 0.00 572.94 3226.23
11.95 2.48 29.65 350.84 4.00 458796 0.00 572.94 3226.52
11.95 2.48 29.65 350.95 4.00 458806 0.00 573.30 3226.83
11.95 2.48 29.65 350.95 4.00 458816 0.00 573.30 3227.13
11.95 2.48 29.65 350.95 4.00 458826 0.00 573.30 3227.42
11.95 2.48 29.65 351.06 4.00 458836 0.00 573.67 3227.71
11.95 2.48 29.65 351.06 4.00 458846 0.00 573.67 3228.02
11.95 2.48 29.65 351.06 4.00 458856 0.00 573.67 3228.31
11.95 2.48 29.65 351.17 4.00 458866 0.00 574.03 3228.60
11.95 2.48 29.65 351.17 4.00 458876 0.00 574.03 3228.91
11.95 2.48 29.65 351.28 4.00 458886 0.00 574.39 3229.20
11.95 2.40 28.70 351.28 4.00 458896 0.00 574.39 3229.49
11.95 2.40 28.70 351.40 4.00 458906 0.00 574.76 3229.77
11.95 2.40 28.70 351.40 4.00 458916 0.00 574.76 3230.07
11.95 2.40 28.70 351.51 4.00 458926 0.00 575.12 3230.35
11.95 2.40 28.70 351.51 4.00 458936 0.00 575.12 3230.64
11.95 2.40 28.70 351.62 4.00 458946 0.00 575.48 3230.94
11.95 2.40 28.70 351.62 4.00 458956 0.00 575.48 3231.22
11.95 2.40 28.70 351.73 4.00 458966 0.00 575.85 3231.50
11.95 2.40 28.70 351.84 4.00 458976 0.00 576.21 3231.78
11.95 2.40 28.70 351.84 4.00 458986 0.00 576.21 3232.08
11.95 2.40 28.70 351.84 4.00 458996 0.00 576.21 3232.36
11.95 2.40 28.70 351.95 4.00 459006 0.00 576.58 3232.65
11.95 2.40 28.70 352.06 4.00 459016 0.00 576.94 3232.95
11.95 2.40 28.70 352.06 4.00 459026 0.00 576.94 3233.23
11.95 2.13 25.39 352.06 4.00 459036 0.00 576.94 3233.51
11.96 2.13 25.41 352.17 4.00 459046 0.00 577.31 3233.76
11.96 2.13 25.41 352.17 4.00 459056 0.00 577.31 3234.02
11.96 2.13 25.41 352.29 4.00 459066 0.00 577.68 3234.27
11.96 2.13 25.41 352.29 4.00 459076 0.00 577.68 3234.52
11.96 2.13 25.41 352.29 4.00 459086 0.00 577.68 3234.77
11.96 2.13 25.41 352.29 4.00 459096 0.00 577.68 3235.04
11.96 2.13 25.41 352.40 4.00 459106 0.00 578.04 3235.29
11.96 2.13 25.41 352.40 4.00 459116 0.00 578.04 3235.54
11.96 2.13 25.41 352.51 4.00 459126 0.00 578.41 3235.80
11.96 2.13 25.41 352.51 4.00 459136 0.00 578.41 3236.05
11.96 2.13 25.41 352.51 4.00 459146 0.00 578.41 3236.30
11.96 2.13 25.41 352.62 4.00 459156 0.00 578.78 3236.55
11.96 2.13 25.41 352.73 4.00 459166 0.00 579.14 3236.82
11.96 2.13 25.41 352.85 4.00 459176 0.00 579.51 3237.07
11.95 2.23 26.72 352.85 4.00 459186 0.00 579.51 3237.33
11.95 2.23 26.72 352.96 4.00 459196 0.00 579.88 3237.61
11.95 2.23 26.72 352.96 4.00 459206 0.00 579.88 3237.87
11.95 2.23 26.72 352.96 4.00 459216 0.00 579.88 3238.13
11.95 2.23 26.72 353.07 4.00 459226 0.00 580.25 3238.39
11.95 2.23 26.72 352.96 4.00 459236 0.00 579.88 3238.67
11.95 2.23 26.72 353.07 4.00 459246 0.00 580.25 3238.94
11.95 2.23 26.72 353.18 4.00 459256 0.00 580.62 3239.20
11.95 2.23 26.72 353.18 4.00 459266 0.00 580.62 3239.48
11.95 2.23 26.72 353.18 4.00 459276 0.00 580.62 3239.74
11.95 2.23 26.72 353.29 4.00 459286 0.00 580.99 3240.00
11.95 2.23 26.72 353.41 4.00 459296 0.00 581.36 3240.26
11.95 2.23 26.72 353.41 4.00 459306 0.00 581.36 3240.54
11.95 2.23 26.72 353.41 4.00 459316 0.00 581.36 3240.81
11.95 2.21 26.39 353.41 4.00 459326 0.00 581.36 3241.07
11.95 2.21 26.39 353.52 4.00 459336 0.00 581.73 3241.33
11.95 2.21 26.39 353.52 4.00 459346 0.00 581.73 3241.60
11.95 2.21 26.39 353.63 4.00 459356 0.00 582.10 3241.86
11.95 2.21 26.39 353.63 4.00 459366 0.00 582.10 3242.12
11.95 2.21 26.39 353.74 4.00 459376 0.00 582.47 3242.40
11.95 2.21 26.39 353.86 4.00 459386 0.00 582.84 3242.66
11.95 2.21 26.39 353.86 4.00 459396 0.00 582.84 3242.92
11.95 2.21 26.39 353.97 4.00 459406 0.00 583.21 3243.18
11.95 2.21 26.39 353.97 4.00 459416 0.00 583.21 3243.45
11.95 2.21 26.39 353.97 4.00 459426 0.00 583.21 3243.71
11.95 2.21 26.39 353.97 4.00 459436 0.00 583.21 3243.97
11.95 2.21 26.39 354.08 4.00 459446 0.00 583.58 3244.23
11.95 2.21 26.39 354.08 4.00 459456 0.00 583.58 3244.51
11.96 2.00 23.90 354.08 4.00 459466 0.00 583.58 3244.75
11.96 2.00 23.90 354.20 4.00 459476 0.00 583.95 3244.99
11.96 2.00 23.90 354.20 4.00 459486 0.00 583.95 3245.24
11.96 2.00 23.90 354.20 4.00 459496 0.00 583.95 3245.47
11.96 2.00 23.90 354.31 4.00 459506 0.00 584.33 3245.70
11.96 2.00 23.90 354.31 4.00 459516 0.00 584.33 3245.95
11.96 2.00 23.90 354.42 4.00 459526 0.00 584.70 3246.18
11.96 2.00 23.90 354.42 4.00 459536 0.00 584.70 3246.42
11.96 2.00 23.90 354.42 4.00 459546 0.00 584.70 3246.67
11.96 2.00 23.90 354.53 4.00 459556 0.00 585.07 3246.90
11.96 2.00 23.90 354.53 4.00 459566 0.00 585.07 3247.15
11.96 2.00 23.90 354.53 4.00 459576 0.00 585.07 3247.38
11.96 2.00 23.90 354.65 4.00 459586 0.00 585.45 3247.62
11.96 2.00 23.90 354.65 4.00 459596 0.00 585.45 3247.87
11.96 2.01 24.01 354.76 4.00 459606 0.00 585.82 3248.10
11.96 2.01 24.01 354.76 4.00 459616 0.00 585.82 3248.33
11.96 2.01 24.01 354.76 4.00 459626 0.00 585.82 3248.58
11.96 2.01 24.01 354.87 4.00 459636 0.00 586.19 3248.82
11.96 2.01 24.01 354.87 4.00 459646 0.00 586.19 3249.05
11.96 2.01 24.01 354.99 4.00 459656 0.00 586.57 3249.30
11.96 2.01 24.01 354.99 4.00 459666 0.00 586.57 3249.54
11.96 2.01 24.01 355.10 4.00 459676 0.00 586.94 3249.77
11.96 2.01 24.01 354.99 4.00 459686 0.00 586.57 3250.02
11.96 2.01 24.01 355.10 4.00 459696 0.00 586.94 3250.26
11.96 2.01 24.01 355.10 4.00 459706 0.00 586.94 3250.49
11.96 2.01 24.01 355.21 4.00 459716 0.00 587.32 3250.74
11.96 2.01 24.01 355.21 4.00 459726 0.00 587.32 3250.98
11.96 2.01 24.01 355.21 4.00 459736 0.00 587.32 3251.21
11.96 2.05 24.51 355.33 4.00 459746 0.00 587.69 3251.46
11.96 2.05 24.50 355.33 4.00 459756 0.00 587.69 3251.70
11.96 2.05 24.50 355.44 4.00 459766 0.00 588.07 3251.95
11.96 2.05 24.50 355.44 4.00 459776 0.00 588.07 3252.20
11.96 2.05 24.50 355.56 4.00 459786 0.00 588.45 3252.44
11.96 2.05 24.50 355.56 4.00 459796 0.00 588.45 3252.68
11.96 2.05 24.50 355.67 4.00 459806 0.00 588.82 3252.94
11.96 2.05 24.50 355.56 4.00 459816 0.00 588.45 3253.18
11.96 2.05 24.50 355.67 4.00 459826 0.00 588.82 3253.42
11.96 2.05 24.50 355.67 4.00 459836 0.00 588.82 3253.66
11.96 2.05 24.50 355.67 4.00 459846 0.00 588.82 3253.92
11.96 2.05 24.50 355.78 4.00 459856 0.00 589.20 3254.16
11.96 2.05 24.50 355.78 4.00 459866 0.00 589.20 3254.40
11.96 2.05 24.50 355.78 4.00 459876 0.00 589.20 3254.65
11.96 2.05 24.50 355.90 4.00 459886 0.00 589.58 3254.89
11.96 1.92 22.97 355.90 4.00 459896 0.00 589.58 3255.12
11.96 1.92 22.97 355.90 4.00 459906 0.00 589.58 3255.35
11.96 1.92 22.97 355.90 4.00 459916 0.00 589.58 3255.59
11.96 1.92 22.97 356.13 4.00 459926 0.00 590.33 3255.81
11.96 1.92 22.97 356.13 4.00 459936 0.00 590.33 3256.04
11.96 1.92 22.97 356.13 4.00 459946 0.00 590.33 3256.26
11.96 1.92 22.97 356.13 4.00 459956 0.00 590.33 3256.50
11.96 1.92 22.97 356.13 4.00 459966 0.00 590.33 3256.73
11.96 1.92 22.97 356.24 4.00 459976 0.00 590.71 3256.96
11.96 1.92 22.97 356.24 4.00 459986 0.00 590.71 3257.20
11.96 1.92 22.97 356.35 4.00 459996 0.00 591.09 3257.42
11.96 1.92 22.97 356.35 4.00 460006 0.00 591.09 3257.65
11.96 1.92 22.97 356.35 4.00 460016 0.00 591.09 3257.87
11.96 1.92 22.97 356.47 4.00 460026 0.00 591.47 3258.11
11.97 1.79 21.45 356.47 4.00 460036 0.00 591.47 3258.33
11.97 1.79 21.45 356.47 4.00 460046 0.00 591.47 3258.54
11.97 1.79 21.45 356.47 4.00 460056 0.00 591.47 3258.76
11.97 1.79 21.45 356.58 4.00 460066 0.00 591.85 3258.97
11.97 1.79 21.45 356.58 4.00 460076 0.00 591.85 3259.18
11.97 1.79 21.45 356.70 4.00 460086 0.00 592.23 3259.40
11.97 1.79 21.45 356.70 4.00 460096 0.00 592.23 3259.62
11.97 1.79 21.45 356.70 4.00 460106 0.00 592.23 3259.83
11.97 1.79 21.45 356.70 4.00 460116 0.00 592.23 3260.04
11.97 1.79 21.45 356.70 4.00 460126 0.00 592.23 3260.25
11.97 1.79 21.45 356.81 4.00 460136 0.00 592.61 3260.48
11.97 1.79 21.45 356.81 4.00 460146 0.00 592.61 3260.69
11.97 1.79 21.45 356.93 4.00 460156 0.00 592.99 3260.90
11.97 1.79 21.45 356.93 4.00 460166 0.00 592.99 3261.12
11.97 1.89 22.57 356.93 4.00 460176 0.00 592.99 3261.34
11.97 1.89 22.57 357.04 4.00 460186 0.00 593.37 3261.56
11.97 1.89 22.57 357.04 4.00 460196 0.00 593.37 3261.78
11.97 1.89 22.57 357.04 4.00 460206 0.00 593.37 3262.02
11.97 1.89 22.57 357.16 4.00 460216 0.00 593.76 3262.24
11.97 1.89 22.57 357.16 4.00 460226 0.00 593.76 3262.46
11.97 1.89 22.57 357.16 4.00 460236 0.00 593.76 3262.70
11.97 1.89 22.57 357.27 4.00 460246 0.00 594.14 3262.92
11.97 1.89 22.57 357.16 4.00 460256 0.00 593.76 3263.14
11.97 1.89 22.57 357.27 4.00 460266 0.00 594.14 3263.36
11.97 1.89 22.57 357.27 4.00 460276 0.00 594.14 3263.60
11.97 1.89 22.57 357.27 4.00 460286 0.00 594.14 3263.82
11.97 1.89 22.57 357.39 4.00 460296 0.00 594.52 3264.04
11.97 1.89 22.57 357.39 4.00 460306 0.00 594.52 3264.26
11.97 1.84 21.98 357.50 4.00 460316 0.00 594.90 3264.50
11.97 1.84 21.98 357.50 4.00 460326 0.00 594.90 3264.71
11.97 1.84 21.98 357.39 4.00 460336 0.00 594.52 3264.93
11.97 1.84 21.98 357.50 4.00 460346 0.00 594.90 3265.16
11.97 1.84 21.98 357.50 4.00 460356 0.00 594.90 3265.38
11.97 1.84 21.98 357.62 4.00 460366 0.00 595.29 3265.59
11.97 1.84 21.98 357.73 4.00 460376 0.00 595.67 3265.82
11.97 1.84 21.98 357.73 4.00 460386 0.00 595.67 3266.04
11.97 1.84 21.98 357.73 4.00 460396 0.00 595.67 3266.25
11.97 1.84 21.98 357.85 4.00 460406 0.00 596.05 3266.47
11.97 1.84 21.98 357.85 4.00 460416 0.00 596.05 3266.70
11.97 1.84 21.98 357.85 4.00 460426 0.00 596.05 3266.91
11.97 1.84 21.98 357.85 4.00 460436 0.00 596.05 3267.13
11.97 1.84 21.98 357.85 4.00 460446 0.00 596.05 3267.35
11.97 1.63 19.53 357.85 4.00 460456 0.00 596.05 3267.57
11.97 1.63 19.54 357.96 4.00 460466 0.00 596.44 3267.77
11.97 1.63 19.54 357.96 4.00 460476 0.00 596.44 3267.96
11.97 1.63 19.54 358.08 4.00 460486 0.00 596.82 3268.16
11.97 1.63 19.54 358.08 4.00 460496 0.00 596.82 3268.35
11.97 1.63 19.54 358.08 4.00 460506 0.00 596.82 3268.55
11.97 1.63 19.54 358.08 4.00 460516 0.00 596.82 3268.74
11.97 1.63 19.54 358.08 4.00 460526 0.00 596.82 3268.94
11.97 1.63 19.54 358.19 4.00 460536 0.00 597.21 3269.13
11.97 1.63 19.54 358.08 4.00 460546 0.00 596.82 3269.33
11.97 1.63 19.54 358.19 4.00 460556 0.00 597.21 3269.53
11.97 1.63 19.54 358.19 4.00 460566 0.00 597.21 3269.72
11.97 1.63 19.54 358.31 4.00 460576 0.00 597.59 3269.91
11.97 1.63 19.54 358.42 4.00 460586 0.00 597.98 3270.11
11.97 1.63 19.54 358.31 4.00 460596 0.00 597.59 3270.31
11.97 1.73 20.71 358.31 4.00 460606 0.00 597.59 3270.51
11.97 1.73 20.71 358.42 4.00 460616 0.00 597.98 3270.72
11.97 1.73 20.71 358.42 4.00 460626 0.00 597.98 3270.92
11.97 1.73 20.71 358.54 4.00 460636 0.00 598.36 3271.14
11.97 1.73 20.71 358.54 4.00 460646 0.00 598.36 3271.34
11.97 1.73 20.71 358.54 4.00 460656 0.00 598.36 3271.54
11.97 1.73 20.71 358.54 4.00 460666 0.00 598.36 3271.76
11.97 1.73 20.71 358.65 4.00 460676 0.00 598.75 3271.96
11.97 1.73 20.71 358.54 4.00 460686 0.00 598.36 3272.17
11.97 1.73 20.71 358.65 4.00 460696 0.00 598.75 3272.37
11.97 1.73 20.71 358.65 4.00 460706 0.00 598.75 3272.59
11.97 1.73 20.71 358.65 4.00 460716 0.00 598.75 3272.79
11.97 1.73 20.71 358.77 4.00 460726 0.00 599.14 3273.00
11.97 1.73 20.71 358.77 4.00 460736 0.00 599.14 3273.20
11.97 1.76 21.02 358.77 4.00 460746 0.00 599.14 3273.42
11.97 1.76 21.02 358.77 4.00 460756 0.00 599.14 3273.62
11.97 1.76 21.02 358.89 4.00 460766 0.00 599.52 3273.83
11.97 1.76 21.02 358.89 4.00 460776 0.00 599.52 3274.05
11.97 1.76 21.02 359.00 4.00 460786 0.00 599.91 3274.26
11.97 1.76 21.02 359.00 4.00 460796 0.00 599.91 3274.46
11.97 1.76 21.02 359.00 4.00 460806 0.00 599.91 3274.68
11.97 1.76 21.02 359.00 4.00 460816 0.00 599.91 3274.89
11.97 1.76 21.02 359.12 4.00 460826 0.00 600.30 3275.09
11.97 1.76 21.02 359.12 4.00 460836 0.00 600.30 3275.30
11.97 1.76 21.02 359.12 4.00 460846 0.00 600.30 3275.52
11.97 1.76 21.02 359.12 4.00 460856 0.00 600.30 3275.73
11.97 1.76 21.02 359.23 4.00 460866 0.00 600.69 3275.93
11.97 1.76 21.02 359.23 4.00 460876 0.00 600.69 3276.15
11.97 1.60 19.16 359.23 4.00 460886 0.00 600.69 3276.35
11.97 1.60 19.16 359.23 4.00 460896 0.00 600.69 3276.54
11.97 1.60 19.16 359.23 4.00 460906 0.00 600.69 3276.73
11.97 1.60 19.16 359.23 4.00 460916 0.00 600.69 3276.93
11.97 1.60 19.16 359.35 4.00 460926 0.00 601.08 3277.11
11.97 1.60 19.16 359.35 4.00 460936 0.00 601.08 3277.30
11.97 1.60 19.16 359.35 4.00 460946 0.00 601.08 3277.50
11.97 1.60 19.16 359.47 4.00 460956 0.00 601.46 3277.69
11.97 1.60 19.16 359.47 4.00 460966 0.00 601.46 3277.88
11.97 1.60 19.16 359.47 4.00 460976 0.00 601.46 3278.07
11.97 1.60 19.16 359.58 4.00 460986 0.00 601.85 3278.27
11.97 1.60 19.16 359.58 4.00 460996 0.00 601.85 3278.46
11.97 1.60 19.16 359.58 4.00 461006 0.00 601.85 3278.64
11.97 1.60 19.16 359.58 4.00 461016 0.00 601.85 3278.84
11.98 1.51 18.11 359.58 4.00 461026 0.00 601.85 3279.03
11.98 1.51 18.11 359.58 4.00 461036 0.00 601.85 3279.21
11.98 1.51 18.11 359.70 4.00 461046 0.00 602.24 3279.39
11.98 1.51 18.11 359.70 4.00 461056 0.00 602.24 3279.58
11.98 1.51 18.11 359.70 4.00 461066 0.00 602.24 3279.75
11.98 1.51 18.11 359.70 4.00 461076 0.00 602.24 3279.93
11.98 1.51 18.11 359.82 4.00 461086 0.00 602.63 3280.12
11.98 1.51 18.11 359.82 4.00 461096 0.00 602.63 3280.30
11.98 1.51 18.11 359.82 4.00 461106 0.00 602.63 3280.48
11.98 1.51 18.11 359.82 4.00 461116 0.00 602.63 3280.65
11.98 1.51 18.11 359.82 4.00 461126 0.00 602.63 3280.84
11.98 1.51 18.11 359.93 4.00 461136 0.00 603.02 3281.02
11.98 1.51 18.11 359.93 4.00 461146 0.00 603.02 3281.20
11.98 1.51 18.11 360.05 4.00 461156 0.00 603.41 3281.38
11.98 1.51 18.11 359.93 4.00 461166 0.00 603.02 3281.57
11.97 1.63 19.48 360.05 4.00 461176 0.00 603.41 3281.76
11.97 1.63 19.48 360.05 4.00 461186 0.00 603.41 3281.95
11.97 1.63 19.48 360.05 4.00 461196 0.00 603.41 3282.15
11.97 1.63 19.48 360.17 4.00 461206 0.00 603.81 3282.35
11.97 1.63 19.48 360.17 4.00 461216 0.00 603.81 3282.54
11.97 1.63 19.48 360.17 4.00 461226 0.00 603.81 3282.73
11.97 1.63 19.48 360.17 4.00 461236 0.00 603.81 3282.93
11.97 1.63 19.48 360.17 4.00 461246 0.00 603.81 3283.12
11.97 1.63 19.48 360.17 4.00 461256 0.00 603.81 3283.31
11.97 1.63 19.48 360.17 4.00 461266 0.00 603.81 3283.52
11.97 1.63 19.48 360.28 4.00 461276 0.00 604.20 3283.71
11.97 1.63 19.48 360.28 4.00 461286 0.00 604.20 3283.90
11.97 1.63 19.48 360.28 4.00 461296 0.00 604.20 3284.09
11.97 1.63 19.48 360.28 4.00 461306 0.00 604.20 3284.30
11.97 1.57 18.80 360.28 4.00 461316 0.00 604.20 3284.48
11.97 1.57 18.80 360.40 4.00 461326 0.00 604.59 3284.67
11.97 1.57 18.80 360.40 4.00 461336 0.00 604.59 3284.86
11.97 1.57 18.80 360.40 4.00 461346 0.00 604.59 3285.05
11.97 1.57 18.80 360.52 4.00 461356 0.00 604.98 3285.23
11.97 1.57 18.80 360.52 4.00 461366 0.00 604.98 3285.42
11.97 1.57 18.80 360.52 4.00 461376 0.00 604.98 3285.61
11.97 1.57 18.80 360.52 4.00 461386 0.00 604.98 3285.80
11.97 1.57 18.80 360.63 4.00 461396 0.00 605.37 3285.98
11.97 1.57 18.80 360.63 4.00 461406 0.00 605.37 3286.18
11.97 1.57 18.80 360.52 4.00 461416 0.00 604.98 3286.36
11.97 1.57 18.80 360.63 4.00 461426 0.00 605.37 3286.55
11.97 1.57 18.80 360.75 4.00 461436 0.00 605.77 3286.73
11.97 1.57 18.80 360.63 4.00 461446 0.00 605.37 3286.93
11.98 1.38 16.52 360.75 4.00 461456 0.00 605.77 3287.10
11.98 1.38 16.52 360.75 4.00 461466 0.00 605.77 3287.26
11.98 1.38 16.52 360.75 4.00 461476 0.00 605.77 3287.42
11.98 1.38 16.52 360.87 4.00 461486 0.00 606.16 3287.60
11.98 1.38 16.52 360.87 4.00 461496 0.00 606.16 3287.76
11.98 1.38 16.52 360.75 4.00 461506 0.00 605.77 3287.92
11.98 1.38 16.52 360.75 4.00 461516 0.00 605.77 3288.10
11.98 1.38 16.52 360.87 4.00 461526 0.00 606.16 3288.26
11.98 1.38 16.52 360.87 4.00 461536 0.00 606.16 3288.42
11.98 1.38 16.52 360.87 4.00 461546 0.00 606.16 3288.58
11.98 1.38 16.52 360.98 4.00 461556 0.00 606.56 3288.76
11.98 1.38 16.52 360.98 4.00 461566 0.00 606.56 3288.92
11.98 1.38 16.52 360.98 4.00 461576 0.00 606.56 3289.08
11.98 1.38 16.52 360.98 4.00 461586 0.00 606.56 3289.24
11.98 1.51 18.08 360.98 4.00 461596 0.00 606.56 3289.42
11.98 1.51 18.08 361.10 4.00 461606 0.00 606.95 3289.60
11.98 1.51 18.08 361.10 4.00 461616 0.00 606.95 3289.78
11.98 1.51 18.08 361.10 4.00 461626 0.00 606.95 3289.96
11.98 1.51 18.08 361.22 4.00 461636 0.00 607.34 3290.14
11.98 1.51 18.08 361.22 4.00 461646 0.00 607.34 3290.32
11.98 1.51 18.08 361.10 4.00 461656 0.00 606.95 3290.50
11.98 1.51 18.08 361.22 4.00 461666 0.00 607.34 3290.69
11.98 1.51 18.08 361.22 4.00 461676 0.00 607.34 3290.86
11.98 1.51 18.08 361.22 4.00 461686 0.00 607.34 3291.04
11.98 1.51 18.08 361.22 4.00 461696 0.00 607.34 3291.23
11.98 1.51 18.08 361.22 4.00 461706 0.00 607.34 3291.41
11.98 1.51 18.08 361.22 4.00 461716 0.00 607.34 3291.59
11.98 1.51 18.08 361.34 4.00 461726 0.00 607.74 3291.76
11.98 1.55 18.51 361.34 4.00 461736 0.00 607.74 3291.95
11.98 1.55 18.51 361.34 4.00 461746 0.00 607.74 3292.14
11.98 1.55 18.51 361.34 4.00 461756 0.00 607.74 3292.32
11.98 1.55 18.51 361.45 4.00 461766 0.00 608.13 3292.50
11.98 1.55 18.51 361.45 4.00 461776 0.00 608.13 3292.69
11.98 1.55 18.51 361.45 4.00 461786 0.00 608.13 3292.87
11.98 1.55 18.51 361.45 4.00 461796 0.00 608.13 3293.06
11.98 1.55 18.51 361.57 4.00 461806 0.00 608.53 3293.25
11.98 1.55 18.51 361.57 4.00 461816 0.00 608.53 3293.43
11.98 1.55 18.51 361.57 4.00 461826 0.00 608.53 3293.61
11.98 1.55 18.51 361.57 4.00 461836 0.00 608.53 3293.80
11.98 1.55 18.51 361.57 4.00 461846 0.00 608.53 3293.99
11.98 1.55 18.51 361.57 4.00 461856 0.00 608.53 3294.17
11.98 1.55 18.51 361.69 4.00 461866 0.00 608.93 3294.35
11.98 1.55 18.51 361.69 4.00 461876 0.00 608.93 3294.54
11.98 1.37 16.44 361.57 4.00 461886 0.00 608.53 3294.71
11.98 1.37 16.44 361.69 4.00 461896 0.00 608.93 3294.87
11.98 1.37 16.44 361.69 4.00 461906 0.00 608.93 3295.03
11.98 1.37 16.44 361.69 4.00 461916 0.00 608.93 3295.19
11.98 1.37 16.44 361.69 4.00 461926 0.00 608.93 3295.37
11.98 1.37 16.44 361.81 4.00 461936 0.00 609.32 3295.53
11.98 1.37 16.44 361.81 4.00 461946 0.00 609.32 3295.69
11.98 1.37 16.44 361.81 4.00 461956 0.00 609.32 3295.86
11.98 1.37 16.44 361.81 4.00 461966 0.00 609.32 3296.02
11.98 1.37 16.44 361.81 4.00 461976 0.00 609.32 3296.18
11.98 1.37 16.44 361.93 4.00 461986 0.00 609.72 3296.34
11.98 1.37 16.44 361.93 4.00 461996 0.00 609.72 3296.52
11.98 1.37 16.44 361.93 4.00 462006 0.00 609.72 3296.68
11.98 1.37 16.44 361.93 4.00 462016 0.00 609.72 3296.84
11.98 1.30 15.57 362.04 4.00 462026 0.00 610.12 3297.00
11.98 1.30 15.57 362.04 4.00 462036 0.00 610.12 3297.16
11.98 1.30 15.57 362.04 4.00 462046 0.00 610.12 3297.31
11.98 1.30 15.57 362.04 4.00 462056 0.00 610.12 3297.46
11.98 1.30 15.57 362.04 4.00 462066 0.00 610.12 3297.63
11.98 1.30 15.57 362.16 4.00 462076 0.00 610.52 3297.78
11.98 1.30 15.57 362.04 4.00 462086 0.00 610.12 3297.93
11.98 1.30 15.57 362.16 4.00 462096 0.00 610.52 3298.09
11.98 1.30 15.57 362.04 4.00 462106 0.00 610.12 3298.25
11.98 1.30 15.57 362.04 4.00 462116 0.00 610.12 3298.40
11.98 1.30 15.57 362.16 4.00 462126 0.00 610.52 3298.55
11.98 1.30 15.57 362.16 4.00 462136 0.00 610.52 3298.72
11.98 1.30 15.57 362.16 4.00 462146 0.00 610.52 3298.87
11.98 1.30 15.57 362.28 4.00 462156 0.00 610.91 3299.02
11.98 1.44 17.22 362.28 4.00 462166 0.00 610.91 3299.18
11.98 1.44 17.22 362.28 4.00 462176 0.00 610.91 3299.36
11.98 1.44 17.22 362.28 4.00 462186 0.00 610.91 3299.53
11.98 1.44 17.22 362.28 4.00 462196 0.00 610.91 3299.70
11.98 1.44 17.22 362.28 4.00 462206 0.00 610.91 3299.88
11.98 1.44 17.22 362.40 4.00 462216 0.00 611.31 3300.05
11.98 1.44 17.22 362.28 4.00 462226 0.00 610.91 3300.22
11.98 1.44 17.22 362.40 4.00 462236 0.00 611.31 3300.39
11.98 1.44 17.22 362.40 4.00 462246 0.00 611.31 3300.57
11.98 1.44 17.22 362.40 4.00 462256 0.00 611.31 3300.74
11.98 1.44 17.22 362.40 4.00 462266 0.00 611.31 3300.91
11.98 1.44 17.22 362.40 4.00 462276 0.00 611.31 3301.08
11.98 1.44 17.22 362.52 4.00 462286 0.00 611.71 3301.26
11.98 1.44 17.22 362.52 4.00 462296 0.00 611.71 3301.43
11.98 1.41 16.84 362.52 4.00 462306 0.00 611.71 3301.60
11.98 1.41 16.84 362.40 4.00 462316 0.00 611.31 3301.77
11.98 1.41 16.84 362.52 4.00 462326 0.00 611.71 3301.94
11.98 1.41 16.84 362.63 4.00 462336 0.00 612.11 3302.10
11.98 1.41 16.84 362.52 4.00 462346 0.00 611.71 3302.27
11.98 1.41 16.84 362.63 4.00 462356 0.00 612.11 3302.44
11.98 1.41 16.84 362.63 4.00 462366 0.00 612.11 3302.61
11.98 1.41 16.84 362.63 4.00 462376 0.00 612.11 3302.78
11.98 1.41 16.84 362.75 4.00 462386 0.00 612.51 3302.94
11.98 1.41 16.84 362.63 4.00 462396 0.00 612.11 3303.12
11.98 1.41 16.84 362.75 4.00 462406 0.00 612.51 3303.28
11.98 1.41 16.84 362.75 4.00 462416 0.00 612.51 3303.45
11.98 1.41 16.84 362.75 4.00 462426 0.00 612.51 3303.62
11.98 1.41 16.84 362.75 4.00 462436 0.00 612.51 3303.79
11.98 1.18 14.08 362.75 4.00 462446 0.00 612.51 3303.95
11.99 1.18 14.09 362.75 4.00 462456 0.00 612.51 3304.09
11.99 1.18 14.09 362.75 4.00 462466 0.00 612.51 3304.24
11.99 1.18 14.09 362.87 4.00 462476 0.00 612.91 3304.38
11.99 1.18 14.09 362.75 4.00 462486 0.00 612.51 3304.51
11.99 1.18 14.09 362.75 4.00 462496 0.00 612.51 3304.65
11.99 1.18 14.09 362.87 4.00 462506 0.00 612.91 3304.80
11.99 1.18 14.09 362.87 4.00 462516 0.00 612.91 3304.94
11.99 1.18 14.09 362.87 4.00 462526 0.00 612.91 3305.08
11.99 1.18 14.09 362.87 4.00 462536 0.00 612.91 3305.22
11.99 1.18 14.09 362.87 4.00 462546 0.00 612.91 3305.36
11.99 1.18 14.09 362.99 4.00 462556 0.00 613.31 3305.50
11.99 1.18 14.09 362.87 4.00 462566 0.00 612.91 3305.64
11.99 1.18 14.09 362.87 4.00 462576 0.00 612.91 3305.79
11.99 1.18 14.09 362.87 4.00 462586 0.00 612.91 3305.92
12.01 0.56 6.68 362.99 4.00 462596 0.00 613.31 3305.99
12.01 0.56 6.68 362.87 4.00 462606 0.00 612.91 3306.06
12.01 0.56 6.68 362.87 4.00 462616 0.00 612.91 3306.13
12.01 0.56 6.68 362.87 4.00 462626 0.00 612.91 3306.19
12.01 0.56 6.68 362.87 4.00 462636 0.00 612.91 3306.26
12.01 0.56 6.68 362.75 4.00 462646 0.00 612.51 3306.33
12.01 0.56 6.68 362.75 4.00 462656 0.00 612.51 3306.39
12.01 0.56 6.68 362.63 4.00 462666 0.00 612.11 3306.46
12.01 0.56 6.68 362.75 4.00 462676 0.00 612.51 3306.53
12.01 0.56 6.68 362.63 4.00 462686 0.00 612.11 3306.59
12.01 0.56 6.68 362.63 4.00 462696 0.00 612.11 3306.66
12.01 0.56 6.68 362.63 4.00 462706 0.00 612.11 3306.72
12.01 0.56 6.68 362.63 4.00 462716 0.00 612.11 3306.79
12.01 0.56 6.68 362.52 4.00 462726 0.00 611.71 3306.86
12.02 0.04 0.53 362.63 4.00 462736 0.00 612.11 3306.88
12.02 0.04 0.53 362.63 4.00 462746 0.00 612.11 3306.89
12.02 0.04 0.53 362.52 4.00 462756 0.00 611.71 3306.89
12.02 0.04 0.53 362.52 4.00 462766 0.00 611.71 3306.90
12.02 0.04 0.53 362.52 4.00 462776 0.00 611.71 3306.90
12.02 0.04 0.53 362.52 4.00 462786 0.00 611.71 3306.91
12.02 0.04 0.53 362.52 4.00 462796 0.00 611.71 3306.91
12.02 0.04 0.53 362.28 4.00 462806 0.00 610.91 3306.92
12.02 0.04 0.53 362.52 4.00 462816 0.00 611.71 3306.92
12.02 0.04 0.53 362.40 4.00 462826 0.00 611.31 3306.93
12.02 0.04 0.53 362.28 4.00 462836 0.00 610.91 3306.93
12.02 0.04 0.53 362.28 4.00 462846 0.00 610.91 3306.94
12.02 0.04 0.53 362.28 4.00 462856 0.00 610.91 3306.94
12.02 0.04 0.53 362.16 4.00 462866 0.00 610.52 3306.95
12.02 0.04 0.47 362.16 4.00 462876 0.00 610.52 3306.95
12.02 0.04 0.47 362.16 4.00 462886 0.00 610.52 3306.96
12.02 0.04 0.47 362.16 4.00 462896 0.00 610.52 3306.96
12.02 0.04 0.47 362.04 4.00 462906 0.00 610.12 3306.97
12.02 0.04 0.47 362.04 4.00 462916 0.00 610.12 3306.97
12.02 0.04 0.47 362.04 4.00 462926 0.00 610.12 3306.98
12.02 0.04 0.47 361.93 4.00 462936 0.00 609.72 3306.98
12.02 0.04 0.47 362.04 4.00 462946 0.00 610.12 3306.99
12.02 0.04 0.47 361.93 4.00 462956 0.00 609.72 3306.99
12.02 0.04 0.47 362.04 4.00 462966 0.00 610.12 3307.00
12.02 0.04 0.47 362.04 4.00 462976 0.00 610.12 3307.00
12.02 0.04 0.47 361.93 4.00 462986 0.00 609.72 3307.01
12.02 0.04 0.47 361.93 4.00 462996 0.00 609.72 3307.01
12.02 0.04 0.47 361.93 4.00 463006 0.00 609.72 3307.02
12.02 0.04 0.45 361.93 4.00 463016 0.00 609.72 3307.02
12.02 0.04 0.45 361.81 4.00 463026 0.00 609.32 3307.03
12.02 0.04 0.45 361.81 4.00 463036 0.00 609.32 3307.03
12.02 0.04 0.45 361.81 4.00 463046 0.00 609.32 3307.03
12.02 0.04 0.45 361.69 4.00 463056 0.00 608.93 3307.04
12.02 0.04 0.45 361.69 4.00 463066 0.00 608.93 3307.04
12.02 0.04 0.45 361.69 4.00 463076 0.00 608.93 3307.05
12.02 0.04 0.45 361.69 4.00 463086 0.00 608.93 3307.05
12.02 0.04 0.45 361.57 4.00 463096 0.00 608.53 3307.06
12.02 0.04 0.45 361.57 4.00 463106 0.00 608.53 3307.06
12.02 0.04 0.45 361.45 4.00 463116 0.00 608.13 3307.07
12.02 0.04 0.45 361.45 4.00 463126 0.00 608.13 3307.07
12.02 0.04 0.45 361.45 4.00 463136 0.00 608.13 3307.07
12.02 0.04 0.45 361.45 4.00 463146 0.00 608.13 3307.08
12.02 0.04 0.45 361.45 4.00 463156 0.00 608.13 3307.08
12.02 0.04 0.45 361.34 4.00 463166 0.00 607.74 3307.09
12.02 0.04 0.45 361.45 4.00 463176 0.00 608.13 3307.09
12.02 0.04 0.45 361.34 4.00 463186 0.00 607.74 3307.10
12.02 0.04 0.45 361.34 4.00 463196 0.00 607.74 3307.10
12.02 0.04 0.45 361.34 4.00 463206 0.00 607.74 3307.11
12.02 0.04 0.45 361.34 4.00 463216 0.00 607.74 3307.11
12.02 0.04 0.45 361.34 4.00 463226 0.00 607.74 3307.12
12.02 0.04 0.45 361.34 4.00 463236 0.00 607.74 3307.12
12.02 0.04 0.45 361.22 4.00 463246 0.00 607.34 3307.12
12.02 0.04 0.45 361.22 4.00 463256 0.00 607.34 3307.13
12.02 0.04 0.45 361.22 4.00 463266 0.00 607.34 3307.13
12.02 0.04 0.45 361.22 4.00 463276 0.00 607.34 3307.14
12.02 0.04 0.45 361.10 4.00 463286 0.00 606.95 3307.14
12.02 0.04 0.45 361.10 4.00 463296 0.00 606.95 3307.15
12.02 0.04 0.45 361.10 4.00 463306 0.00 606.95 3307.15
12.02 0.04 0.45 360.98 4.00 463316 0.00 606.56 3307.16
12.02 0.04 0.45 360.98 4.00 463326 0.00 606.56 3307.16
12.02 0.04 0.45 360.98 4.00 463336 0.00 606.56 3307.17
12.02 0.04 0.45 360.98 4.00 463346 0.00 606.56 3307.17
12.02 0.04 0.45 360.98 4.00 463356 0.00 606.56 3307.17
12.02 0.04 0.45 360.87 4.00 463366 0.00 606.16 3307.18
12.02 0.04 0.45 360.87 4.00 463376 0.00 606.16 3307.18
12.02 0.04 0.45 360.98 4.00 463386 0.00 606.56 3307.19
12.02 0.04 0.45 360.87 4.00 463396 0.00 606.16 3307.19
12.02 0.04 0.45 360.87 4.00 463406 0.00 606.16 3307.20
12.02 0.04 0.45 360.87 4.00 463416 0.00 606.16 3307.20
12.02 0.04 0.45 360.75 4.00 463426 0.00 605.77 3307.21
12.02 0.04 0.45 360.75 4.00 463436 0.00 605.77 3307.21
12.02 0.04 0.45 360.75 4.00 463446 0.00 605.77 3307.22
12.02 0.04 0.45 360.75 4.00 463456 0.00 605.77 3307.22
12.02 0.04 0.45 360.75 4.00 463466 0.00 605.77 3307.22
12.02 0.04 0.45 360.63 4.00 463476 0.00 605.37 3307.23
12.02 0.04 0.45 360.63 4.00 463486 0.00 605.37 3307.23
12.02 0.04 0.45 360.63 4.00 463496 0.00 605.37 3307.24
12.02 0.04 0.45 360.52 4.00 463506 0.00 604.98 3307.24
12.02 0.04 0.45 360.52 4.00 463516 0.00 604.98 3307.25
12.02 0.04 0.45 360.52 4.00 463526 0.00 604.98 3307.25
12.02 0.04 0.45 360.52 4.00 463536 0.00 604.98 3307.26
12.02 0.04 0.45 360.52 4.00 463546 0.00 604.98 3307.26
12.02 0.04 0.45 360.40 4.00 463556 0.00 604.59 3307.26
12.02 0.04 0.45 360.40 4.00 463566 0.00 604.59 3307.27
12.02 0.04 0.45 360.40 4.00 463576 0.00 604.59 3307.27
12.02 0.04 0.45 360.28 4.00 463586 0.00 604.20 3307.28
12.02 0.04 0.45 360.40 4.00 463596 0.00 604.59 3307.28
12.02 0.04 0.45 360.28 4.00 463606 0.00 604.20 3307.29
12.02 0.04 0.45 360.28 4.00 463616 0.00 604.20 3307.29
12.02 0.04 0.45 360.28 4.00 463626 0.00 604.20 3307.30
12.02 0.04 0.45 360.17 4.00 463636 0.00 603.81 3307.30
12.02 0.04 0.45 360.17 4.00 463646 0.00 603.81 3307.31
12.02 0.04 0.45 360.17 4.00 463656 0.00 603.81 3307.31
12.02 0.04 0.45 360.17 4.00 463666 0.00 603.81 3307.31
12.02 0.04 0.45 360.05 4.00 463676 0.00 603.41 3307.32
12.02 0.04 0.45 360.17 4.00 463686 0.00 603.81 3307.32
12.02 0.04 0.45 360.05 4.00 463696 0.00 603.41 3307.33
12.02 0.04 0.45 360.05 4.00 463706 0.00 603.41 3307.33
12.02 0.04 0.45 360.05 4.00 463716 0.00 603.41 3307.34
12.02 0.04 0.47 359.93 4.00 463726 0.00 603.02 3307.34
12.02 0.04 0.47 359.93 4.00 463736 0.00 603.02 3307.35
12.02 0.04 0.47 359.93 4.00 463746 0.00 603.02 3307.35
12.02 0.04 0.47 359.93 4.00 463756 0.00 603.02 3307.36
12.02 0.04 0.47 359.82 4.00 463766 0.00 602.63 3307.36
12.02 0.04 0.47 359.93 4.00 463776 0.00 603.02 3307.37
12.02 0.04 0.47 359.82 4.00 463786 0.00 602.63 3307.37
12.02 0.04 0.47 359.82 4.00 463796 0.00 602.63 3307.37
12.02 0.04 0.47 359.82 4.00 463806 0.00 602.63 3307.38
12.02 0.04 0.47 359.70 4.00 463816 0.00 602.24 3307.38
12.02 0.04 0.47 359.70 4.00 463826 0.00 602.24 3307.39
12.02 0.04 0.47 359.70 4.00 463836 0.00 602.24 3307.39
12.02 0.04 0.47 359.70 4.00 463846 0.00 602.24 3307.40
12.02 0.04 0.47 359.70 4.00 463856 0.00 602.24 3307.40
12.02 0.04 0.45 359.58 4.00 463866 0.00 601.85 3307.41
12.02 0.04 0.45 359.58 4.00 463876 0.00 601.85 3307.41
12.02 0.04 0.45 359.58 4.00 463886 0.00 601.85 3307.42
12.02 0.04 0.45 359.58 4.00 463896 0.00 601.85 3307.42
12.02 0.04 0.45 359.47 4.00 463906 0.00 601.46 3307.43
12.02 0.04 0.45 359.58 4.00 463916 0.00 601.85 3307.43
12.02 0.04 0.45 359.47 4.00 463926 0.00 601.46 3307.43
12.02 0.04 0.45 359.47 4.00 463936 0.00 601.46 3307.44
12.02 0.04 0.45 359.47 4.00 463946 0.00 601.46 3307.44
12.02 0.04 0.45 359.35 4.00 463956 0.00 601.08 3307.45
12.02 0.04 0.45 359.47 4.00 463966 0.00 601.46 3307.45
12.02 0.04 0.45 359.35 4.00 463976 0.00 601.08 3307.46
12.02 0.04 0.45 359.35 4.00 463986 0.00 601.08 3307.46
12.02 0.04 0.45 359.35 4.00 463996 0.00 601.08 3307.47
12.02 0.04 0.45 359.23 4.00 464006 0.00 600.69 3307.47
12.02 0.04 0.45 359.35 4.00 464016 0.00 601.08 3307.48
12.02 0.04 0.45 359.23 4.00 464026 0.00 600.69 3307.48
12.02 0.04 0.45 359.23 4.00 464036 0.00 600.69 3307.48
12.02 0.04 0.45 359.12 4.00 464046 0.00 600.30 3307.49
12.02 0.04 0.45 359.12 4.00 464056 0.00 600.30 3307.49
12.02 0.04 0.45 359.00 4.00 464066 0.00 599.91 3307.50
12.02 0.04 0.45 359.12 4.00 464076 0.00 600.30 3307.50
12.02 0.04 0.45 359.12 4.00 464086 0.00 600.30 3307.51
12.02 0.04 0.45 359.00 4.00 464096 0.00 599.91 3307.51
12.02 0.04 0.45 358.89 4.00 464106 0.00 599.52 3307.52
12.02 0.04 0.45 359.00 4.00 464116 0.00 599.91 3307.52
12.02 0.04 0.45 358.89 4.00 464126 0.00 599.52 3307.53
12.02 0.04 0.45 358.89 4.00 464136 0.00 599.52 3307.53
12.02 0.04 0.45 358.89 4.00 464146 0.00 599.52 3307.53
12.02 0.04 0.45 358.89 4.00 464156 0.00 599.52 3307.54
12.02 0.04 0.45 358.89 4.00 464166 0.00 599.52 3307.54
12.02 0.04 0.45 358.89 4.00 464176 0.00 599.52 3307.55
12.02 0.04 0.45 358.89 4.00 464186 0.00 599.52 3307.55
12.02 0.04 0.45 358.89 4.00 464196 0.00 599.52 3307.56
12.02 0.04 0.45 358.77 4.00 464206 0.00 599.14 3307.56
12.02 0.04 0.45 358.77 4.00 464216 0.00 599.14 3307.57
12.02 0.04 0.45 358.65 4.00 464226 0.00 598.75 3307.57
12.02 0.04 0.45 358.65 4.00 464236 0.00 598.75 3307.57
12.02 0.04 0.45 358.54 4.00 464246 0.00 598.36 3307.58
12.02 0.04 0.45 358.54 4.00 464256 0.00 598.36 3307.58
12.02 0.04 0.45 358.54 4.00 464266 0.00 598.36 3307.59
12.02 0.04 0.45 358.54 4.00 464276 0.00 598.36 3307.59
12.02 0.04 0.45 358.42 4.00 464286 0.00 597.98 3307.60
12.02 0.04 0.45 358.54 4.00 464296 0.00 598.36 3307.60
12.02 0.04 0.45 358.54 4.00 464306 0.00 598.36 3307.61
12.02 0.04 0.45 358.42 4.00 464316 0.00 597.98 3307.61
12.02 0.04 0.45 358.42 4.00 464326 0.00 597.98 3307.62
12.02 0.04 0.45 358.31 4.00 464336 0.00 597.59 3307.62
12.02 0.04 0.45 358.31 4.00 464346 0.00 597.59 3307.62
12.02 0.04 0.45 358.31 4.00 464356 0.00 597.59 3307.63
12.02 0.04 0.45 358.31 4.00 464366 0.00 597.59 3307.63
12.02 0.04 0.45 358.31 4.00 464376 0.00 597.59 3307.64
12.02 0.04 0.45 358.31 4.00 464386 0.00 597.59 3307.64
12.02 0.04 0.45 358.31 4.00 464396 0.00 597.59 3307.65
12.02 0.04 0.45 358.31 4.00 464406 0.00 597.59 3307.65
12.02 0.04 0.45 358.19 4.00 464416 0.00 597.21 3307.66
12.02 0.04 0.45 358.19 4.00 464426 0.00 597.21 3307.66
12.02 0.04 0.45 358.19 4.00 464436 0.00 597.21 3307.67
12.02 0.04 0.45 358.19 4.00 464446 0.00 597.21 3307.67
12.02 0.04 0.45 358.08 4.00 464456 0.00 596.82 3307.67
12.02 0.04 0.45 358.08 4.00 464466 0.00 596.82 3307.68
12.02 0.04 0.45 358.08 4.00 464476 0.00 596.82 3307.68
12.02 0.04 0.45 357.96 4.00 464486 0.00 596.44 3307.69
12.02 0.04 0.45 357.96 4.00 464496 0.00 596.44 3307.69
12.02 0.04 0.45 357.96 4.00 464506 0.00 596.44 3307.70
12.02 0.04 0.45 357.85 4.00 464516 0.00 596.05 3307.70
12.02 0.04 0.45 357.85 4.00 464526 0.00 596.05 3307.71
12.02 0.04 0.45 357.85 4.00 464536 0.00 596.05 3307.71
12.02 0.04 0.45 357.85 4.00 464546 0.00 596.05 3307.71
12.02 0.04 0.45 357.73 4.00 464556 0.00 595.67 3307.72
12.02 0.04 0.45 357.85 4.00 464566 0.00 596.05 3307.72
12.02 0.04 0.45 357.85 4.00 464576 0.00 596.05 3307.73
12.02 0.04 0.45 357.73 4.00 464586 0.00 595.67 3307.73
12.02 0.04 0.45 357.73 4.00 464596 0.00 595.67 3307.74
12.02 0.04 0.45 357.73 4.00 464606 0.00 595.67 3307.74
12.02 0.04 0.45 357.73 4.00 464616 0.00 595.67 3307.75
12.02 0.04 0.45 357.73 4.00 464626 0.00 595.67 3307.75
12.02 0.04 0.45 357.62 4.00 464636 0.00 595.29 3307.76
12.02 0.04 0.45 357.50 4.00 464646 0.00 594.90 3307.76
12.02 0.04 0.45 357.62 4.00 464656 0.00 595.29 3307.76
12.02 0.04 0.45 357.50 4.00 464666 0.00 594.90 3307.77
12.02 0.04 0.45 357.50 4.00 464676 0.00 594.90 3307.77
12.02 0.04 0.45 357.50 4.00 464686 0.00 594.90 3307.78
12.02 0.04 0.45 357.50 4.00 464696 0.00 594.90 3307.78
12.02 0.04 0.45 357.39 4.00 464706 0.00 594.52 3307.79
12.02 0.04 0.45 357.39 4.00 464716 0.00 594.52 3307.79
12.02 0.04 0.45 357.39 4.00 464726 0.00 594.52 3307.80
12.02 0.04 0.45 357.39 4.00 464736 0.00 594.52 3307.80
12.02 0.04 0.45 357.27 4.00 464746 0.00 594.14 3307.81
12.02 0.04 0.45 357.39 4.00 464756 0.00 594.52 3307.81
12.02 0.04 0.45 357.27 4.00 464766 0.00 594.14 3307.81
12.02 0.04 0.45 357.27 4.00 464776 0.00 594.14 3307.82
12.02 0.04 0.45 357.16 4.00 464786 0.00 593.76 3307.82
12.02 0.04 0.45 357.27 4.00 464796 0.00 594.14 3307.83
12.02 0.04 0.45 357.16 4.00 464806 0.00 593.76 3307.83
12.02 0.04 0.45 357.16 4.00 464816 0.00 593.76 3307.84
12.02 0.04 0.45 357.16 4.00 464826 0.00 593.76 3307.84
12.02 0.04 0.45 357.16 4.00 464836 0.00 593.76 3307.85
12.02 0.04 0.45 357.04 4.00 464846 0.00 593.37 3307.85
12.02 0.04 0.45 357.04 4.00 464856 0.00 593.37 3307.85
12.02 0.04 0.45 357.04 4.00 464866 0.00 593.37 3307.86
12.02 0.04 0.45 357.04 4.00 464876 0.00 593.37 3307.86
12.02 0.04 0.45 356.93 4.00 464886 0.00 592.99 3307.87
12.02 0.04 0.45 356.93 4.00 464896 0.00 592.99 3307.87
12.02 0.04 0.45 356.93 4.00 464906 0.00 592.99 3307.88
12.02 0.04 0.45 356.81 4.00 464916 0.00 592.61 3307.88
12.02 0.04 0.45 356.93 4.00 464926 0.00 592.99 3307.89
12.02 0.04 0.45 356.81 4.00 464936 0.00 592.61 3307.89
12.02 0.04 0.45 356.81 4.00 464946 0.00 592.61 3307.90
12.02 0.04 0.45 356.81 4.00 464956 0.00 592.61 3307.90
12.02 0.04 0.45 356.81 4.00 464966 0.00 592.61 3307.90
12.02 0.04 0.45 356.70 4.00 464976 0.00 592.23 3307.91
12.02 0.04 0.45 356.70 4.00 464986 0.00 592.23 3307.91
12.02 0.04 0.45 356.70 4.00 464996 0.00 592.23 3307.92
12.02 0.04 0.47 356.70 4.00 465006 0.00 592.23 3307.92
12.02 0.04 0.47 356.70 4.00 465016 0.00 592.23 3307.93
12.02 0.04 0.47 356.58 4.00 465026 0.00 591.85 3307.93
12.02 0.04 0.47 356.58 4.00 465036 0.00 591.85 3307.94
12.02 0.04 0.47 356.58 4.00 465046 0.00 591.85 3307.94
12.02 0.04 0.47 356.58 4.00 465056 0.00 591.85 3307.95
12.02 0.04 0.47 356.58 4.00 465066 0.00 591.85 3307.95
12.02 0.04 0.47 356.58 4.00 465076 0.00 591.85 3307.96
12.02 0.04 0.47 356.35 4.00 465086 0.00 591.09 3307.96
12.02 0.04 0.47 356.35 4.00 465096 0.00 591.09 3307.96
12.02 0.04 0.47 356.47 4.00 465106 0.00 591.47 3307.97
12.02 0.04 0.47 356.35 4.00 465116 0.00 591.09 3307.97
12.02 0.04 0.47 356.35 4.00 465126 0.00 591.09 3307.98
12.02 0.04 0.47 356.35 4.00 465136 0.00 591.09 3307.98
12.02 0.04 0.45 356.24 4.00 465146 0.00 590.71 3307.99
12.02 0.04 0.45 356.24 4.00 465156 0.00 590.71 3307.99
12.02 0.04 0.45 356.24 4.00 465166 0.00 590.71 3308.00
12.02 0.04 0.45 356.13 4.00 465176 0.00 590.33 3308.00
12.02 0.04 0.45 356.24 4.00 465186 0.00 590.71 3308.01
12.02 0.04 0.45 356.24 4.00 465196 0.00 590.71 3308.01
12.02 0.04 0.45 356.13 4.00 465206 0.00 590.33 3308.02
12.02 0.04 0.45 356.13 4.00 465216 0.00 590.33 3308.02
12.02 0.04 0.45 356.13 4.00 465226 0.00 590.33 3308.02
12.02 0.04 0.45 356.13 4.00 465236 0.00 590.33 3308.03
12.02 0.04 0.45 356.01 4.00 465246 0.00 589.96 3308.03
12.02 0.04 0.45 356.01 4.00 465256 0.00 589.96 3308.04
12.02 0.04 0.45 355.90 4.00 465266 0.00 589.58 3308.04
12.02 0.04 0.45 355.90 4.00 465276 0.00 589.58 3308.05
12.02 0.04 0.45 355.90 4.00 465286 0.00 589.58 3308.05
12.02 0.04 0.45 355.90 4.00 465296 0.00 589.58 3308.06
12.02 0.04 0.45 355.78 4.00 465306 0.00 589.20 3308.06
12.02 0.04 0.45 355.90 4.00 465316 0.00 589.58 3308.07
12.02 0.04 0.45 355.78 4.00 465326 0.00 589.20 3308.07
12.02 0.04 0.45 355.78 4.00 465336 0.00 589.20 3308.07
12.02 0.04 0.45 355.78 4.00 465346 0.00 589.20 3308.08
12.02 0.04 0.45 355.78 4.00 465356 0.00 589.20 3308.08
12.02 0.04 0.45 355.78 4.00 465366 0.00 589.20 3308.09
12.02 0.04 0.45 355.78 4.00 465376 0.00 589.20 3308.09
12.02 0.04 0.45 355.67 4.00 465386 0.00 588.82 3308.10
12.02 0.04 0.45 355.67 4.00 465396 0.00 588.82 3308.10
12.02 0.04 0.45 355.67 4.00 465406 0.00 588.82 3308.11
12.02 0.04 0.45 355.56 4.00 465416 0.00 588.45 3308.11
12.02 0.04 0.45 355.56 4.00 465426 0.00 588.45 3308.12
12.02 0.04 0.47 355.56 4.00 465436 0.00 588.45 3308.12
12.02 0.04 0.47 355.56 4.00 465446 0.00 588.45 3308.12
12.02 0.04 0.47 355.56 4.00 465456 0.00 588.45 3308.13
12.02 0.04 0.47 355.44 4.00 465466 0.00 588.07 3308.13
12.02 0.04 0.47 355.44 4.00 465476 0.00 588.07 3308.14
12.02 0.04 0.47 355.33 4.00 465486 0.00 587.69 3308.14
12.02 0.04 0.47 355.44 4.00 465496 0.00 588.07 3308.15
12.02 0.04 0.47 355.33 4.00 465506 0.00 587.69 3308.15
12.02 0.04 0.47 355.33 4.00 465516 0.00 587.69 3308.16
12.02 0.04 0.47 355.21 4.00 465526 0.00 587.32 3308.16
12.02 0.04 0.47 355.21 4.00 465536 0.00 587.32 3308.17
12.02 0.04 0.47 355.21 4.00 465546 0.00 587.32 3308.17
12.02 0.04 0.47 355.21 4.00 465556 0.00 587.32 3308.18
12.02 0.04 0.47 355.33 4.00 465566 0.00 587.69 3308.18
12.02 0.04 0.45 355.10 4.00 465576 0.00 586.94 3308.19
12.02 0.04 0.45 355.10 4.00 465586 0.00 586.94 3308.19
12.02 0.04 0.45 355.10 4.00 465596 0.00 586.94 3308.19
12.02 0.04 0.45 355.10 4.00 465606 0.00 586.94 3308.20
12.02 0.04 0.45 355.10 4.00 465616 0.00 586.94 3308.20
12.02 0.04 0.45 355.10 4.00 465626 0.00 586.94 3308.21
12.02 0.04 0.45 354.99 4.00 465636 0.00 586.57 3308.21
12.02 0.04 0.45 354.99 4.00 465646 0.00 586.57 3308.22
12.02 0.04 0.45 354.99 4.00 465656 0.00 586.57 3308.22
12.02 0.04 0.45 354.87 4.00 465666 0.00 586.19 3308.23
12.02 0.04 0.45 354.87 4.00 465676 0.00 586.19 3308.23
12.02 0.04 0.45 354.87 4.00 465686 0.00 586.19 3308.24
12.02 0.04 0.45 354.76 4.00 465696 0.00 585.82 3308.24
12.02 0.04 0.45 354.87 4.00 465706 0.00 586.19 3308.24
12.02 0.04 0.45 354.76 4.00 465716 0.00 585.82 3308.25
12.02 0.04 0.45 354.76 4.00 465726 0.00 585.82 3308.25
12.02 0.04 0.45 354.76 4.00 465736 0.00 585.82 3308.26
12.02 0.04 0.45 354.65 4.00 465746 0.00 585.45 3308.26
12.02 0.04 0.45 354.65 4.00 465756 0.00 585.45 3308.27
12.02 0.04 0.45 354.65 4.00 465766 0.00 585.45 3308.27
12.02 0.04 0.45 354.76 4.00 465776 0.00 585.82 3308.28
12.02 0.04 0.45 354.65 4.00 465786 0.00 585.45 3308.28
12.02 0.04 0.45 354.65 4.00 465796 0.00 585.45 3308.29
12.02 0.04 0.45 354.53 4.00 465806 0.00 585.07 3308.29
12.02 0.04 0.45 354.65 4.00 465816 0.00 585.45 3308.29
12.02 0.04 0.45 354.53 4.00 465826 0.00 585.07 3308.30
12.02 0.04 0.45 354.53 4.00 465836 0.00 585.07 3308.30
12.02 0.04 0.45 354.53 4.00 465846 0.00 585.07 3308.31
12.02 0.04 0.45 354.42 4.00 465856 0.00 584.70 3308.31
12.02 0.04 0.45 354.42 4.00 465866 0.00 584.70 3308.32
12.02 0.04 0.45 354.42 4.00 465876 0.00 584.70 3308.32
12.02 0.04 0.45 354.31 4.00 465886 0.00 584.33 3308.33
12.02 0.04 0.45 354.31 4.00 465896 0.00 584.33 3308.33
12.02 0.04 0.45 354.31 4.00 465906 0.00 584.33 3308.33
12.02 0.04 0.45 354.31 4.00 465916 0.00 584.33 3308.34
12.02 0.04 0.45 354.31 4.00 465926 0.00 584.33 3308.34
12.02 0.04 0.45 354.20 4.00 465936 0.00 583.95 3308.35
12.02 0.04 0.45 354.20 4.00 465946 0.00 583.95 3308.35
12.02 0.04 0.45 354.20 4.00 465956 0.00 583.95 3308.36
12.02 0.04 0.45 354.08 4.00 465966 0.00 583.58 3308.36
12.02 0.04 0.45 354.08 4.00 465976 0.00 583.58 3308.37
12.02 0.04 0.45 354.08 4.00 465986 0.00 583.58 3308.37
12.02 0.04 0.45 354.08 4.00 465996 0.00 583.58 3308.38
12.02 0.04 0.45 354.08 4.00 466006 0.00 583.58 3308.38
12.02 0.04 0.45 353.97 4.00 466016 0.00 583.21 3308.38
12.02 0.04 0.45 354.08 4.00 466026 0.00 583.58 3308.39
12.02 0.04 0.45 353.97 4.00 466036 0.00 583.21 3308.39
12.02 0.04 0.45 353.97 4.00 466046 0.00 583.21 3308.40
12.02 0.04 0.45 353.97 4.00 466056 0.00 583.21 3308.40
12.02 0.04 0.45 353.97 4.00 466066 0.00 583.21 3308.41
12.02 0.04 0.45 353.74 4.00 466076 0.00 582.47 3308.41
12.02 0.04 0.45 353.86 4.00 466086 0.00 582.84 3308.42
12.02 0.04 0.45 353.86 4.00 466096 0.00 582.84 3308.42
12.02 0.04 0.45 353.86 4.00 466106 0.00 582.84 3308.43
12.02 0.04 0.45 353.74 4.00 466116 0.00 582.47 3308.43
12.02 0.04 0.45 353.74 4.00 466126 0.00 582.47 3308.43
12.02 0.04 0.45 353.63 4.00 466136 0.00 582.10 3308.44
12.02 0.04 0.45 353.63 4.00 466146 0.00 582.10 3308.44
12.02 0.04 0.45 353.63 4.00 466156 0.00 582.10 3308.45
12.02 0.04 0.45 353.63 4.00 466166 0.00 582.10 3308.45
12.02 0.04 0.45 353.52 4.00 466176 0.00 581.73 3308.46
12.02 0.04 0.45 353.63 4.00 466186 0.00 582.10 3308.46
12.02 0.04 0.45 353.52 4.00 466196 0.00 581.73 3308.47
12.02 0.04 0.45 353.52 4.00 466206 0.00 581.73 3308.47
12.02 0.04 0.45 353.52 4.00 466216 0.00 581.73 3308.47
12.02 0.04 0.45 353.52 4.00 466226 0.00 581.73 3308.48
12.02 0.04 0.45 353.41 4.00 466236 0.00 581.36 3308.48
12.02 0.04 0.45 353.52 4.00 466246 0.00 581.73 3308.49
12.02 0.04 0.45 353.41 4.00 466256 0.00 581.36 3308.49
12.02 0.04 0.45 353.41 4.00 466266 0.00 581.36 3308.50
12.02 0.04 0.45 353.29 4.00 466276 0.00 580.99 3308.50
12.02 0.04 0.45 353.29 4.00 466286 0.00 580.99 3308.51
12.02 0.04 0.45 353.29 4.00 466296 0.00 580.99 3308.51
12.02 0.04 0.45 353.29 4.00 466306 0.00 580.99 3308.52
12.02 0.04 0.45 353.29 4.00 466316 0.00 580.99 3308.52
12.02 0.04 0.45 353.18 4.00 466326 0.00 580.62 3308.52
12.02 0.04 0.45 353.07 4.00 466336 0.00 580.25 3308.53
12.02 0.04 0.45 353.18 4.00 466346 0.00 580.62 3308.53
12.02 0.04 0.45 353.07 4.00 466356 0.00 580.25 3308.54
12.02 0.04 0.45 353.07 4.00 466366 0.00 580.25 3308.54
12.02 0.04 0.45 353.07 4.00 466376 0.00 580.25 3308.55
12.02 0.04 0.45 353.07 4.00 466386 0.00 580.25 3308.55
12.02 0.04 0.45 353.07 4.00 466396 0.00 580.25 3308.56
12.02 0.04 0.45 353.07 4.00 466406 0.00 580.25 3308.56
12.02 0.04 0.45 352.96 4.00 466416 0.00 579.88 3308.57
12.02 0.04 0.47 352.96 4.00 466426 0.00 579.88 3308.57
12.02 0.04 0.47 352.96 4.00 466436 0.00 579.88 3308.57
12.02 0.04 0.47 352.85 4.00 466446 0.00 579.51 3308.58
12.02 0.04 0.47 352.96 4.00 466456 0.00 579.88 3308.58
12.02 0.04 0.47 352.85 4.00 466466 0.00 579.51 3308.59
12.02 0.04 0.47 352.85 4.00 466476 0.00 579.51 3308.59
12.02 0.04 0.47 352.85 4.00 466486 0.00 579.51 3308.60
12.02 0.04 0.47 352.73 4.00 466496 0.00 579.14 3308.60
12.02 0.04 0.47 352.85 4.00 466506 0.00 579.51 3308.61
12.02 0.04 0.47 352.73 4.00 466516 0.00 579.14 3308.61
12.02 0.04 0.47 352.62 4.00 466526 0.00 578.78 3308.62
12.02 0.04 0.47 352.73 4.00 466536 0.00 579.14 3308.62
12.02 0.04 0.47 352.62 4.00 466546 0.00 578.78 3308.63
12.02 0.04 0.47 352.62 4.00 466556 0.00 578.78 3308.63
12.02 0.04 0.45 352.62 4.00 466566 0.00 578.78 3308.64
12.02 0.04 0.45 352.62 4.00 466576 0.00 578.78 3308.64
12.02 0.04 0.45 352.62 4.00 466586 0.00 578.78 3308.64
12.02 0.04 0.45 352.51 4.00 466596 0.00 578.41 3308.65
12.02 0.04 0.45 352.51 4.00 466606 0.00 578.41 3308.65
12.02 0.04 0.45 352.51 4.00 466616 0.00 578.41 3308.66
12.02 0.04 0.45 352.51 4.00 466626 0.00 578.41 3308.66
12.02 0.04 0.45 352.40 4.00 466636 0.00 578.04 3308.67
12.02 0.04 0.45 352.40 4.00 466646 0.00 578.04 3308.67
12.02 0.04 0.45 352.40 4.00 466656 0.00 578.04 3308.68
12.02 0.04 0.45 352.40 4.00 466666 0.00 578.04 3308.68
12.02 0.04 0.45 352.40 4.00 466676 0.00 578.04 3308.69
12.02 0.04 0.45 352.29 4.00 466686 0.00 577.68 3308.69
12.02 0.04 0.45 352.29 4.00 466696 0.00 577.68 3308.69
12.02 0.04 0.45 352.17 4.00 466706 0.00 577.31 3308.70
12.02 0.04 0.45 352.17 4.00 466716 0.00 577.31 3308.70
12.02 0.04 0.45 352.06 4.00 466726 0.00 576.94 3308.71
12.02 0.04 0.45 352.06 4.00 466736 0.00 576.94 3308.71
12.02 0.04 0.45 352.06 4.00 466746 0.00 576.94 3308.72
12.02 0.04 0.45 352.06 4.00 466756 0.00 576.94 3308.72
12.02 0.04 0.45 352.06 4.00 466766 0.00 576.94 3308.73
12.02 0.04 0.45 352.06 4.00 466776 0.00 576.94 3308.73
12.02 0.04 0.45 352.06 4.00 466786 0.00 576.94 3308.74
12.02 0.04 0.45 351.95 4.00 466796 0.00 576.58 3308.74
12.02 0.04 0.45 351.95 4.00 466806 0.00 576.58 3308.74
12.02 0.04 0.45 351.95 4.00 466816 0.00 576.58 3308.75
12.02 0.04 0.45 351.95 4.00 466826 0.00 576.58 3308.75
12.02 0.04 0.45 351.95 4.00 466836 0.00 576.58 3308.76
12.02 0.04 0.45 351.84 4.00 466846 0.00 576.21 3308.76
12.02 0.04 0.45 351.84 4.00 466856 0.00 576.21 3308.77
12.02 0.04 0.45 351.84 4.00 466866 0.00 576.21 3308.77
12.02 0.04 0.45 351.84 4.00 466876 0.00 576.21 3308.78
12.02 0.04 0.45 351.84 4.00 466886 0.00 576.21 3308.78
12.02 0.04 0.45 351.73 4.00 466896 0.00 575.85 3308.78
12.02 0.04 0.45 351.73 4.00 466906 0.00 575.85 3308.79
12.02 0.04 0.45 351.73 4.00 466916 0.00 575.85 3308.79
12.02 0.04 0.45 351.73 4.00 466926 0.00 575.85 3308.80
12.02 0.04 0.45 351.62 4.00 466936 0.00 575.48 3308.80
12.02 0.04 0.45 351.51 4.00 466946 0.00 575.12 3308.81
12.02 0.04 0.45 351.62 4.00 466956 0.00 575.48 3308.81
12.02 0.04 0.45 351.62 4.00 466966 0.00 575.48 3308.82
