7.78 19.50 151.76 117.42 4.00 539960 0.00 64.17 3510.24
7.78 19.50 151.76 118.66 4.00 539970 0.00 65.54 3511.73
7.78 19.50 151.76 119.28 4.00 539980 0.00 66.23 3513.32
7.78 19.50 151.76 119.89 4.00 539990 0.00 66.90 3514.81
7.78 19.50 151.76 120.54 4.00 540000 0.00 67.63 3516.29
8.15 19.45 158.56 121.74 4.00 540010 0.00 68.98 3517.83
8.15 19.45 158.56 122.34 4.00 540020 0.00 69.67 3519.49
8.15 19.45 158.56 122.96 4.00 540030 0.00 70.38 3521.04
8.15 19.45 158.56 123.55 4.00 540040 0.00 71.06 3522.60
8.15 19.45 158.56 124.76 4.00 540050 0.00 72.45 3524.26
8.15 19.45 158.56 125.35 4.00 540060 0.00 73.14 3525.82
8.15 19.45 158.56 125.93 4.00 540070 0.00 73.82 3527.37
8.15 19.45 158.56 126.52 4.00 540080 0.00 74.51 3528.93
8.15 19.45 158.56 127.67 4.00 540090 0.00 75.87 3530.59
8.15 19.45 158.56 128.26 4.00 540100 0.00 76.57 3532.14
8.15 19.45 158.56 128.82 4.00 540110 0.00 77.25 3533.70
8.15 19.45 158.56 129.97 4.00 540120 0.00 78.63 3535.36
8.15 19.45 158.56 130.53 4.00 540130 0.00 79.31 3536.92
8.15 19.45 158.56 131.09 4.00 540140 0.00 79.99 3538.47
8.60 19.50 167.78 132.21 4.00 540150 0.00 81.36 3540.07
8.60 19.50 167.78 132.77 4.00 540160 0.00 82.05 3541.82
8.60 19.50 167.78 133.32 4.00 540170 0.00 82.74 3543.47
8.60 19.50 167.78 134.42 4.00 540180 0.00 84.10 3545.12
8.60 19.50 167.78 134.97 4.00 540190 0.00 84.80 3546.87
8.60 19.50 167.78 135.52 4.00 540200 0.00 85.48 3548.51
8.60 19.50 167.78 136.60 4.00 540210 0.00 86.86 3550.16
8.60 19.50 167.78 137.14 4.00 540220 0.00 87.54 3551.91
8.60 19.50 167.78 137.68 4.00 540230 0.00 88.24 3553.56
8.60 19.50 167.78 138.73 4.00 540240 0.00 89.59 3555.20
8.60 19.50 167.78 139.29 4.00 540250 0.00 90.31 3556.84
8.60 19.50 167.78 140.36 4.00 540260 0.00 91.71 3558.60
8.60 19.50 167.78 140.90 4.00 540270 0.00 92.40 3560.25
8.60 19.50 167.78 141.43 4.00 540280 0.00 93.11 3561.89
8.97 19.67 176.46 142.47 4.00 540290 0.00 94.48 3563.68
8.97 19.67 176.46 142.96 4.00 540300 0.00 95.14 3565.41
8.97 19.67 176.46 143.50 4.00 540310 0.00 95.85 3567.14
8.97 19.67 176.46 144.54 4.00 540320 0.00 97.25 3568.99
8.97 19.67 176.46 145.07 4.00 540330 0.00 97.96 3570.72
8.97 19.67 176.46 146.12 4.00 540340 0.00 99.39 3572.45
8.97 19.67 176.46 146.62 4.00 540350 0.00 100.07 3574.19
8.97 19.67 176.46 147.66 4.00 540360 0.00 101.48 3576.03
8.97 19.67 176.46 148.17 4.00 540370 0.00 102.19 3577.76
8.97 19.67 176.46 149.20 4.00 540380 0.00 103.62 3579.50
8.97 19.67 176.46 149.71 4.00 540390 0.00 104.32 3581.23
8.97 19.67 176.46 150.70 4.00 540400 0.00 105.71 3583.08
8.97 19.67 176.46 151.19 4.00 540410 0.00 106.40 3584.80
8.97 19.67 176.46 151.71 4.00 540420 0.00 107.13 3586.54
9.35 19.64 183.56 152.69 4.00 540430 0.00 108.52 3588.39
9.35 19.64 183.56 153.17 4.00 540440 0.00 109.21 3590.19
9.35 19.64 183.56 154.13 4.00 540450 0.00 110.58 3591.99
9.35 19.64 183.56 155.12 4.00 540460 0.00 112.00 3593.91
9.35 19.64 183.56 155.57 4.00 540470 0.00 112.66 3595.72
9.35 19.64 183.56 156.54 4.00 540480 0.00 114.06 3597.51
9.35 19.64 183.56 157.00 4.00 540490 0.00 114.74 3599.32
9.35 19.64 183.56 157.96 4.00 540500 0.00 116.15 3601.23
9.35 19.64 183.56 158.41 4.00 540510 0.00 116.81 3603.03
9.35 19.64 183.56 159.37 4.00 540520 0.00 118.22 3604.84
9.35 19.64 183.56 159.80 4.00 540530 0.00 118.87 3606.76
9.35 19.64 183.56 160.73 4.00 540540 0.00 120.25 3608.56
9.35 19.64 183.56 161.22 4.00 540550 0.00 120.98 3610.36
9.35 19.64 183.56 162.11 4.00 540560 0.00 122.33 3612.16
9.35 19.15 178.98 163.02 4.00 540570 0.00 123.69 3614.08
9.70 19.15 185.82 163.47 4.00 540580 0.00 124.39 3615.90
9.70 19.15 185.82 164.41 4.00 540590 0.00 125.83 3617.73
9.70 19.15 185.82 164.88 4.00 540600 0.00 126.54 3619.67
9.70 19.15 185.82 165.74 4.00 540610 0.00 127.86 3621.49
9.70 19.15 185.82 166.21 4.00 540620 0.00 128.59 3623.31
9.70 19.15 185.82 167.08 4.00 540630 0.00 129.95 3625.14
9.70 19.15 185.82 167.97 4.00 540640 0.00 131.33 3627.09
9.70 19.15 185.82 168.40 4.00 540650 0.00 132.00 3628.91
9.70 19.15 185.82 169.27 4.00 540660 0.00 133.37 3630.73
9.70 19.15 185.82 170.15 4.00 540670 0.00 134.77 3632.67
9.70 19.15 185.82 170.63 4.00 540680 0.00 135.51 3634.50
9.70 19.15 185.82 171.47 4.00 540690 0.00 136.85 3636.32
9.70 19.15 185.82 171.92 4.00 540700 0.00 137.57 3638.14
9.70 19.15 185.82 172.77 4.00 540710 0.00 138.95 3640.09
10.13 19.71 199.74 173.64 4.00 540720 0.00 140.34 3642.02
10.13 19.71 199.74 174.13 4.00 540730 0.00 141.13 3643.98
10.13 19.71 199.74 174.95 4.00 540740 0.00 142.47 3646.07
10.13 19.71 199.74 175.81 4.00 540750 0.00 143.87 3648.04
10.13 19.71 199.74 176.65 4.00 540760 0.00 145.25 3650.00
10.13 19.71 199.74 177.10 4.00 540770 0.00 145.99 3651.95
10.13 19.71 199.74 177.95 4.00 540780 0.00 147.39 3654.04
10.13 19.71 199.74 178.81 4.00 540790 0.00 148.82 3656.00
10.13 19.71 199.74 179.21 4.00 540800 0.00 149.49 3657.96
10.13 19.71 199.74 180.08 4.00 540810 0.00 150.95 3660.05
10.13 19.71 199.74 180.90 4.00 540820 0.00 152.33 3662.01
10.13 19.71 199.74 185.40 4.00 540830 0.00 160.00 3663.98
10.13 19.71 199.74 185.80 4.00 540840 0.00 160.70 3665.93
10.13 19.71 199.74 186.65 4.00 540850 0.00 162.16 3668.03
10.58 19.67 208.05 187.47 4.00 540860 0.00 163.58 3670.03
10.58 19.67 208.05 188.36 4.00 540870 0.00 165.14 3672.07
10.58 19.67 208.05 188.74 4.00 540880 0.00 165.81 3674.25
10.58 19.67 208.05 189.51 4.00 540890 0.00 167.17 3676.29
10.58 19.67 208.05 190.36 4.00 540900 0.00 168.67 3678.33
10.58 19.67 208.05 191.18 4.00 540910 0.00 170.12 3680.37
10.58 19.67 208.05 192.00 4.00 540920 0.00 171.59 3682.55
10.58 19.67 208.05 192.37 4.00 540930 0.00 172.25 3684.59
10.58 19.67 208.05 193.20 4.00 540940 0.00 173.75 3686.64
10.58 19.67 208.05 194.01 4.00 540950 0.00 175.21 3688.81
10.58 19.67 208.05 194.83 4.00 540960 0.00 176.69 3690.85
10.58 19.67 208.05 195.27 4.00 540970 0.00 177.49 3692.89
10.58 19.67 208.05 196.00 4.00 540980 0.00 178.81 3694.94
10.58 19.67 208.05 196.80 4.00 540990 0.00 180.27 3697.12
10.94 19.64 214.90 197.60 4.00 541000 0.00 181.75 3699.17
10.94 19.64 214.90 198.41 4.00 541010 0.00 183.24 3701.28
10.94 19.64 214.90 199.20 4.00 541020 0.00 184.69 3703.53
10.94 19.64 214.90 199.95 4.00 541030 0.00 186.09 3705.64
10.94 19.64 214.90 200.38 4.00 541040 0.00 186.90 3707.75
10.94 19.64 214.90 201.14 4.00 541050 0.00 188.32 3709.85
10.94 19.64 214.90 201.91 4.00 541060 0.00 189.76 3712.11
10.94 19.64 214.90 202.68 4.00 541070 0.00 191.22 3714.22
10.94 19.64 214.90 203.43 4.00 541080 0.00 192.62 3716.33
10.94 19.64 214.90 204.21 4.00 541090 0.00 194.11 3718.58
10.94 19.64 214.90 204.96 4.00 541100 0.00 195.55 3720.69
10.94 19.64 214.90 205.76 4.00 541110 0.00 197.07 3722.79
10.94 19.64 214.90 203.72 4.00 541120 0.00 193.19 3724.90
10.94 19.64 214.90 202.87 4.00 541130 0.00 191.57 3727.15
11.43 19.65 224.56 207.65 4.00 541140 0.00 200.70 3729.27
11.43 19.65 224.56 208.46 4.00 541150 0.00 202.28 3731.46
11.43 19.65 224.56 209.17 4.00 541160 0.00 203.65 3733.80
11.43 19.65 224.56 209.92 4.00 541170 0.00 205.12 3735.99
11.43 19.65 224.56 210.68 4.00 541180 0.00 206.60 3738.19
11.43 19.65 224.56 211.44 4.00 541190 0.00 208.10 3740.53
11.43 19.65 224.56 212.21 4.00 541200 0.00 209.61 3742.72
11.43 19.65 224.56 212.98 4.00 541210 0.00 211.14 3744.92
11.43 19.65 224.56 213.68 4.00 541220 0.00 212.52 3747.26
11.43 19.65 224.56 214.42 4.00 541230 0.00 214.00 3749.45
11.43 19.65 224.56 215.16 4.00 541240 0.00 215.49 3751.79
11.43 19.65 224.56 215.88 4.00 541250 0.00 216.92 3753.99
11.43 19.65 224.56 216.63 4.00 541260 0.00 218.45 3756.18
11.43 19.65 224.56 217.31 4.00 541270 0.00 219.81 3758.52
11.43 19.65 224.56 218.04 4.00 541280 0.00 221.28 3760.72
11.61 19.08 221.43 218.77 4.00 541290 0.00 222.77 3762.89
11.61 19.08 221.43 219.50 4.00 541300 0.00 224.27 3765.20
11.61 19.08 221.43 220.11 4.00 541310 0.00 225.51 3767.38
11.61 19.08 221.43 220.77 4.00 541320 0.00 226.86 3769.55
11.61 19.08 221.43 221.56 4.00 541330 0.00 228.49 3771.73
11.61 19.08 221.43 222.22 4.00 541340 0.00 229.86 3774.04
11.61 19.08 221.43 222.85 4.00 541350 0.00 231.15 3776.22
11.61 19.08 221.43 223.52 4.00 541360 0.00 232.55 3778.39
11.61 19.08 221.43 224.20 4.00 541370 0.00 233.96 3780.56
11.61 19.08 221.43 224.88 4.00 541380 0.00 235.38 3782.88
11.61 19.08 221.43 225.51 4.00 541390 0.00 236.72 3785.05
11.61 19.08 221.43 226.16 4.00 541400 0.00 238.08 3787.22
11.61 19.08 221.43 222.76 4.00 541410 0.00 230.97 3789.54
11.61 19.08 221.43 223.43 4.00 541420 0.00 232.36 3791.71
11.51 17.23 198.38 224.06 4.00 541430 0.00 233.68 3793.71
11.51 17.23 198.38 224.60 4.00 541440 0.00 234.81 3795.66
11.51 17.23 198.38 225.29 4.00 541450 0.00 236.24 3797.74
11.51 17.23 198.38 225.88 4.00 541460 0.00 237.49 3799.68
11.51 17.23 198.38 226.53 4.00 541470 0.00 238.85 3801.63
11.51 17.23 198.38 227.08 4.00 541480 0.00 240.03 3803.71
11.51 17.23 198.38 227.69 4.00 541490 0.00 241.31 3805.65
11.51 17.23 198.38 228.20 4.00 541500 0.00 242.40 3807.60
11.51 17.23 198.38 228.86 4.00 541510 0.00 243.80 3809.55
11.51 17.23 198.38 229.71 4.00 541520 0.00 245.62 3811.63
11.51 17.23 198.38 230.28 4.00 541530 0.00 246.84 3813.57
11.51 17.23 198.38 230.86 4.00 541540 0.00 248.07 3815.53
11.51 17.23 198.38 231.39 4.00 541550 0.00 249.21 3817.60
11.51 17.23 198.38 231.92 4.00 541560 0.00 250.35 3819.55
11.55 16.07 185.59 232.55 4.00 541570 0.00 251.72 3821.42
11.55 16.07 185.59 233.08 4.00 541580 0.00 252.88 3823.24
11.55 16.07 185.59 233.82 4.00 541590 0.00 254.48 3825.18
11.55 16.07 185.59 234.41 4.00 541600 0.00 255.77 3827.00
11.55 16.07 185.59 234.91 4.00 541610 0.00 256.85 3828.83
11.55 16.07 185.59 235.40 4.00 541620 0.00 257.94 3830.76
11.55 16.07 185.59 235.95 4.00 541630 0.00 259.15 3832.59
11.55 16.07 185.59 236.71 4.00 541640 0.00 260.81 3834.41
11.55 16.07 185.59 237.26 4.00 541650 0.00 262.03 3836.23
11.55 16.07 185.59 237.72 4.00 541660 0.00 263.05 3838.17
11.55 16.07 185.59 238.23 4.00 541670 0.00 264.17 3839.99
11.55 16.07 185.59 238.69 4.00 541680 0.00 265.20 3841.82
11.55 16.07 185.59 239.52 4.00 541690 0.00 267.03 3843.76
11.55 16.07 185.59 239.93 4.00 541700 0.00 267.95 3845.58
11.58 14.84 171.94 240.45 4.00 541710 0.00 269.11 3847.35
11.58 14.84 171.94 240.97 4.00 541720 0.00 270.28 3849.04
11.58 14.84 171.94 241.76 4.00 541730 0.00 272.05 3850.83
11.58 14.84 171.94 242.23 4.00 541740 0.00 273.12 3852.52
11.58 14.84 171.94 242.65 4.00 541750 0.00 274.07 3854.21
11.58 14.84 171.94 243.13 4.00 541760 0.00 275.15 3856.01
11.58 14.84 171.94 243.66 4.00 541770 0.00 276.36 3857.70
11.58 14.84 171.94 244.36 4.00 541780 0.00 277.94 3859.38
11.58 14.84 171.94 244.79 4.00 541790 0.00 278.92 3861.07
11.58 14.84 171.94 245.22 4.00 541800 0.00 279.91 3862.87
11.58 14.84 171.94 245.71 4.00 541810 0.00 281.03 3864.56
11.58 14.84 171.94 246.31 4.00 541820 0.00 282.40 3866.25
11.58 14.84 171.94 246.86 4.00 541830 0.00 283.65 3868.04
11.58 14.84 171.94 247.24 4.00 541840 0.00 284.54 3869.73
11.62 13.99 162.57 247.96 4.00 541850 0.00 286.19 3871.40
11.62 13.99 162.57 248.40 4.00 541860 0.00 287.22 3873.00
11.62 13.99 162.57 248.85 4.00 541870 0.00 288.25 3874.70
11.62 13.99 162.57 249.24 4.00 541880 0.00 289.15 3876.29
11.62 13.99 162.57 249.86 4.00 541890 0.00 290.59 3877.89
11.62 13.99 162.57 250.25 4.00 541900 0.00 291.50 3879.49
11.62 13.99 162.57 250.65 4.00 541910 0.00 292.42 3881.19
11.62 13.99 162.57 251.33 4.00 541920 0.00 294.01 3882.79
11.62 13.99 162.57 251.72 4.00 541930 0.00 294.95 3884.39
11.62 13.99 162.57 252.18 4.00 541940 0.00 296.02 3886.08
11.62 13.99 162.57 252.76 4.00 541950 0.00 297.37 3887.68
11.62 13.99 162.57 253.22 4.00 541960 0.00 298.45 3889.28
11.62 13.99 162.57 253.56 4.00 541970 0.00 299.27 3890.87
11.62 13.99 162.57 254.20 4.00 541980 0.00 300.78 3892.58
11.62 13.99 162.57 254.61 4.00 541990 0.00 301.74 3894.17
11.64 12.84 149.35 254.96 4.00 542000 0.00 302.58 3895.64
11.64 12.84 149.35 255.60 4.00 542010 0.00 304.11 3897.20
11.64 12.84 149.35 256.02 4.00 542020 0.00 305.09 3898.67
11.64 12.84 149.35 256.37 4.00 542030 0.00 305.94 3900.13
11.64 12.84 149.35 256.96 4.00 542040 0.00 307.35 3901.60
11.64 12.84 149.35 257.32 4.00 542050 0.00 308.21 3903.16
11.64 12.84 149.35 257.68 4.00 542060 0.00 309.07 3904.63
11.64 12.84 149.35 258.28 4.00 542070 0.00 310.50 3906.10
11.64 12.84 149.35 258.64 4.00 542080 0.00 311.37 3907.66
11.64 12.84 149.35 259.18 4.00 542090 0.00 312.68 3909.13
11.64 12.84 149.35 259.54 4.00 542100 0.00 313.56 3910.59
11.64 12.84 149.35 259.97 4.00 542110 0.00 314.59 3912.06
11.64 12.84 149.35 260.46 4.00 542120 0.00 315.77 3913.62
11.64 12.84 149.35 260.89 4.00 542130 0.00 316.81 3915.09
11.67 12.08 140.96 261.19 4.00 542140 0.00 317.55 3916.49
11.67 12.08 140.96 261.68 4.00 542150 0.00 318.75 3917.87
11.67 12.08 140.96 262.05 4.00 542160 0.00 319.65 3919.35
11.67 12.08 140.96 262.61 4.00 542170 0.00 321.01 3920.73
11.67 12.08 140.96 262.98 4.00 542180 0.00 321.92 3922.12
11.67 12.08 140.96 263.42 4.00 542190 0.00 322.99 3923.59
11.67 12.08 140.96 263.80 4.00 542200 0.00 323.91 3924.97
11.67 12.08 140.96 264.11 4.00 542210 0.00 324.69 3926.36
11.67 12.08 140.96 264.68 4.00 542220 0.00 326.08 3927.74
11.67 12.08 140.96 264.99 4.00 542230 0.00 326.86 3929.22
11.67 12.08 140.96 265.50 4.00 542240 0.00 328.11 3930.60
11.67 12.08 140.96 265.75 4.00 542250 0.00 328.74 3931.98
11.67 12.08 140.96 266.13 4.00 542260 0.00 329.68 3933.46
11.67 12.08 140.96 266.65 4.00 542270 0.00 330.95 3934.84
11.68 11.44 133.68 266.97 4.00 542280 0.00 331.74 3936.18
11.68 11.44 133.68 267.48 4.00 542290 0.00 333.02 3937.49
11.68 11.44 133.68 267.80 4.00 542300 0.00 333.83 3938.89
11.68 11.44 133.68 268.32 4.00 542310 0.00 335.12 3940.21
11.68 11.44 133.68 268.64 4.00 542320 0.00 335.93 3941.52
11.68 11.44 133.68 269.10 4.00 542330 0.00 337.07 3942.84
11.68 11.44 133.68 269.43 4.00 542340 0.00 337.89 3944.24
11.68 11.44 133.68 269.88 4.00 542350 0.00 339.04 3945.55
11.68 11.44 133.68 270.21 4.00 542360 0.00 339.86 3946.86
11.68 11.44 133.68 270.67 4.00 542370 0.00 341.02 3948.26
11.68 11.44 133.68 270.94 4.00 542380 0.00 341.69 3949.57
11.68 11.44 133.68 271.27 4.00 542390 0.00 342.52 3950.88
11.68 11.44 133.68 271.67 4.00 542400 0.00 343.53 3952.20
11.68 11.44 133.68 272.00 4.00 542410 0.00 344.37 3953.60
11.71 10.61 124.24 272.46 4.00 542420 0.00 345.55 3954.87
11.71 10.61 124.24 272.80 4.00 542430 0.00 346.40 3956.09
11.71 10.61 124.24 273.20 4.00 542440 0.00 347.42 3957.39
11.71 10.61 124.24 273.47 4.00 542450 0.00 348.11 3958.61
11.71 10.61 124.24 273.88 4.00 542460 0.00 349.14 3959.83
11.71 10.61 124.24 274.21 4.00 542470 0.00 350.00 3961.05
11.71 10.61 124.24 274.69 4.00 542480 0.00 351.21 3962.35
11.71 10.61 124.24 274.96 4.00 542490 0.00 351.91 3963.57
11.71 10.61 124.24 275.30 4.00 542500 0.00 352.78 3964.79
11.71 10.61 124.24 275.64 4.00 542510 0.00 353.66 3966.09
11.71 10.61 124.24 275.98 4.00 542520 0.00 354.54 3967.32
11.71 10.61 124.24 276.33 4.00 542530 0.00 355.42 3968.53
11.71 10.61 124.24 276.74 4.00 542540 0.00 356.48 3969.76
11.71 10.61 124.24 277.15 4.00 542550 0.00 357.55 3971.06
11.72 10.02 117.41 277.43 4.00 542560 0.00 358.26 3972.26
11.72 10.02 117.41 277.85 4.00 542570 0.00 359.34 3973.42
11.72 10.02 117.41 278.13 4.00 542580 0.00 360.06 3974.57
11.72 10.02 117.41 278.61 4.00 542590 0.00 361.32 3975.80
11.72 10.02 117.41 278.89 4.00 542600 0.00 362.05 3976.95
11.72 10.02 117.41 279.24 4.00 542610 0.00 362.96 3978.10
11.72 10.02 117.41 279.45 4.00 542620 0.00 363.51 3979.33
11.72 10.02 117.41 279.88 4.00 542630 0.00 364.61 3980.48
11.72 10.02 117.41 280.23 4.00 542640 0.00 365.53 3981.63
11.72 10.02 117.41 280.51 4.00 542650 0.00 366.27 3982.78
11.72 10.02 117.41 280.87 4.00 542660 0.00 367.19 3984.01
11.72 10.02 117.41 281.22 4.00 542670 0.00 368.12 3985.17
11.72 10.02 117.41 281.44 4.00 542680 0.00 368.68 3986.32
11.72 10.02 117.41 281.79 4.00 542690 0.00 369.62 3987.55
11.72 10.02 117.41 282.15 4.00 542700 0.00 370.56 3988.70
11.74 9.44 110.79 282.44 4.00 542710 0.00 371.31 3989.79
11.74 9.44 110.79 282.80 4.00 542720 0.00 372.26 3990.88
11.74 9.44 110.79 283.09 4.00 542730 0.00 373.02 3992.04
11.74 9.44 110.79 283.37 4.00 542740 0.00 373.78 3993.12
11.74 9.44 110.79 283.81 4.00 542750 0.00 374.92 3994.21
11.74 9.44 110.79 284.03 4.00 542760 0.00 375.50 3995.37
11.74 9.44 110.79 284.39 4.00 542770 0.00 376.46 3996.46
11.74 9.44 110.79 284.61 4.00 542780 0.00 377.04 3997.55
11.74 9.44 110.79 284.97 4.00 542790 0.00 378.01 3998.63
11.74 9.44 110.79 285.34 4.00 542800 0.00 378.98 3999.80
11.74 9.44 110.79 285.63 4.00 542810 0.00 379.76 4000.88
11.74 9.44 110.79 285.93 4.00 542820 0.00 380.54 4001.97
11.74 9.44 110.79 286.22 4.00 542830 0.00 381.33 4003.06
11.74 9.44 110.79 286.59 4.00 542840 0.00 382.31 4004.22
11.76 9.00 105.74 286.96 4.00 542850 0.00 383.30 4005.27
11.76 9.00 105.74 287.18 4.00 542860 0.00 383.89 4006.31
11.76 9.00 105.74 287.55 4.00 542870 0.00 384.89 4007.41
11.76 9.00 105.74 287.78 4.00 542880 0.00 385.49 4008.45
11.76 9.00 105.74 288.08 4.00 542890 0.00 386.29 4009.49
11.76 9.00 105.74 288.30 4.00 542900 0.00 386.89 4010.52
11.76 9.00 105.74 288.60 4.00 542910 0.00 387.69 4011.63
11.76 9.00 105.74 288.90 4.00 542920 0.00 388.50 4012.67
11.76 9.00 105.74 289.20 4.00 542930 0.00 389.31 4013.70
11.76 9.00 105.74 289.43 4.00 542940 0.00 389.92 4014.81
11.76 9.00 105.74 289.88 4.00 542950 0.00 391.14 4015.85
11.76 9.00 105.74 290.03 4.00 542960 0.00 391.55 4016.88
11.76 9.00 105.74 290.33 4.00 542970 0.00 392.37 4017.99
11.76 9.00 105.74 290.64 4.00 542980 0.00 393.19 4019.03
11.77 8.51 100.19 290.87 4.00 542990 0.00 393.80 4020.03
11.77 8.51 100.19 291.25 4.00 543000 0.00 394.84 4021.01
11.77 8.51 100.19 291.55 4.00 543010 0.00 395.67 4022.06
11.77 8.51 100.19 291.86 4.00 543020 0.00 396.50 4023.05
11.77 8.51 100.19 292.09 4.00 543030 0.00 397.12 4024.03
11.77 8.51 100.19 292.32 4.00 543040 0.00 397.75 4025.08
11.77 8.51 100.19 292.63 4.00 543050 0.00 398.59 4026.06
11.77 8.51 100.19 292.94 4.00 543060 0.00 399.43 4027.04
11.77 8.51 100.19 293.09 4.00 543070 0.00 399.85 4028.03
11.77 8.51 100.19 293.40 4.00 543080 0.00 400.70 4029.08
11.77 8.51 100.19 293.79 4.00 543090 0.00 401.76 4030.06
11.77 8.51 100.19 293.94 4.00 543100 0.00 402.18 4031.04
11.77 8.51 100.19 294.26 4.00 543110 0.00 403.04 4032.09
11.77 8.51 100.19 294.57 4.00 543120 0.00 403.89 4033.07
11.79 7.95 93.65 294.80 4.00 543130 0.00 404.53 4034.03
11.79 7.95 93.65 295.04 4.00 543140 0.00 405.18 4034.95
11.79 7.95 93.65 295.35 4.00 543150 0.00 406.04 4035.93
11.79 7.95 93.65 295.67 4.00 543160 0.00 406.91 4036.85
11.79 7.95 93.65 295.90 4.00 543170 0.00 407.56 4037.77
11.79 7.95 93.65 296.14 4.00 543180 0.00 408.21 4038.75
11.79 7.95 93.65 296.38 4.00 543190 0.00 408.86 4039.67
11.79 7.95 93.65 296.61 4.00 543200 0.00 409.52 4040.59
11.79 7.95 93.65 296.93 4.00 543210 0.00 410.39 4041.51
11.79 7.95 93.65 297.17 4.00 543220 0.00 411.05 4042.49
11.79 7.95 93.65 297.33 4.00 543230 0.00 411.49 4043.41
11.79 7.95 93.65 297.65 4.00 543240 0.00 412.37 4044.33
11.79 7.95 93.65 297.89 4.00 543250 0.00 413.04 4045.31
11.79 7.95 93.65 298.20 4.00 543260 0.00 413.93 4046.23
11.79 7.65 90.14 298.36 4.00 543270 0.00 414.37 4047.14
11.79 7.65 90.18 298.69 4.00 543280 0.00 415.26 4048.03
11.79 7.65 90.18 298.93 4.00 543290 0.00 415.93 4048.97
11.79 7.65 90.18 299.17 4.00 543300 0.00 416.60 4049.86
11.79 7.65 90.18 299.41 4.00 543310 0.00 417.28 4050.74
11.79 7.65 90.18 299.73 4.00 543320 0.00 418.18 4051.69
11.79 7.65 90.18 299.98 4.00 543330 0.00 418.86 4052.57
11.79 7.65 90.18 300.22 4.00 543340 0.00 419.54 4053.46
11.79 7.65 90.18 300.38 4.00 543350 0.00 419.99 4054.34
11.79 7.65 90.18 300.63 4.00 543360 0.00 420.67 4055.29
11.79 7.65 90.18 300.87 4.00 543370 0.00 421.36 4056.17
11.79 7.65 90.18 301.11 4.00 543380 0.00 422.04 4057.06
11.79 7.65 90.18 301.36 4.00 543390 0.00 422.73 4058.00
11.79 7.65 90.18 301.60 4.00 543400 0.00 423.42 4058.88
11.79 7.65 90.18 301.77 4.00 543410 0.00 423.88 4059.77
11.81 7.16 84.58 302.01 4.00 543420 0.00 424.57 4060.60
11.81 7.16 84.58 302.26 4.00 543430 0.00 425.26 4061.48
11.81 7.16 84.58 302.51 4.00 543440 0.00 425.96 4062.31
11.81 7.16 84.58 302.76 4.00 543450 0.00 426.65 4063.15
11.81 7.16 84.58 303.00 4.00 543460 0.00 427.35 4063.98
11.81 7.16 84.58 303.17 4.00 543470 0.00 427.82 4064.86
11.81 7.16 84.58 303.50 4.00 543480 0.00 428.75 4065.69
11.81 7.16 84.58 303.67 4.00 543490 0.00 429.22 4066.52
11.81 7.16 84.58 303.91 4.00 543500 0.00 429.93 4067.41
11.81 7.16 84.58 304.25 4.00 543510 0.00 430.87 4068.24
11.81 7.16 84.58 304.50 4.00 543520 0.00 431.58 4069.07
11.81 7.16 84.58 304.58 4.00 543530 0.00 431.82 4069.90
11.81 7.16 84.58 304.83 4.00 543540 0.00 432.53 4070.79
11.81 7.16 84.58 305.08 4.00 543550 0.00 433.24 4071.62
11.81 6.93 81.89 305.33 4.00 543560 0.00 433.95 4072.43
11.81 6.93 81.89 305.42 4.00 543570 0.00 434.19 4073.23
11.81 6.93 81.89 305.67 4.00 543580 0.00 434.91 4074.09
11.81 6.93 81.89 305.92 4.00 543590 0.00 435.63 4074.90
11.81 6.93 81.89 306.18 4.00 543600 0.00 436.35 4075.70
11.81 6.93 81.89 306.34 4.00 543610 0.00 436.83 4076.56
11.81 6.93 81.89 306.51 4.00 543620 0.00 437.31 4077.37
11.81 6.93 81.89 306.77 4.00 543630 0.00 438.04 4078.17
11.81 6.93 81.89 307.02 4.00 543640 0.00 438.76 4078.97
11.81 6.93 81.89 307.19 4.00 543650 0.00 439.25 4079.83
11.81 6.93 81.89 307.36 4.00 543660 0.00 439.74 4080.63
11.81 6.93 81.89 307.62 4.00 543670 0.00 440.47 4081.44
11.81 6.93 81.89 307.79 4.00 543680 0.00 440.95 4082.24
11.81 6.93 81.89 308.04 4.00 543690 0.00 441.69 4083.10
11.83 6.55 77.45 308.30 4.00 543700 0.00 442.42 4083.88
11.83 6.55 77.45 308.38 4.00 543710 0.00 442.67 4084.65
11.83 6.55 77.45 308.64 4.00 543720 0.00 443.41 4085.46
11.83 6.55 77.45 308.81 4.00 543730 0.00 443.90 4086.22
11.83 6.55 77.45 309.07 4.00 543740 0.00 444.64 4086.97
11.83 6.55 77.45 309.33 4.00 543750 0.00 445.38 4087.73
11.83 6.55 77.45 309.50 4.00 543760 0.00 445.88 4088.55
11.83 6.55 77.45 309.76 4.00 543770 0.00 446.63 4089.31
11.83 6.55 77.45 309.93 4.00 543780 0.00 447.13 4090.07
11.83 6.55 77.45 310.11 4.00 543790 0.00 447.62 4090.88
11.83 6.55 77.45 310.37 4.00 543800 0.00 448.38 4091.64
11.83 6.55 77.45 310.45 4.00 543810 0.00 448.63 4092.40
11.83 6.55 77.45 310.71 4.00 543820 0.00 449.38 4093.16
11.83 6.55 77.45 310.89 4.00 543830 0.00 449.88 4093.97
11.84 6.13 72.59 311.06 4.00 543840 0.00 450.39 4094.71
11.84 6.13 72.59 311.41 4.00 543850 0.00 451.40 4095.43
11.84 6.13 72.59 311.50 4.00 543860 0.00 451.65 4096.14
11.84 6.13 72.59 311.67 4.00 543870 0.00 452.16 4096.90
11.84 6.13 72.59 311.85 4.00 543880 0.00 452.66 4097.61
11.84 6.13 72.59 312.11 4.00 543890 0.00 453.43 4098.32
11.84 6.13 72.59 312.20 4.00 543900 0.00 453.68 4099.08
11.84 6.13 72.59 312.55 4.00 543910 0.00 454.70 4099.79
11.84 6.13 72.59 312.64 4.00 543920 0.00 454.96 4100.51
11.84 6.13 72.59 312.81 4.00 543930 0.00 455.47 4101.22
11.84 6.13 72.59 312.99 4.00 543940 0.00 455.99 4101.98
11.84 6.13 72.59 313.17 4.00 543950 0.00 456.50 4102.69
11.84 6.13 72.59 313.34 4.00 543960 0.00 457.01 4103.40
11.84 6.13 72.59 313.61 4.00 543970 0.00 457.79 4104.16
11.84 6.09 72.14 313.78 4.00 543980 0.00 458.31 4104.88
11.84 6.09 72.15 313.96 4.00 543990 0.00 458.82 4105.59
11.84 6.09 72.15 314.14 4.00 544000 0.00 459.34 4106.29
11.84 6.09 72.15 314.41 4.00 544010 0.00 460.12 4107.05
11.84 6.09 72.15 314.58 4.00 544020 0.00 460.64 4107.76
11.84 6.09 72.15 314.76 4.00 544030 0.00 461.17 4108.47
11.84 6.09 72.15 314.94 4.00 544040 0.00 461.69 4109.22
11.84 6.09 72.15 315.12 4.00 544050 0.00 462.21 4109.93
11.84 6.09 72.15 315.30 4.00 544060 0.00 462.74 4110.64
11.84 6.09 72.15 315.48 4.00 544070 0.00 463.26 4111.34
11.84 6.09 72.15 315.57 4.00 544080 0.00 463.53 4112.10
11.84 6.09 72.15 315.84 4.00 544090 0.00 464.32 4112.81
11.84 6.09 72.15 316.02 4.00 544100 0.00 464.85 4113.52
11.84 6.09 72.15 316.11 4.00 544110 0.00 465.11 4114.27
11.84 6.09 72.15 316.29 4.00 544120 0.00 465.64 4114.98
11.85 5.66 67.05 316.47 4.00 544130 0.00 466.17 4115.64
11.85 5.66 67.05 316.65 4.00 544140 0.00 466.70 4116.30
11.85 5.66 67.05 316.83 4.00 544150 0.00 467.24 4117.00
11.85 5.66 67.05 317.10 4.00 544160 0.00 468.04 4117.66
11.85 5.66 67.05 317.28 4.00 544170 0.00 468.57 4118.31
11.85 5.66 67.05 317.37 4.00 544180 0.00 468.84 4119.02
11.85 5.66 67.05 317.55 4.00 544190 0.00 469.37 4119.67
11.85 5.66 67.05 317.64 4.00 544200 0.00 469.64 4120.33
11.85 5.66 67.05 317.91 4.00 544210 0.00 470.45 4120.99
11.85 5.66 67.05 318.01 4.00 544220 0.00 470.72 4121.69
11.85 5.66 67.05 318.19 4.00 544230 0.00 471.26 4122.35
11.85 5.66 67.05 318.46 4.00 544240 0.00 472.07 4123.01
11.85 5.66 67.05 318.55 4.00 544250 0.00 472.34 4123.71
11.85 5.66 67.05 318.83 4.00 544260 0.00 473.15 4124.37
11.86 5.41 64.13 318.92 4.00 544270 0.00 473.42 4125.00
11.86 5.41 64.13 319.01 4.00 544280 0.00 473.70 4125.63
11.86 5.41 64.13 319.19 4.00 544290 0.00 474.24 4126.31
11.86 5.41 64.13 319.47 4.00 544300 0.00 475.06 4126.93
11.86 5.41 64.13 319.65 4.00 544310 0.00 475.61 4127.57
11.86 5.41 64.13 319.74 4.00 544320 0.00 475.88 4128.24
11.86 5.41 64.13 319.84 4.00 544330 0.00 476.15 4128.87
11.86 5.41 64.13 320.11 4.00 544340 0.00 476.98 4129.50
11.86 5.41 64.13 320.11 4.00 544350 0.00 476.98 4130.12
11.86 5.41 64.13 320.39 4.00 544360 0.00 477.80 4130.80
11.86 5.41 64.13 320.48 4.00 544370 0.00 478.08 4131.43
11.86 5.41 64.13 320.76 4.00 544380 0.00 478.91 4132.06
11.86 5.41 64.13 320.85 4.00 544390 0.00 479.18 4132.69
11.86 5.41 64.13 320.94 4.00 544400 0.00 479.46 4133.36
11.86 5.28 62.68 321.13 4.00 544410 0.00 480.02 4133.98
11.86 5.28 62.68 321.32 4.00 544420 0.00 480.57 4134.60
11.86 5.28 62.68 321.41 4.00 544430 0.00 480.85 4135.25
11.86 5.28 62.68 321.60 4.00 544440 0.00 481.41 4135.87
11.86 5.28 62.68 321.78 4.00 544450 0.00 481.96 4136.48
11.86 5.28 62.68 321.87 4.00 544460 0.00 482.24 4137.10
11.86 5.28 62.68 322.06 4.00 544470 0.00 482.80 4137.75
11.86 5.28 62.68 322.25 4.00 544480 0.00 483.36 4138.37
11.86 5.28 62.68 322.44 4.00 544490 0.00 483.92 4138.98
11.86 5.28 62.68 322.62 4.00 544500 0.00 484.49 4139.64
11.86 5.28 62.68 322.72 4.00 544510 0.00 484.77 4140.26
11.86 5.28 62.68 322.90 4.00 544520 0.00 485.33 4140.87
11.86 5.28 62.68 323.00 4.00 544530 0.00 485.61 4141.49
11.86 5.28 62.68 323.19 4.00 544540 0.00 486.18 4142.14
11.88 4.85 57.56 323.37 4.00 544550 0.00 486.74 4142.74
11.88 4.85 57.56 323.47 4.00 544560 0.00 487.03 4143.31
11.88 4.85 57.56 323.56 4.00 544570 0.00 487.31 4143.87
11.88 4.85 57.56 323.84 4.00 544580 0.00 488.16 4144.47
11.88 4.85 57.56 323.94 4.00 544590 0.00 488.45 4145.04
11.88 4.85 57.56 324.03 4.00 544600 0.00 488.73 4145.60
11.88 4.85 57.56 324.13 4.00 544610 0.00 489.02 4146.21
11.88 4.85 57.56 324.32 4.00 544620 0.00 489.59 4146.77
11.88 4.85 57.56 324.41 4.00 544630 0.00 489.88 4147.34
11.88 4.85 57.56 324.70 4.00 544640 0.00 490.74 4147.90
11.88 4.85 57.56 324.79 4.00 544650 0.00 491.02 4148.51
11.88 4.85 57.56 324.89 4.00 544660 0.00 491.31 4149.07
11.88 4.85 57.56 324.98 4.00 544670 0.00 491.60 4149.64
11.88 4.85 57.56 325.27 4.00 544680 0.00 492.46 4150.24
11.88 4.91 58.26 325.36 4.00 544690 0.00 492.75 4150.80
11.88 4.91 58.28 325.55 4.00 544700 0.00 493.33 4151.38
11.88 4.91 58.28 325.74 4.00 544710 0.00 493.91 4151.95
11.88 4.91 58.28 325.84 4.00 544720 0.00 494.20 4152.56
11.88 4.91 58.28 325.93 4.00 544730 0.00 494.49 4153.13
11.88 4.91 58.28 326.03 4.00 544740 0.00 494.78 4153.70
11.88 4.91 58.28 326.22 4.00 544750 0.00 495.36 4154.31
11.88 4.91 58.28 326.32 4.00 544760 0.00 495.65 4154.89
11.88 4.91 58.28 326.51 4.00 544770 0.00 496.23 4155.46
11.88 4.91 58.28 326.61 4.00 544780 0.00 496.52 4156.03
11.88 4.91 58.28 326.80 4.00 544790 0.00 497.11 4156.64
11.88 4.91 58.28 326.89 4.00 544800 0.00 497.40 4157.21
11.88 4.91 58.28 326.99 4.00 544810 0.00 497.69 4157.78
11.88 4.91 58.28 327.18 4.00 544820 0.00 498.28 4158.36
11.88 4.91 58.28 327.28 4.00 544830 0.00 498.57 4158.97
11.88 4.59 54.55 327.47 4.00 544840 0.00 499.16 4159.50
11.88 4.59 54.55 327.47 4.00 544850 0.00 499.16 4160.04
11.88 4.59 54.55 327.66 4.00 544860 0.00 499.75 4160.61
11.88 4.59 54.55 327.86 4.00 544870 0.00 500.34 4161.14
11.88 4.59 54.55 327.95 4.00 544880 0.00 500.63 4161.68
11.88 4.59 54.55 328.15 4.00 544890 0.00 501.23 4162.22
11.88 4.59 54.55 328.25 4.00 544900 0.00 501.52 4162.79
11.88 4.59 54.55 328.34 4.00 544910 0.00 501.82 4163.32
11.88 4.59 54.55 328.44 4.00 544920 0.00 502.12 4163.86
11.88 4.59 54.55 328.73 4.00 544930 0.00 503.01 4164.43
11.88 4.59 54.55 328.73 4.00 544940 0.00 503.01 4164.97
11.88 4.59 54.55 328.93 4.00 544950 0.00 503.60 4165.50
11.88 4.59 54.55 0.00 4.00 544960 0.00 0.00 4166.04
11.88 4.59 54.55 329.22 4.00 544970 0.00 504.50 4166.61
11.89 4.25 50.52 329.22 4.00 544980 0.00 504.50 4167.11
11.89 4.25 50.52 329.41 4.00 544990 0.00 505.10 4167.61
11.89 4.25 50.52 329.51 4.00 545000 0.00 505.40 4168.14
11.89 4.25 50.52 329.61 4.00 545010 0.00 505.70 4168.63
11.89 4.25 50.52 329.71 4.00 545020 0.00 506.00 4169.13
11.89 4.25 50.52 329.80 4.00 545030 0.00 506.30 4169.63
11.89 4.25 50.52 330.00 4.00 545040 0.00 506.90 4170.15
11.89 4.25 50.52 330.10 4.00 545050 0.00 507.20 4170.65
11.89 4.25 50.52 330.20 4.00 545060 0.00 507.50 4171.14
11.89 4.25 50.52 330.39 4.00 545070 0.00 508.11 4171.67
11.89 4.25 50.52 330.49 4.00 545080 0.00 508.41 4172.17
11.89 4.25 50.52 330.59 4.00 545090 0.00 508.71 4172.67
11.89 4.25 50.52 330.79 4.00 545100 0.00 509.32 4173.16
11.89 4.25 50.52 330.88 4.00 545110 0.00 509.62 4173.69
11.89 4.38 52.05 330.98 4.00 545120 0.00 509.92 4174.20
11.89 4.38 52.05 331.08 4.00 545130 0.00 510.23 4174.71
11.89 4.38 52.05 331.28 4.00 545140 0.00 510.84 4175.22
11.89 4.38 52.05 331.38 4.00 545150 0.00 511.14 4175.76
11.89 4.38 52.05 331.48 4.00 545160 0.00 511.45 4176.27
11.89 4.38 52.05 331.58 4.00 545170 0.00 511.75 4176.78
11.89 4.38 52.05 331.67 4.00 545180 0.00 512.06 4177.33
11.89 4.38 52.05 331.77 4.00 545190 0.00 512.36 4177.84
11.89 4.38 52.05 331.97 4.00 545200 0.00 512.97 4178.35
11.89 4.38 52.05 332.07 4.00 545210 0.00 513.28 4178.86
11.89 4.38 52.05 332.17 4.00 545220 0.00 513.59 4179.41
11.89 4.38 52.05 332.27 4.00 545230 0.00 513.90 4179.92
11.89 4.38 52.05 332.37 4.00 545240 0.00 514.20 4180.43
11.89 4.38 52.05 332.47 4.00 545250 0.00 514.51 4180.97
11.89 3.89 46.29 332.57 4.00 545260 0.00 514.82 4181.46
11.89 3.89 46.29 332.67 4.00 545270 0.00 515.13 4181.92
11.89 3.89 46.29 332.87 4.00 545280 0.00 515.74 4182.37
11.89 3.89 46.29 332.97 4.00 545290 0.00 516.05 4182.86
11.89 3.89 46.29 333.07 4.00 545300 0.00 516.36 4183.31
11.89 3.89 46.29 333.17 4.00 545310 0.00 516.67 4183.77
11.89 3.89 46.29 333.37 4.00 545320 0.00 517.29 4184.25
11.89 3.89 46.29 333.47 4.00 545330 0.00 517.60 4184.71
11.89 3.89 46.29 333.57 4.00 545340 0.00 517.91 4185.16
11.89 3.89 46.29 333.77 4.00 545350 0.00 518.54 4185.61
11.89 3.89 46.29 333.87 4.00 545360 0.00 518.85 4186.10
11.89 3.89 46.29 333.87 4.00 545370 0.00 518.85 4186.55
11.89 3.89 46.29 334.07 4.00 545380 0.00 519.47 4187.01
11.89 3.89 46.29 334.17 4.00 545390 0.00 519.79 4187.46
11.89 3.65 43.41 334.17 4.00 545400 0.00 519.79 4187.94
11.90 3.65 43.46 334.37 4.00 545410 0.00 520.41 4188.37
11.90 3.65 43.46 334.47 4.00 545420 0.00 520.72 4188.80
11.90 3.65 43.46 334.47 4.00 545430 0.00 520.72 4189.25
11.90 3.65 43.46 334.67 4.00 545440 0.00 521.35 4189.68
11.90 3.65 43.46 334.77 4.00 545450 0.00 521.67 4190.11
11.90 3.65 43.46 334.87 4.00 545460 0.00 521.98 4190.53
11.90 3.65 43.46 334.97 4.00 545470 0.00 522.30 4190.99
11.90 3.65 43.46 335.08 4.00 545480 0.00 522.61 4191.41
11.90 3.65 43.46 335.08 4.00 545490 0.00 522.61 4191.84
11.90 3.65 43.46 335.28 4.00 545500 0.00 523.24 4192.30
11.90 3.65 43.46 335.38 4.00 545510 0.00 523.56 4192.72
11.90 3.65 43.46 335.48 4.00 545520 0.00 523.87 4193.15
11.90 3.65 43.46 335.58 4.00 545530 0.00 524.19 4193.58
11.90 3.65 43.46 335.68 4.00 545540 0.00 524.51 4194.03
11.90 3.77 44.89 335.78 4.00 545550 0.00 524.82 4194.47
11.90 3.77 44.89 335.99 4.00 545560 0.00 525.46 4194.91
11.90 3.77 44.89 336.09 4.00 545570 0.00 525.78 4195.35
11.90 3.77 44.89 336.19 4.00 545580 0.00 526.10 4195.82
11.90 3.77 44.89 336.29 4.00 545590 0.00 526.41 4196.26
11.90 3.77 44.89 336.39 4.00 545600 0.00 526.73 4196.70
11.90 3.77 44.89 336.50 4.00 545610 0.00 527.05 4197.17
11.90 3.77 44.89 336.50 4.00 545620 0.00 527.05 4197.61
11.90 3.77 44.89 336.70 4.00 545630 0.00 527.69 4198.06
11.90 3.77 44.89 336.80 4.00 545640 0.00 528.01 4198.50
11.90 3.77 44.89 336.80 4.00 545650 0.00 528.01 4198.96
11.90 3.77 44.89 337.01 4.00 545660 0.00 528.65 4199.40
11.90 3.77 44.89 337.01 4.00 545670 0.00 528.65 4199.85
11.90 3.77 44.89 337.11 4.00 545680 0.00 528.97 4200.32
11.92 3.89 46.37 337.21 4.00 545690 0.00 529.29 4200.76
11.92 3.89 46.37 337.31 4.00 545700 0.00 529.62 4201.22
11.92 3.89 46.37 337.42 4.00 545710 0.00 529.94 4201.68
11.92 3.89 46.37 337.42 4.00 545720 0.00 529.94 4202.16
11.92 3.89 46.37 337.62 4.00 545730 0.00 530.58 4202.62
11.92 3.89 46.37 337.62 4.00 545740 0.00 530.58 4203.07
11.92 3.89 46.37 337.72 4.00 545750 0.00 530.90 4203.56
11.92 3.89 46.37 337.93 4.00 545760 0.00 531.55 4204.01
11.92 3.89 46.37 337.93 4.00 545770 0.00 531.55 4204.47
11.92 3.89 46.37 338.03 4.00 545780 0.00 531.87 4204.92
11.92 3.89 46.37 338.24 4.00 545790 0.00 532.52 4205.41
11.92 3.89 46.37 338.34 4.00 545800 0.00 532.85 4205.86
11.92 3.89 46.37 338.44 4.00 545810 0.00 533.17 4206.32
11.92 3.89 46.37 338.44 4.00 545820 0.00 533.17 4206.81
11.93 3.48 41.46 338.55 4.00 545830 0.00 533.49 4207.24
11.93 3.48 41.46 338.75 4.00 545840 0.00 534.15 4207.65
11.93 3.48 41.46 338.75 4.00 545850 0.00 534.15 4208.05
11.93 3.48 41.46 338.86 4.00 545860 0.00 534.47 4208.49
11.93 3.48 41.46 338.96 4.00 545870 0.00 534.80 4208.89
11.93 3.48 41.46 339.06 4.00 545880 0.00 535.12 4209.30
11.93 3.48 41.46 339.17 4.00 545890 0.00 535.45 4209.73
11.93 3.48 41.46 339.27 4.00 545900 0.00 535.78 4210.14
11.93 3.48 41.46 339.37 4.00 545910 0.00 536.11 4210.55
11.93 3.48 41.46 339.27 4.00 545920 0.00 535.78 4210.96
11.93 3.48 41.46 339.48 4.00 545930 0.00 536.43 4211.39
11.93 3.48 41.46 339.58 4.00 545940 0.00 536.76 4211.80
11.93 3.48 41.46 339.69 4.00 545950 0.00 537.09 4212.20
11.93 3.48 41.46 339.79 4.00 545960 0.00 537.42 4212.61
11.91 3.35 39.92 339.79 4.00 545970 0.00 537.42 4213.04
11.91 3.35 39.92 340.00 4.00 545980 0.00 538.08 4213.43
11.91 3.35 39.92 340.10 4.00 545990 0.00 538.41 4213.82
11.91 3.35 39.92 340.10 4.00 546000 0.00 538.41 4214.24
11.91 3.35 39.92 340.21 4.00 546010 0.00 538.73 4214.63
11.91 3.35 39.92 340.31 4.00 546020 0.00 539.07 4215.03
11.91 3.35 39.92 340.41 4.00 546030 0.00 539.40 4215.42
11.91 3.35 39.92 340.52 4.00 546040 0.00 539.73 4215.83
11.91 3.35 39.92 340.52 4.00 546050 0.00 539.73 4216.23
11.91 3.35 39.92 340.62 4.00 546060 0.00 540.06 4216.62
11.91 3.35 39.92 340.73 4.00 546070 0.00 540.39 4217.04
11.91 3.35 39.92 340.83 4.00 546080 0.00 540.72 4217.43
11.91 3.35 39.92 340.83 4.00 546090 0.00 540.72 4217.82
11.91 3.35 39.92 341.04 4.00 546100 0.00 541.38 4218.21
11.91 3.39 40.36 341.04 4.00 546110 0.00 541.38 4218.63
11.92 3.39 40.40 341.15 4.00 546120 0.00 541.72 4219.03
11.92 3.39 40.40 341.25 4.00 546130 0.00 542.05 4219.42
11.92 3.39 40.40 341.36 4.00 546140 0.00 542.38 4219.85
11.92 3.39 40.40 341.46 4.00 546150 0.00 542.72 4220.24
11.92 3.39 40.40 341.46 4.00 546160 0.00 542.72 4220.64
11.92 3.39 40.40 341.57 4.00 546170 0.00 543.05 4221.04
11.92 3.39 40.40 341.78 4.00 546180 0.00 543.72 4221.46
11.92 3.39 40.40 341.78 4.00 546190 0.00 543.72 4221.86
11.92 3.39 40.40 341.88 4.00 546200 0.00 544.05 4222.25
11.92 3.39 40.40 341.99 4.00 546210 0.00 544.39 4222.68
11.92 3.39 40.40 342.09 4.00 546220 0.00 544.72 4223.07
11.92 3.39 40.40 342.09 4.00 546230 0.00 544.72 4223.47
11.92 3.39 40.40 342.20 4.00 546240 0.00 545.06 4223.87
11.92 3.39 40.40 342.20 4.00 546250 0.00 545.06 4224.29
11.93 3.00 35.85 342.30 4.00 546260 0.00 545.39 4224.65
11.93 3.00 35.85 342.51 4.00 546270 0.00 546.07 4225.00
11.93 3.00 35.85 342.51 4.00 546280 0.00 546.07 4225.37
11.93 3.00 35.85 342.51 4.00 546290 0.00 546.07 4225.72
11.93 3.00 35.85 342.62 4.00 546300 0.00 546.40 4226.07
11.93 3.00 35.85 342.72 4.00 546310 0.00 546.74 4226.43
11.93 3.00 35.85 342.83 4.00 546320 0.00 547.08 4226.80
11.93 3.00 35.85 342.94 4.00 546330 0.00 547.42 4227.15
11.93 3.00 35.85 342.94 4.00 546340 0.00 547.42 4227.50
11.93 3.00 35.85 343.04 4.00 546350 0.00 547.75 4227.88
11.93 3.00 35.85 343.15 4.00 546360 0.00 548.09 4228.23
11.93 3.00 35.85 343.25 4.00 546370 0.00 548.43 4228.58
11.93 3.00 35.85 343.36 4.00 546380 0.00 548.77 4228.94
11.93 3.00 35.85 343.47 4.00 546390 0.00 549.11 4229.31
11.92 3.03 36.07 343.47 4.00 546400 0.00 549.11 4229.66
11.92 3.03 36.07 343.57 4.00 546410 0.00 549.45 4230.02
11.92 3.03 36.07 343.57 4.00 546420 0.00 549.45 4230.40
11.92 3.03 36.07 343.68 4.00 546430 0.00 549.79 4230.75
11.92 3.03 36.07 343.68 4.00 546440 0.00 549.79 4231.10
11.92 3.03 36.07 344.00 4.00 546450 0.00 550.81 4231.46
11.92 3.03 36.07 343.89 4.00 546460 0.00 550.47 4231.83
11.92 3.03 36.07 344.00 4.00 546470 0.00 550.81 4232.19
11.92 3.03 36.07 344.10 4.00 546480 0.00 551.15 4232.54
11.92 3.03 36.07 344.21 4.00 546490 0.00 551.49 4232.92
11.92 3.03 36.07 344.21 4.00 546500 0.00 551.49 4233.27
11.92 3.03 36.07 344.21 4.00 546510 0.00 551.49 4233.63
11.92 3.03 36.07 344.32 4.00 546520 0.00 551.84 4234.01
11.92 3.03 36.07 344.42 4.00 546530 0.00 552.18 4234.36
11.93 3.07 36.65 344.53 4.00 546540 0.00 552.52 4234.72
11.93 3.07 36.65 344.53 4.00 546550 0.00 552.52 4235.08
11.93 3.07 36.65 344.64 4.00 546560 0.00 552.86 4235.46
11.93 3.07 36.65 344.74 4.00 546570 0.00 553.21 4235.82
11.93 3.07 36.65 344.85 4.00 546580 0.00 553.55 4236.18
11.93 3.07 36.65 344.85 4.00 546590 0.00 553.55 4236.54
11.93 3.07 36.65 344.96 4.00 546600 0.00 553.89 4236.92
11.93 3.07 36.65 344.96 4.00 546610 0.00 553.89 4237.28
11.93 3.07 36.65 345.07 4.00 546620 0.00 554.24 4237.64
11.93 3.07 36.65 345.17 4.00 546630 0.00 554.58 4238.03
11.93 3.07 36.65 345.28 4.00 546640 0.00 554.93 4238.39
11.93 3.07 36.65 345.28 4.00 546650 0.00 554.93 4238.75
11.93 3.07 36.65 345.39 4.00 546660 0.00 555.27 4239.11
11.93 3.07 36.65 345.39 4.00 546670 0.00 555.27 4239.49
11.94 2.66 31.71 345.60 4.00 546680 0.00 555.96 4239.84
11.94 2.66 31.71 345.60 4.00 546690 0.00 555.96 4240.15
11.94 2.66 31.71 345.60 4.00 546700 0.00 555.96 4240.46
11.94 2.66 31.71 345.82 4.00 546710 0.00 556.66 4240.79
11.94 2.66 31.71 345.71 4.00 546720 0.00 556.31 4241.10
11.94 2.66 31.71 345.82 4.00 546730 0.00 556.66 4241.42
11.94 2.66 31.71 345.92 4.00 546740 0.00 557.00 4241.75
11.94 2.66 31.71 345.92 4.00 546750 0.00 557.00 4242.06
11.94 2.66 31.71 345.92 4.00 546760 0.00 557.00 4242.37
11.94 2.66 31.71 346.03 4.00 546770 0.00 557.35 4242.68
11.94 2.66 31.71 346.25 4.00 546780 0.00 558.04 4243.01
11.94 2.66 31.71 346.14 4.00 546790 0.00 557.70 4243.32
11.94 2.66 31.71 346.25 4.00 546800 0.00 558.04 4243.64
11.94 2.66 31.71 346.46 4.00 546810 0.00 558.74 4243.97
11.94 2.82 33.63 346.46 4.00 546820 0.00 558.74 4244.28
11.94 2.82 33.63 346.57 4.00 546830 0.00 559.09 4244.61
11.94 2.82 33.63 346.57 4.00 546840 0.00 559.09 4244.94
11.94 2.82 33.63 346.68 4.00 546850 0.00 559.44 4245.29
11.94 2.82 33.63 346.68 4.00 546860 0.00 559.44 4245.62
11.94 2.82 33.63 346.90 4.00 546870 0.00 560.14 4245.95
11.94 2.82 33.63 346.90 4.00 546880 0.00 560.14 4246.28
11.94 2.82 33.63 347.01 4.00 546890 0.00 560.49 4246.64
11.94 2.82 33.63 347.01 4.00 546900 0.00 560.49 4246.97
11.94 2.82 33.63 347.01 4.00 546910 0.00 560.49 4247.30
11.94 2.82 33.63 347.11 4.00 546920 0.00 560.84 4247.65
11.94 2.82 33.63 347.22 4.00 546930 0.00 561.19 4247.98
11.94 2.82 33.63 347.22 4.00 546940 0.00 561.19 4248.31
11.94 2.82 33.63 347.33 4.00 546950 0.00 561.54 4248.64
11.94 2.82 33.63 347.44 4.00 546960 0.00 561.89 4248.99
11.94 2.79 33.27 347.44 4.00 546970 0.00 561.89 4249.32
11.94 2.79 33.27 347.44 4.00 546980 0.00 561.89 4249.65
11.94 2.79 33.27 347.55 4.00 546990 0.00 562.24 4249.99
11.94 2.79 33.27 347.66 4.00 547000 0.00 562.59 4250.32
11.94 2.79 33.27 347.66 4.00 547010 0.00 562.59 4250.65
11.94 2.79 33.27 347.77 4.00 547020 0.00 562.94 4250.98
11.94 2.79 33.27 347.87 4.00 547030 0.00 563.30 4251.32
11.94 2.79 33.27 347.98 4.00 547040 0.00 563.65 4251.65
11.94 2.79 33.27 347.98 4.00 547050 0.00 563.65 4251.98
11.94 2.79 33.27 348.09 4.00 547060 0.00 564.00 4252.30
11.94 2.79 33.27 348.09 4.00 547070 0.00 564.00 4252.65
11.94 2.79 33.27 348.20 4.00 547080 0.00 564.36 4252.98
11.94 2.79 33.27 348.20 4.00 547090 0.00 564.36 4253.30
11.94 2.79 33.27 348.31 4.00 547100 0.00 564.71 4253.65
11.95 2.47 29.47 348.31 4.00 547110 0.00 564.71 4253.95
11.95 2.47 29.47 348.42 4.00 547120 0.00 565.07 4254.24
11.95 2.47 29.47 348.42 4.00 547130 0.00 565.07 4254.53
11.95 2.47 29.47 348.53 4.00 547140 0.00 565.42 4254.84
11.95 2.47 29.47 348.64 4.00 547150 0.00 565.77 4255.13
11.95 2.47 29.47 348.64 4.00 547160 0.00 565.77 4255.42
11.95 2.47 29.47 348.75 4.00 547170 0.00 566.13 4255.71
11.95 2.47 29.47 348.75 4.00 547180 0.00 566.13 4256.02
11.95 2.47 29.47 348.75 4.00 547190 0.00 566.13 4256.31
11.95 2.47 29.47 348.86 4.00 547200 0.00 566.49 4256.60
11.95 2.47 29.47 348.97 4.00 547210 0.00 566.84 4256.91
11.95 2.47 29.47 348.97 4.00 547220 0.00 566.84 4257.20
11.95 2.47 29.47 348.97 4.00 547230 0.00 566.84 4257.49
11.95 2.47 29.47 349.08 4.00 547240 0.00 567.20 4257.78
11.95 2.54 30.31 349.19 4.00 547250 0.00 567.55 4258.09
11.95 2.54 30.31 349.30 4.00 547260 0.00 567.91 4258.39
11.95 2.54 30.31 349.30 4.00 547270 0.00 567.91 4258.68
11.95 2.54 30.31 349.41 4.00 547280 0.00 568.27 4259.00
11.95 2.54 30.31 349.41 4.00 547290 0.00 568.27 4259.30
11.95 2.54 30.31 349.52 4.00 547300 0.00 568.63 4259.60
11.95 2.54 30.31 349.52 4.00 547310 0.00 568.63 4259.89
11.95 2.54 30.31 349.52 4.00 547320 0.00 568.63 4260.21
11.95 2.54 30.31 349.63 4.00 547330 0.00 568.98 4260.51
11.95 2.54 30.31 349.63 4.00 547340 0.00 568.98 4260.81
11.95 2.54 30.31 349.74 4.00 547350 0.00 569.34 4261.10
11.95 2.54 30.31 349.74 4.00 547360 0.00 569.34 4261.42
11.95 2.54 30.31 349.85 4.00 547370 0.00 569.70 4261.72
11.95 2.54 30.31 349.96 4.00 547380 0.00 570.06 4262.02
11.95 2.53 30.25 349.96 4.00 547390 0.00 570.06 4262.33
11.95 2.53 30.25 350.07 4.00 547400 0.00 570.42 4262.63
11.95 2.53 30.25 350.07 4.00 547410 0.00 570.42 4262.93
11.95 2.53 30.25 350.07 4.00 547420 0.00 570.42 4263.22
11.95 2.53 30.25 350.18 4.00 547430 0.00 570.78 4263.54
11.95 2.53 30.25 350.18 4.00 547440 0.00 570.78 4263.84
11.95 2.53 30.25 350.29 4.00 547450 0.00 571.14 4264.14
11.95 2.53 30.25 350.40 4.00 547460 0.00 571.50 4264.43
11.95 2.53 30.25 350.40 4.00 547470 0.00 571.50 4264.75
11.95 2.53 30.25 350.51 4.00 547480 0.00 571.86 4265.05
11.95 2.53 30.25 350.51 4.00 547490 0.00 571.86 4265.34
11.95 2.53 30.25 350.51 4.00 547500 0.00 571.86 4265.66
11.95 2.53 30.25 350.62 4.00 547510 0.00 572.22 4265.96
11.95 2.53 30.25 350.62 4.00 547520 0.00 572.22 4266.25
11.95 2.53 30.25 350.73 4.00 547530 0.00 572.58 4266.55
11.95 2.34 27.91 350.73 4.00 547540 0.00 572.58 4266.84
11.95 2.34 27.91 350.84 4.00 547550 0.00 572.94 4267.12
11.95 2.34 27.91 350.84 4.00 547560 0.00 572.94 4267.39
11.95 2.34 27.91 350.95 4.00 547570 0.00 573.30 4267.69
11.95 2.34 27.91 350.95 4.00 547580 0.00 573.30 4267.96
11.95 2.34 27.91 351.06 4.00 547590 0.00 573.67 4268.23
11.95 2.34 27.91 351.06 4.00 547600 0.00 573.67 4268.51
11.95 2.34 27.91 351.17 4.00 547610 0.00 574.03 4268.80
11.95 2.34 27.91 351.17 4.00 547620 0.00 574.03 4269.07
11.95 2.34 27.91 351.17 4.00 547630 0.00 574.03 4269.35
11.95 2.34 27.91 351.28 4.00 547640 0.00 574.39 4269.62
11.95 2.34 27.91 351.40 4.00 547650 0.00 574.76 4269.91
11.95 2.34 27.91 351.51 4.00 547660 0.00 575.12 4270.19
11.95 2.34 27.91 351.51 4.00 547670 0.00 575.12 4270.46
11.95 2.28 27.23 351.51 4.00 547680 0.00 575.12 4270.75
11.95 2.28 27.23 351.62 4.00 547690 0.00 575.48 4271.02
11.95 2.28 27.23 351.62 4.00 547700 0.00 575.48 4271.28
11.95 2.28 27.23 351.73 4.00 547710 0.00 575.85 4271.55
11.95 2.28 27.23 351.73 4.00 547720 0.00 575.85 4271.83
11.95 2.28 27.23 351.84 4.00 547730 0.00 576.21 4272.10
11.95 2.28 27.23 351.84 4.00 547740 0.00 576.21 4272.37
11.95 2.28 27.23 351.84 4.00 547750 0.00 576.21 4272.65
11.95 2.28 27.23 351.84 4.00 547760 0.00 576.21 4272.92
11.95 2.28 27.23 351.95 4.00 547770 0.00 576.58 4273.19
11.95 2.28 27.23 352.06 4.00 547780 0.00 576.94 4273.46
11.95 2.28 27.23 352.06 4.00 547790 0.00 576.94 4273.74
11.95 2.28 27.23 352.17 4.00 547800 0.00 577.31 4274.01
11.95 2.28 27.23 352.17 4.00 547810 0.00 577.31 4274.28
11.95 2.34 27.91 352.29 4.00 547820 0.00 577.68 4274.55
11.95 2.34 27.91 352.17 4.00 547830 0.00 577.31 4274.84
11.95 2.34 27.91 352.29 4.00 547840 0.00 577.68 4275.11
11.95 2.34 27.91 352.40 4.00 547850 0.00 578.04 4275.39
11.95 2.34 27.91 352.40 4.00 547860 0.00 578.04 4275.68
11.95 2.34 27.91 352.51 4.00 547870 0.00 578.41 4275.95
11.95 2.34 27.91 352.51 4.00 547880 0.00 578.41 4276.23
11.95 2.34 27.91 352.51 4.00 547890 0.00 578.41 4276.50
11.95 2.34 27.91 352.51 4.00 547900 0.00 578.41 4276.79
11.95 2.34 27.91 352.62 4.00 547910 0.00 578.78 4277.07
11.95 2.34 27.91 352.62 4.00 547920 0.00 578.78 4277.34
11.95 2.34 27.91 352.73 4.00 547930 0.00 579.14 4277.63
11.95 2.34 27.91 352.73 4.00 547940 0.00 579.14 4277.91
11.95 2.34 27.91 352.73 4.00 547950 0.00 579.14 4278.18
11.96 2.19 26.22 352.85 4.00 547960 0.00 579.51 4278.45
11.96 2.19 26.22 352.73 4.00 547970 0.00 579.14 4278.72
11.96 2.19 26.22 352.96 4.00 547980 0.00 579.88 4278.98
11.96 2.19 26.22 352.96 4.00 547990 0.00 579.88 4279.24
11.96 2.19 26.22 353.07 4.00 548000 0.00 580.25 4279.50
11.96 2.19 26.22 353.07 4.00 548010 0.00 580.25 4279.77
11.96 2.19 26.22 353.18 4.00 548020 0.00 580.62 4280.03
11.96 2.19 26.22 353.18 4.00 548030 0.00 580.62 4280.29
11.96 2.19 26.22 353.18 4.00 548040 0.00 580.62 4280.56
11.96 2.19 26.22 353.29 4.00 548050 0.00 580.99 4280.82
11.96 2.19 26.22 353.41 4.00 548060 0.00 581.36 4281.08
11.96 2.19 26.22 353.41 4.00 548070 0.00 581.36 4281.33
11.96 2.19 26.22 353.41 4.00 548080 0.00 581.36 4281.61
11.96 2.19 26.22 353.52 4.00 548090 0.00 581.73 4281.87
11.96 2.05 24.47 353.52 4.00 548100 0.00 581.73 4282.12
11.96 2.05 24.47 353.52 4.00 548110 0.00 581.73 4282.38
11.96 2.05 24.47 353.52 4.00 548120 0.00 581.73 4282.62
11.96 2.05 24.47 353.63 4.00 548130 0.00 582.10 4282.86
11.96 2.05 24.47 353.63 4.00 548140 0.00 582.10 4283.10
11.96 2.05 24.47 353.63 4.00 548150 0.00 582.10 4283.35
11.96 2.05 24.47 353.74 4.00 548160 0.00 582.47 4283.59
11.96 2.05 24.47 353.74 4.00 548170 0.00 582.47 4283.83
11.96 2.05 24.47 353.86 4.00 548180 0.00 582.84 4284.07
11.96 2.05 24.47 353.86 4.00 548190 0.00 582.84 4284.33
11.96 2.05 24.47 353.86 4.00 548200 0.00 582.84 4284.57
11.96 2.05 24.47 353.97 4.00 548210 0.00 583.21 4284.81
11.96 2.05 24.47 353.97 4.00 548220 0.00 583.21 4285.07
11.96 2.05 24.47 353.97 4.00 548230 0.00 583.21 4285.31
11.96 2.05 24.47 354.08 4.00 548240 0.00 583.58 4285.55
11.96 2.14 25.58 354.08 4.00 548250 0.00 583.58 4285.80
11.96 2.14 25.58 354.20 4.00 548260 0.00 583.95 4286.06
11.96 2.14 25.58 354.31 4.00 548270 0.00 584.33 4286.32
11.96 2.14 25.58 354.31 4.00 548280 0.00 584.33 4286.57
11.96 2.14 25.58 354.42 4.00 548290 0.00 584.70 4286.84
11.96 2.14 25.58 354.42 4.00 548300 0.00 584.70 4287.09
11.96 2.14 25.58 354.42 4.00 548310 0.00 584.70 4287.34
11.96 2.14 25.58 354.53 4.00 548320 0.00 585.07 4287.59
11.96 2.14 25.58 354.53 4.00 548330 0.00 585.07 4287.86
11.96 2.14 25.58 354.42 4.00 548340 0.00 584.70 4288.11
11.96 2.14 25.58 354.53 4.00 548350 0.00 585.07 4288.36
11.96 2.14 25.58 354.53 4.00 548360 0.00 585.07 4288.63
11.96 2.14 25.58 354.65 4.00 548370 0.00 585.45 4288.88
11.96 2.14 25.58 354.65 4.00 548380 0.00 585.45 4289.13
11.96 2.08 24.86 354.65 4.00 548390 0.00 585.45 4289.37
11.96 2.08 24.86 354.76 4.00 548400 0.00 585.82 4289.63
11.96 2.08 24.86 354.76 4.00 548410 0.00 585.82 4289.88
11.96 2.08 24.86 354.87 4.00 548420 0.00 586.19 4290.12
11.96 2.08 24.86 354.87 4.00 548430 0.00 586.19 4290.37
11.96 2.08 24.86 354.87 4.00 548440 0.00 586.19 4290.63
11.96 2.08 24.86 354.87 4.00 548450 0.00 586.19 4290.87
11.96 2.08 24.86 354.99 4.00 548460 0.00 586.57 4291.11
11.96 2.08 24.86 354.99 4.00 548470 0.00 586.57 4291.37
11.96 2.08 24.86 355.10 4.00 548480 0.00 586.94 4291.62
11.96 2.08 24.86 354.99 4.00 548490 0.00 586.57 4291.86
11.96 2.08 24.86 355.10 4.00 548500 0.00 586.94 4292.11
11.96 2.08 24.86 355.21 4.00 548510 0.00 587.32 4292.37
11.96 2.08 24.86 355.33 4.00 548520 0.00 587.69 4292.61
11.97 1.86 22.30 355.33 4.00 548530 0.00 587.69 4292.84
11.97 1.86 22.30 355.33 4.00 548540 0.00 587.69 4293.07
11.97 1.86 22.30 355.33 4.00 548550 0.00 587.69 4293.29
11.97 1.86 22.30 355.33 4.00 548560 0.00 587.69 4293.51
11.97 1.86 22.30 355.33 4.00 548570 0.00 587.69 4293.73
11.97 1.86 22.30 355.44 4.00 548580 0.00 588.07 4293.96
11.97 1.86 22.30 355.56 4.00 548590 0.00 588.45 4294.18
11.97 1.86 22.30 355.44 4.00 548600 0.00 588.07 4294.40
11.97 1.86 22.30 355.56 4.00 548610 0.00 588.45 4294.64
11.97 1.86 22.30 355.56 4.00 548620 0.00 588.45 4294.85
11.97 1.86 22.30 355.67 4.00 548630 0.00 588.82 4295.07
11.97 1.86 22.30 355.67 4.00 548640 0.00 588.82 4295.29
11.97 1.86 22.30 355.67 4.00 548650 0.00 588.82 4295.53
11.97 1.86 22.30 355.78 4.00 548660 0.00 589.20 4295.75
11.96 1.99 23.78 355.78 4.00 548670 0.00 589.20 4295.97
11.96 1.99 23.78 355.78 4.00 548680 0.00 589.20 4296.22
11.96 1.99 23.78 355.90 4.00 548690 0.00 589.58 4296.45
11.96 1.99 23.78 355.90 4.00 548700 0.00 589.58 4296.69
11.96 1.99 23.78 356.01 4.00 548710 0.00 589.96 4296.92
11.96 1.99 23.78 356.01 4.00 548720 0.00 589.96 4297.17
11.96 1.99 23.78 356.01 4.00 548730 0.00 589.96 4297.40
11.96 1.99 23.78 356.01 4.00 548740 0.00 589.96 4297.64
11.96 1.99 23.78 356.01 4.00 548750 0.00 589.96 4297.87
11.96 1.99 23.78 356.13 4.00 548760 0.00 590.33 4298.12
11.96 1.99 23.78 356.13 4.00 548770 0.00 590.33 4298.35
11.96 1.99 23.78 356.24 4.00 548780 0.00 590.71 4298.58
11.96 1.99 23.78 356.24 4.00 548790 0.00 590.71 4298.83
11.96 1.99 23.78 356.24 4.00 548800 0.00 590.71 4299.07
11.96 1.95 23.39 356.24 4.00 548810 0.00 590.71 4299.30
11.96 1.95 23.39 356.24 4.00 548820 0.00 590.71 4299.53
11.96 1.95 23.39 356.47 4.00 548830 0.00 591.47 4299.77
11.96 1.95 23.39 356.35 4.00 548840 0.00 591.09 4300.01
11.96 1.95 23.39 356.47 4.00 548850 0.00 591.47 4300.23
11.96 1.95 23.39 356.47 4.00 548860 0.00 591.47 4300.48
11.96 1.95 23.39 356.58 4.00 548870 0.00 591.85 4300.71
11.96 1.95 23.39 356.58 4.00 548880 0.00 591.85 4300.94
11.96 1.95 23.39 356.58 4.00 548890 0.00 591.85 4301.17
11.96 1.95 23.39 356.58 4.00 548900 0.00 591.85 4301.41
11.96 1.95 23.39 356.70 4.00 548910 0.00 592.23 4301.64
11.96 1.95 23.39 356.70 4.00 548920 0.00 592.23 4301.87
11.96 1.95 23.39 356.70 4.00 548930 0.00 592.23 4302.10
11.96 1.95 23.39 356.70 4.00 548940 0.00 592.23 4302.35
11.96 1.95 23.39 356.81 4.00 548950 0.00 592.61 4302.58
11.97 1.77 21.15 356.81 4.00 548960 0.00 592.61 4302.79
11.97 1.77 21.15 356.81 4.00 548970 0.00 592.61 4302.99
11.97 1.77 21.15 356.93 4.00 548980 0.00 592.99 4303.22
11.97 1.77 21.15 357.04 4.00 548990 0.00 593.37 4303.42
11.97 1.77 21.15 357.04 4.00 549000 0.00 593.37 4303.63
11.97 1.77 21.15 356.93 4.00 549010 0.00 592.99 4303.85
11.97 1.77 21.15 357.04 4.00 549020 0.00 593.37 4304.06
11.97 1.77 21.15 357.04 4.00 549030 0.00 593.37 4304.27
11.97 1.77 21.15 357.04 4.00 549040 0.00 593.37 4304.48
11.97 1.77 21.15 357.04 4.00 549050 0.00 593.37 4304.70
11.97 1.77 21.15 357.16 4.00 549060 0.00 593.76 4304.90
11.97 1.77 21.15 357.16 4.00 549070 0.00 593.76 4305.11
11.97 1.77 21.15 357.16 4.00 549080 0.00 593.76 4305.32
11.97 1.77 21.15 357.27 4.00 549090 0.00 594.14 4305.54
11.97 1.78 21.28 357.27 4.00 549100 0.00 594.14 4305.75
11.97 1.78 21.28 357.39 4.00 549110 0.00 594.52 4305.96
11.97 1.78 21.28 357.39 4.00 549120 0.00 594.52 4306.18
11.97 1.78 21.28 357.39 4.00 549130 0.00 594.52 4306.39
11.97 1.78 21.28 357.39 4.00 549140 0.00 594.52 4306.60
11.97 1.78 21.28 357.39 4.00 549150 0.00 594.52 4306.81
11.97 1.78 21.28 357.50 4.00 549160 0.00 594.90 4307.03
11.97 1.78 21.28 357.39 4.00 549170 0.00 594.52 4307.24
11.97 1.78 21.28 357.50 4.00 549180 0.00 594.90 4307.45
11.97 1.78 21.28 357.50 4.00 549190 0.00 594.90 4307.67
11.97 1.78 21.28 357.50 4.00 549200 0.00 594.90 4307.88
11.97 1.78 21.28 357.62 4.00 549210 0.00 595.29 4308.09
11.97 1.78 21.28 357.73 4.00 549220 0.00 595.67 4308.30
11.97 1.78 21.28 357.73 4.00 549230 0.00 595.67 4308.52
11.97 1.84 21.96 357.73 4.00 549240 0.00 595.67 4308.74
11.97 1.84 21.96 357.85 4.00 549250 0.00 596.05 4308.95
11.97 1.84 21.96 357.85 4.00 549260 0.00 596.05 4309.17
11.97 1.84 21.96 357.85 4.00 549270 0.00 596.05 4309.40
11.97 1.84 21.96 357.85 4.00 549280 0.00 596.05 4309.61
11.97 1.84 21.96 357.96 4.00 549290 0.00 596.44 4309.83
11.97 1.84 21.96 357.96 4.00 549300 0.00 596.44 4310.06
11.97 1.84 21.96 357.96 4.00 549310 0.00 596.44 4310.27
11.97 1.84 21.96 357.96 4.00 549320 0.00 596.44 4310.49
11.97 1.84 21.96 358.08 4.00 549330 0.00 596.82 4310.70
11.97 1.84 21.96 357.96 4.00 549340 0.00 596.44 4310.93
11.97 1.84 21.96 358.19 4.00 549350 0.00 597.21 4311.15
11.97 1.84 21.96 358.08 4.00 549360 0.00 596.82 4311.37
11.97 1.84 21.96 358.08 4.00 549370 0.00 596.82 4311.60
11.97 1.73 20.66 358.08 4.00 549380 0.00 596.82 4311.81
11.97 1.73 20.66 358.19 4.00 549390 0.00 597.21 4312.01
11.97 1.73 20.66 358.19 4.00 549400 0.00 597.21 4312.21
11.97 1.73 20.66 358.19 4.00 549410 0.00 597.21 4312.43
11.97 1.73 20.66 358.08 4.00 549420 0.00 596.82 4312.63
11.97 1.73 20.66 358.31 4.00 549430 0.00 597.59 4312.83
11.97 1.73 20.66 358.31 4.00 549440 0.00 597.59 4313.04
11.97 1.73 20.66 358.31 4.00 549450 0.00 597.59 4313.25
11.97 1.73 20.66 358.42 4.00 549460 0.00 597.98 4313.46
11.97 1.73 20.66 358.54 4.00 549470 0.00 598.36 4313.66
11.97 1.73 20.66 358.54 4.00 549480 0.00 598.36 4313.88
11.97 1.73 20.66 358.54 4.00 549490 0.00 598.36 4314.08
11.97 1.73 20.66 358.42 4.00 549500 0.00 597.98 4314.28
11.97 1.73 20.66 358.65 4.00 549510 0.00 598.75 4314.48
11.97 1.60 19.15 358.54 4.00 549520 0.00 598.36 4314.70
11.97 1.60 19.16 358.65 4.00 549530 0.00 598.75 4314.89
11.97 1.60 19.16 358.54 4.00 549540 0.00 598.36 4315.07
11.97 1.60 19.16 358.65 4.00 549550 0.00 598.75 4315.27
11.97 1.60 19.16 358.65 4.00 549560 0.00 598.75 4315.46
11.97 1.60 19.16 358.65 4.00 549570 0.00 598.75 4315.65
11.97 1.60 19.16 358.65 4.00 549580 0.00 598.75 4315.84
11.97 1.60 19.16 358.65 4.00 549590 0.00 598.75 4316.04
11.97 1.60 19.16 358.89 4.00 549600 0.00 599.52 4316.23
11.97 1.60 19.16 358.77 4.00 549610 0.00 599.14 4316.41
11.97 1.60 19.16 358.77 4.00 549620 0.00 599.14 4316.60
11.97 1.60 19.16 358.77 4.00 549630 0.00 599.14 4316.80
11.97 1.60 19.16 358.89 4.00 549640 0.00 599.52 4316.99
11.97 1.60 19.16 358.89 4.00 549650 0.00 599.52 4317.18
11.97 1.60 19.16 358.89 4.00 549660 0.00 599.52 4317.38
11.97 1.70 20.39 359.00 4.00 549670 0.00 599.91 4317.58
11.97 1.70 20.39 359.00 4.00 549680 0.00 599.91 4317.78
11.97 1.70 20.39 359.00 4.00 549690 0.00 599.91 4317.99
11.97 1.70 20.39 359.12 4.00 549700 0.00 600.30 4318.19
11.97 1.70 20.39 359.12 4.00 549710 0.00 600.30 4318.39
11.97 1.70 20.39 359.12 4.00 549720 0.00 600.30 4318.59
11.97 1.70 20.39 359.12 4.00 549730 0.00 600.30 4318.81
11.97 1.70 20.39 359.12 4.00 549740 0.00 600.30 4319.01
11.97 1.70 20.39 359.12 4.00 549750 0.00 600.30 4319.21
11.97 1.70 20.39 359.12 4.00 549760 0.00 600.30 4319.42
11.97 1.70 20.39 359.23 4.00 549770 0.00 600.69 4319.62
11.97 1.70 20.39 359.12 4.00 549780 0.00 600.30 4319.82
11.97 1.70 20.39 359.23 4.00 549790 0.00 600.69 4320.02
11.97 1.70 20.39 359.23 4.00 549800 0.00 600.69 4320.23
11.97 1.69 20.24 359.23 4.00 549810 0.00 600.69 4320.43
11.97 1.69 20.24 359.23 4.00 549820 0.00 600.69 4320.63
11.97 1.69 20.24 359.35 4.00 549830 0.00 601.08 4320.84
11.97 1.69 20.24 359.35 4.00 549840 0.00 601.08 4321.04
11.97 1.69 20.24 359.47 4.00 549850 0.00 601.46 4321.24
11.97 1.69 20.24 359.47 4.00 549860 0.00 601.46 4321.44
11.97 1.69 20.24 359.47 4.00 549870 0.00 601.46 4321.65
11.97 1.69 20.24 359.47 4.00 549880 0.00 601.46 4321.85
11.97 1.69 20.24 359.58 4.00 549890 0.00 601.85 4322.05
11.97 1.69 20.24 359.58 4.00 549900 0.00 601.85 4322.26
11.97 1.69 20.24 359.58 4.00 549910 0.00 601.85 4322.46
11.97 1.69 20.24 359.58 4.00 549920 0.00 601.85 4322.66
11.97 1.69 20.24 359.58 4.00 549930 0.00 601.85 4322.86
11.97 1.69 20.24 359.70 4.00 549940 0.00 602.24 4323.07
11.98 1.48 17.75 359.70 4.00 549950 0.00 602.24 4323.25
11.98 1.48 17.75 359.70 4.00 549960 0.00 602.24 4323.43
11.98 1.48 17.75 359.70 4.00 549970 0.00 602.24 4323.61
11.98 1.48 17.75 359.70 4.00 549980 0.00 602.24 4323.79
11.98 1.48 17.75 359.70 4.00 549990 0.00 602.24 4323.96
11.98 1.48 17.75 359.82 4.00 550000 0.00 602.63 4324.14
11.98 1.48 17.75 359.82 4.00 550010 0.00 602.63 4324.32
11.98 1.48 17.75 359.82 4.00 550020 0.00 602.63 4324.50
11.98 1.48 17.75 359.82 4.00 550030 0.00 602.63 4324.67
11.98 1.48 17.75 359.82 4.00 550040 0.00 602.63 4324.85
11.98 1.48 17.75 359.93 4.00 550050 0.00 603.02 4325.03
11.98 1.48 17.75 359.93 4.00 550060 0.00 603.02 4325.21
11.98 1.48 17.75 359.93 4.00 550070 0.00 603.02 4325.38
11.98 1.48 17.75 359.93 4.00 550080 0.00 603.02 4325.57
11.98 1.57 18.78 359.93 4.00 550090 0.00 603.02 4325.74
11.98 1.57 18.78 360.05 4.00 550100 0.00 603.41 4325.93
11.98 1.57 18.78 360.05 4.00 550110 0.00 603.41 4326.11
11.98 1.57 18.78 360.05 4.00 550120 0.00 603.41 4326.31
11.98 1.57 18.78 360.05 4.00 550130 0.00 603.41 4326.49
11.98 1.57 18.78 360.17 4.00 550140 0.00 603.81 4326.68
11.98 1.57 18.78 360.17 4.00 550150 0.00 603.81 4326.86
11.98 1.57 18.78 360.28 4.00 550160 0.00 604.20 4327.06
11.98 1.57 18.78 360.17 4.00 550170 0.00 603.81 4327.24
11.98 1.57 18.78 360.28 4.00 550180 0.00 604.20 4327.43
11.98 1.57 18.78 360.17 4.00 550190 0.00 603.81 4327.63
11.98 1.57 18.78 360.28 4.00 550200 0.00 604.20 4327.81
11.98 1.57 18.78 360.28 4.00 550210 0.00 604.20 4327.99
11.98 1.57 18.78 360.28 4.00 550220 0.00 604.20 4328.18
11.98 1.61 19.31 360.40 4.00 550230 0.00 604.59 4328.38
11.97 1.61 19.31 360.40 4.00 550240 0.00 604.59 4328.57
11.97 1.61 19.31 360.28 4.00 550250 0.00 604.20 4328.75
11.97 1.61 19.31 360.40 4.00 550260 0.00 604.59 4328.96
11.97 1.61 19.31 360.40 4.00 550270 0.00 604.59 4329.15
11.97 1.61 19.31 360.52 4.00 550280 0.00 604.98 4329.34
11.97 1.61 19.31 360.52 4.00 550290 0.00 604.98 4329.53
11.97 1.61 19.31 360.52 4.00 550300 0.00 604.98 4329.73
11.97 1.61 19.31 360.52 4.00 550310 0.00 604.98 4329.92
11.97 1.61 19.31 360.52 4.00 550320 0.00 604.98 4330.11
11.97 1.61 19.31 360.63 4.00 550330 0.00 605.37 4330.31
11.97 1.61 19.31 360.63 4.00 550340 0.00 605.37 4330.50
11.97 1.61 19.31 360.63 4.00 550350 0.00 605.37 4330.69
11.97 1.61 19.31 360.63 4.00 550360 0.00 605.37 4330.88
11.97 1.61 19.31 360.63 4.00 550370 0.00 605.37 4331.08
11.98 1.50 17.94 360.63 4.00 550380 0.00 605.37 4331.26
11.98 1.50 17.94 360.63 4.00 550390 0.00 605.37 4331.43
11.98 1.50 17.94 360.63 4.00 550400 0.00 605.37 4331.61
11.98 1.50 17.94 360.75 4.00 550410 0.00 605.77 4331.80
11.98 1.50 17.94 360.75 4.00 550420 0.00 605.77 4331.97
11.98 1.50 17.94 360.75 4.00 550430 0.00 605.77 4332.15
11.98 1.50 17.94 360.75 4.00 550440 0.00 605.77 4332.34
11.98 1.50 17.94 360.75 4.00 550450 0.00 605.77 4332.51
11.98 1.50 17.94 360.75 4.00 550460 0.00 605.77 4332.69
11.98 1.50 17.94 360.87 4.00 550470 0.00 606.16 4332.87
11.98 1.50 17.94 360.98 4.00 550480 0.00 606.56 4333.05
11.98 1.50 17.94 360.87 4.00 550490 0.00 606.16 4333.23
11.98 1.50 17.94 360.87 4.00 550500 0.00 606.16 4333.41
11.98 1.50 17.94 360.98 4.00 550510 0.00 606.56 4333.59
11.98 1.39 16.61 361.10 4.00 550520 0.00 606.95 4333.76
11.98 1.39 16.61 360.98 4.00 550530 0.00 606.56 4333.92
11.98 1.39 16.61 360.98 4.00 550540 0.00 606.56 4334.09
11.98 1.39 16.61 361.10 4.00 550550 0.00 606.95 4334.26
11.98 1.39 16.61 360.98 4.00 550560 0.00 606.56 4334.42
11.98 1.39 16.61 361.10 4.00 550570 0.00 606.95 4334.59
11.98 1.39 16.61 361.10 4.00 550580 0.00 606.95 4334.75
11.98 1.39 16.61 360.98 4.00 550590 0.00 606.56 4334.92
11.98 1.39 16.61 361.10 4.00 550600 0.00 606.95 4335.09
11.98 1.39 16.61 361.10 4.00 550610 0.00 606.95 4335.25
11.98 1.39 16.61 361.10 4.00 550620 0.00 606.95 4335.42
11.98 1.39 16.61 361.22 4.00 550630 0.00 607.34 4335.59
11.98 1.39 16.61 361.22 4.00 550640 0.00 607.34 4335.75
11.98 1.39 16.61 361.22 4.00 550650 0.00 607.34 4335.91
11.98 1.52 18.21 361.22 4.00 550660 0.00 607.34 4336.10
11.98 1.52 18.21 361.34 4.00 550670 0.00 607.74 4336.28
11.98 1.52 18.21 361.34 4.00 550680 0.00 607.74 4336.45
11.98 1.52 18.21 361.34 4.00 550690 0.00 607.74 4336.63
11.98 1.52 18.21 361.34 4.00 550700 0.00 607.74 4336.82
11.98 1.52 18.21 361.34 4.00 550710 0.00 607.74 4337.00
11.98 1.52 18.21 361.34 4.00 550720 0.00 607.74 4337.18
11.98 1.52 18.21 361.34 4.00 550730 0.00 607.74 4337.37
11.98 1.52 18.21 361.45 4.00 550740 0.00 608.13 4337.55
11.98 1.52 18.21 361.45 4.00 550750 0.00 608.13 4337.73
11.98 1.52 18.21 361.45 4.00 550760 0.00 608.13 4337.91
11.98 1.52 18.21 361.45 4.00 550770 0.00 608.13 4338.10
11.98 1.52 18.21 361.34 4.00 550780 0.00 607.74 4338.28
11.98 1.52 18.21 361.45 4.00 550790 0.00 608.13 4338.46
11.98 1.48 17.75 361.45 4.00 550800 0.00 608.13 4338.64
11.98 1.48 17.75 361.45 4.00 550810 0.00 608.13 4338.82
11.98 1.48 17.75 361.45 4.00 550820 0.00 608.13 4339.00
11.98 1.48 17.75 361.57 4.00 550830 0.00 608.53 4339.17
11.98 1.48 17.75 361.57 4.00 550840 0.00 608.53 4339.35
11.98 1.48 17.75 361.57 4.00 550850 0.00 608.53 4339.53
11.98 1.48 17.75 361.57 4.00 550860 0.00 608.53 4339.71
11.98 1.48 17.75 361.69 4.00 550870 0.00 608.93 4339.88
11.98 1.48 17.75 361.69 4.00 550880 0.00 608.93 4340.07
11.98 1.48 17.75 361.69 4.00 550890 0.00 608.93 4340.24
11.98 1.48 17.75 361.69 4.00 550900 0.00 608.93 4340.41
11.98 1.48 17.75 361.69 4.00 550910 0.00 608.93 4340.59
11.98 1.48 17.75 361.69 4.00 550920 0.00 608.93 4340.78
11.98 1.48 17.75 361.69 4.00 550930 0.00 608.93 4340.95
11.98 1.30 15.54 361.69 4.00 550940 0.00 608.93 4341.12
11.98 1.30 15.55 361.69 4.00 550950 0.00 608.93 4341.28
11.98 1.30 15.55 361.69 4.00 550960 0.00 608.93 4341.44
11.98 1.30 15.55 361.81 4.00 550970 0.00 609.32 4341.59
11.98 1.30 15.55 361.81 4.00 550980 0.00 609.32 4341.74
11.98 1.30 15.55 361.81 4.00 550990 0.00 609.32 4341.91
11.98 1.30 15.55 361.81 4.00 551000 0.00 609.32 4342.06
11.98 1.30 15.55 361.93 4.00 551010 0.00 609.72 4342.21
11.98 1.30 15.55 361.81 4.00 551020 0.00 609.32 4342.36
11.98 1.30 15.55 361.93 4.00 551030 0.00 609.72 4342.53
11.98 1.30 15.55 361.81 4.00 551040 0.00 609.32 4342.68
11.98 1.30 15.55 361.93 4.00 551050 0.00 609.72 4342.83
11.98 1.30 15.55 361.93 4.00 551060 0.00 609.72 4342.99
11.98 1.30 15.55 361.93 4.00 551070 0.00 609.72 4343.15
11.98 1.30 15.55 362.04 4.00 551080 0.00 610.12 4343.30
11.98 1.39 16.63 362.04 4.00 551090 0.00 610.12 4343.46
11.98 1.39 16.63 362.04 4.00 551100 0.00 610.12 4343.64
11.98 1.39 16.63 362.16 4.00 551110 0.00 610.52 4343.80
11.98 1.39 16.63 362.16 4.00 551120 0.00 610.52 4343.96
11.98 1.39 16.63 362.16 4.00 551130 0.00 610.52 4344.13
11.98 1.39 16.63 362.16 4.00 551140 0.00 610.52 4344.30
11.98 1.39 16.63 362.16 4.00 551150 0.00 610.52 4344.46
11.98 1.39 16.63 362.16 4.00 551160 0.00 610.52 4344.63
11.98 1.39 16.63 362.04 4.00 551170 0.00 610.12 4344.80
11.98 1.39 16.63 362.28 4.00 551180 0.00 610.91 4344.97
11.98 1.39 16.63 362.16 4.00 551190 0.00 610.52 4345.13
11.98 1.39 16.63 362.16 4.00 551200 0.00 610.52 4345.29
11.98 1.39 16.63 362.16 4.00 551210 0.00 610.52 4345.47
11.98 1.39 16.63 362.16 4.00 551220 0.00 610.52 4345.63
11.98 1.47 17.62 362.16 4.00 551230 0.00 610.52 4345.80
11.98 1.47 17.62 362.28 4.00 551240 0.00 610.91 4345.97
11.98 1.47 17.62 362.28 4.00 551250 0.00 610.91 4346.16
11.98 1.47 17.62 362.28 4.00 551260 0.00 610.91 4346.33
11.98 1.47 17.62 362.28 4.00 551270 0.00 610.91 4346.50
11.98 1.47 17.62 362.40 4.00 551280 0.00 611.31 4346.69
11.98 1.47 17.62 362.40 4.00 551290 0.00 611.31 4346.86
11.98 1.47 17.62 362.40 4.00 551300 0.00 611.31 4347.03
11.98 1.47 17.62 362.40 4.00 551310 0.00 611.31 4347.21
11.98 1.47 17.62 362.40 4.00 551320 0.00 611.31 4347.39
11.98 1.47 17.62 362.52 4.00 551330 0.00 611.71 4347.56
11.98 1.47 17.62 362.40 4.00 551340 0.00 611.31 4347.74
11.98 1.47 17.62 362.40 4.00 551350 0.00 611.31 4347.91
11.98 1.47 17.62 362.52 4.00 551360 0.00 611.71 4348.10
11.98 1.34 16.06 362.40 4.00 551370 0.00 611.31 4348.26
11.98 1.34 16.06 362.52 4.00 551380 0.00 611.71 4348.42
11.98 1.34 16.06 362.52 4.00 551390 0.00 611.71 4348.59
11.98 1.34 16.06 362.52 4.00 551400 0.00 611.71 4348.74
11.98 1.34 16.06 362.63 4.00 551410 0.00 612.11 4348.90
11.98 1.34 16.06 362.52 4.00 551420 0.00 611.71 4349.06
11.98 1.34 16.06 362.63 4.00 551430 0.00 612.11 4349.23
11.98 1.34 16.06 362.52 4.00 551440 0.00 611.71 4349.39
11.98 1.34 16.06 362.63 4.00 551450 0.00 612.11 4349.54
11.98 1.34 16.06 362.63 4.00 551460 0.00 612.11 4349.71
11.98 1.34 16.06 362.63 4.00 551470 0.00 612.11 4349.87
11.98 1.34 16.06 362.75 4.00 551480 0.00 612.51 4350.03
11.98 1.34 16.06 362.75 4.00 551490 0.00 612.51 4350.18
11.98 1.34 16.06 362.75 4.00 551500 0.00 612.51 4350.35
11.99 1.24 14.87 362.75 4.00 551510 0.00 612.51 4350.51
11.99 1.24 14.87 362.75 4.00 551520 0.00 612.51 4350.65
11.99 1.24 14.87 362.75 4.00 551530 0.00 612.51 4350.81
11.99 1.24 14.87 362.75 4.00 551540 0.00 612.51 4350.95
11.99 1.24 14.87 362.75 4.00 551550 0.00 612.51 4351.10
11.99 1.24 14.87 362.75 4.00 551560 0.00 612.51 4351.25
11.99 1.24 14.87 362.87 4.00 551570 0.00 612.91 4351.40
11.99 1.24 14.87 362.87 4.00 551580 0.00 612.91 4351.55
11.99 1.24 14.87 362.87 4.00 551590 0.00 612.91 4351.69
11.99 1.24 14.87 362.87 4.00 551600 0.00 612.91 4351.84
11.99 1.24 14.87 362.99 4.00 551610 0.00 613.31 4352.00
11.99 1.24 14.87 362.87 4.00 551620 0.00 612.91 4352.14
11.99 1.24 14.87 362.87 4.00 551630 0.00 612.91 4352.29
11.99 1.24 14.87 362.87 4.00 551640 0.00 612.91 4352.44
11.99 1.13 13.55 362.99 4.00 551650 0.00 613.31 4352.59
11.99 1.13 13.56 362.99 4.00 551660 0.00 613.31 4352.72
11.99 1.13 13.56 362.99 4.00 551670 0.00 613.31 4352.85
11.99 1.13 13.56 362.87 4.00 551680 0.00 612.91 4353.00
11.99 1.13 13.56 362.99 4.00 551690 0.00 613.31 4353.13
11.99 1.13 13.56 362.99 4.00 551700 0.00 613.31 4353.26
11.99 1.13 13.56 362.99 4.00 551710 0.00 613.31 4353.40
11.99 1.13 13.56 362.87 4.00 551720 0.00 612.91 4353.54
11.99 1.13 13.56 362.87 4.00 551730 0.00 612.91 4353.67
11.99 1.13 13.56 362.87 4.00 551740 0.00 612.91 4353.80
11.99 1.13 13.56 362.75 4.00 551750 0.00 612.51 4353.95
11.99 1.13 13.56 362.87 4.00 551760 0.00 612.91 4354.08
11.99 1.13 13.56 362.87 4.00 551770 0.00 612.91 4354.21
11.99 1.13 13.56 362.75 4.00 551780 0.00 612.51 4354.35
11.99 1.13 13.56 362.75 4.00 551790 0.00 612.51 4354.49
12.02 0.05 0.59 362.75 4.00 551800 0.00 612.51 4354.51
12.02 0.05 0.59 362.75 4.00 551810 0.00 612.51 4354.52
12.02 0.05 0.59 362.75 4.00 551820 0.00 612.51 4354.52
12.02 0.05 0.59 362.63 4.00 551830 0.00 612.11 4354.53
12.02 0.05 0.59 362.63 4.00 551840 0.00 612.11 4354.53
12.02 0.05 0.59 362.63 4.00 551850 0.00 612.11 4354.54
12.02 0.05 0.59 362.63 4.00 551860 0.00 612.11 4354.55
12.02 0.05 0.59 362.52 4.00 551870 0.00 611.71 4354.55
12.02 0.05 0.59 362.52 4.00 551880 0.00 611.71 4354.56
12.02 0.05 0.59 362.52 4.00 551890 0.00 611.71 4354.56
12.02 0.05 0.59 362.52 4.00 551900 0.00 611.71 4354.57
12.02 0.05 0.59 362.40 4.00 551910 0.00 611.31 4354.57
12.02 0.05 0.59 362.28 4.00 551920 0.00 610.91 4354.58
12.02 0.05 0.59 362.40 4.00 551930 0.00 611.31 4354.59
12.02 0.04 0.47 362.40 4.00 551940 0.00 611.31 4354.59
12.02 0.04 0.47 362.28 4.00 551950 0.00 610.91 4354.60
12.02 0.04 0.47 362.28 4.00 551960 0.00 610.91 4354.60
12.02 0.04 0.47 362.28 4.00 551970 0.00 610.91 4354.61
12.02 0.04 0.47 362.16 4.00 551980 0.00 610.52 4354.61
12.02 0.04 0.47 362.16 4.00 551990 0.00 610.52 4354.61
12.02 0.04 0.47 362.16 4.00 552000 0.00 610.52 4354.62
12.02 0.04 0.47 362.16 4.00 552010 0.00 610.52 4354.62
12.02 0.04 0.47 362.04 4.00 552020 0.00 610.12 4354.63
12.02 0.04 0.47 362.04 4.00 552030 0.00 610.12 4354.63
12.02 0.04 0.47 362.04 4.00 552040 0.00 610.12 4354.64
12.02 0.04 0.47 362.04 4.00 552050 0.00 610.12 4354.64
12.02 0.04 0.47 362.04 4.00 552060 0.00 610.12 4354.65
12.02 0.04 0.47 361.93 4.00 552070 0.00 609.72 4354.65
12.02 0.04 0.47 361.93 4.00 552080 0.00 609.72 4354.66
12.02 0.04 0.47 361.93 4.00 552090 0.00 609.72 4354.66
12.02 0.04 0.47 361.93 4.00 552100 0.00 609.72 4354.67
12.02 0.04 0.47 361.93 4.00 552110 0.00 609.72 4354.67
12.02 0.04 0.47 361.81 4.00 552120 0.00 609.32 4354.68
12.02 0.04 0.47 361.81 4.00 552130 0.00 609.32 4354.68
12.02 0.04 0.47 361.81 4.00 552140 0.00 609.32 4354.69
12.02 0.04 0.47 361.69 4.00 552150 0.00 608.93 4354.69
12.02 0.04 0.47 361.69 4.00 552160 0.00 608.93 4354.69
12.02 0.04 0.47 361.69 4.00 552170 0.00 608.93 4354.70
12.02 0.04 0.47 361.69 4.00 552180 0.00 608.93 4354.70
12.02 0.04 0.47 361.57 4.00 552190 0.00 608.53 4354.71
12.02 0.04 0.47 361.57 4.00 552200 0.00 608.53 4354.71
12.02 0.04 0.47 361.57 4.00 552210 0.00 608.53 4354.72
12.02 0.04 0.47 361.45 4.00 552220 0.00 608.13 4354.72
12.02 0.04 0.47 361.57 4.00 552230 0.00 608.53 4354.73
12.02 0.04 0.47 361.45 4.00 552240 0.00 608.13 4354.73
12.02 0.04 0.47 361.45 4.00 552250 0.00 608.13 4354.74
12.02 0.04 0.47 361.34 4.00 552260 0.00 607.74 4354.74
12.02 0.04 0.47 361.34 4.00 552270 0.00 607.74 4354.75
12.02 0.04 0.47 361.45 4.00 552280 0.00 608.13 4354.75
12.02 0.04 0.47 361.45 4.00 552290 0.00 608.13 4354.76
12.02 0.04 0.47 361.34 4.00 552300 0.00 607.74 4354.76
12.02 0.04 0.47 361.22 4.00 552310 0.00 607.34 4354.77
12.02 0.04 0.47 361.10 4.00 552320 0.00 606.95 4354.77
12.02 0.04 0.47 361.10 4.00 552330 0.00 606.95 4354.77
12.02 0.04 0.47 361.22 4.00 552340 0.00 607.34 4354.78
12.02 0.04 0.47 361.22 4.00 552350 0.00 607.34 4354.78
12.02 0.04 0.45 361.10 4.00 552360 0.00 606.95 4354.79
12.02 0.04 0.45 361.10 4.00 552370 0.00 606.95 4354.79
12.02 0.04 0.45 361.10 4.00 552380 0.00 606.95 4354.80
12.02 0.04 0.45 360.98 4.00 552390 0.00 606.56 4354.80
12.02 0.04 0.45 360.98 4.00 552400 0.00 606.56 4354.81
12.02 0.04 0.45 360.98 4.00 552410 0.00 606.56 4354.81
12.02 0.04 0.45 360.98 4.00 552420 0.00 606.56 4354.82
12.02 0.04 0.45 360.98 4.00 552430 0.00 606.56 4354.82
12.02 0.04 0.45 360.87 4.00 552440 0.00 606.16 4354.82
12.02 0.04 0.45 360.87 4.00 552450 0.00 606.16 4354.83
12.02 0.04 0.45 360.87 4.00 552460 0.00 606.16 4354.83
12.02 0.04 0.45 360.75 4.00 552470 0.00 605.77 4354.84
12.02 0.04 0.45 360.87 4.00 552480 0.00 606.16 4354.84
12.02 0.04 0.45 360.75 4.00 552490 0.00 605.77 4354.85
12.02 0.04 0.45 360.75 4.00 552500 0.00 605.77 4354.85
12.02 0.04 0.45 360.75 4.00 552510 0.00 605.77 4354.86
12.02 0.04 0.45 360.75 4.00 552520 0.00 605.77 4354.86
12.02 0.04 0.45 360.63 4.00 552530 0.00 605.37 4354.87
12.02 0.04 0.45 360.63 4.00 552540 0.00 605.37 4354.87
12.02 0.04 0.45 360.63 4.00 552550 0.00 605.37 4354.87
12.02 0.04 0.45 360.52 4.00 552560 0.00 604.98 4354.88
12.02 0.04 0.45 360.52 4.00 552570 0.00 604.98 4354.88
12.02 0.04 0.45 360.52 4.00 552580 0.00 604.98 4354.89
12.02 0.04 0.45 360.40 4.00 552590 0.00 604.59 4354.89
12.02 0.04 0.45 360.40 4.00 552600 0.00 604.59 4354.90
12.02 0.04 0.45 360.40 4.00 552610 0.00 604.59 4354.90
12.02 0.04 0.45 360.40 4.00 552620 0.00 604.59 4354.91
12.02 0.04 0.45 360.28 4.00 552630 0.00 604.20 4354.91
12.02 0.04 0.45 360.28 4.00 552640 0.00 604.20 4354.92
12.02 0.04 0.47 360.28 4.00 552650 0.00 604.20 4354.92
12.02 0.04 0.47 360.28 4.00 552660 0.00 604.20 4354.92
12.02 0.04 0.47 360.28 4.00 552670 0.00 604.20 4354.93
12.02 0.04 0.47 360.28 4.00 552680 0.00 604.20 4354.93
12.02 0.04 0.47 360.28 4.00 552690 0.00 604.20 4354.94
12.02 0.04 0.47 360.17 4.00 552700 0.00 603.81 4354.94
12.02 0.04 0.47 360.17 4.00 552710 0.00 603.81 4354.95
12.02 0.04 0.47 360.17 4.00 552720 0.00 603.81 4354.95
12.02 0.04 0.47 360.05 4.00 552730 0.00 603.41 4354.96
12.02 0.04 0.47 360.05 4.00 552740 0.00 603.41 4354.96
12.02 0.04 0.47 360.05 4.00 552750 0.00 603.41 4354.97
12.02 0.04 0.47 360.05 4.00 552760 0.00 603.41 4354.97
12.02 0.04 0.47 359.93 4.00 552770 0.00 603.02 4354.98
12.02 0.04 0.47 359.93 4.00 552780 0.00 603.02 4354.98
12.02 0.04 0.45 359.93 4.00 552790 0.00 603.02 4354.99
12.02 0.04 0.45 359.82 4.00 552800 0.00 602.63 4354.99
12.02 0.04 0.45 359.82 4.00 552810 0.00 602.63 4354.99
12.02 0.04 0.45 359.82 4.00 552820 0.00 602.63 4355.00
12.02 0.04 0.45 359.82 4.00 552830 0.00 602.63 4355.00
12.02 0.04 0.45 359.82 4.00 552840 0.00 602.63 4355.01
12.02 0.04 0.45 359.70 4.00 552850 0.00 602.24 4355.01
12.02 0.04 0.45 359.70 4.00 552860 0.00 602.24 4355.02
12.02 0.04 0.45 359.70 4.00 552870 0.00 602.24 4355.02
12.02 0.04 0.45 359.70 4.00 552880 0.00 602.24 4355.03
12.02 0.04 0.45 359.70 4.00 552890 0.00 602.24 4355.03
12.02 0.04 0.45 359.70 4.00 552900 0.00 602.24 4355.04
12.02 0.04 0.45 359.58 4.00 552910 0.00 601.85 4355.04
12.02 0.04 0.45 359.58 4.00 552920 0.00 601.85 4355.04
12.02 0.04 0.47 359.58 4.00 552930 0.00 601.85 4355.05
12.02 0.04 0.47 359.47 4.00 552940 0.00 601.46 4355.05
12.02 0.04 0.47 359.47 4.00 552950 0.00 601.46 4355.06
12.02 0.04 0.47 359.35 4.00 552960 0.00 601.08 4355.06
12.02 0.04 0.47 359.35 4.00 552970 0.00 601.08 4355.07
12.02 0.04 0.47 359.35 4.00 552980 0.00 601.08 4355.07
12.02 0.04 0.47 359.35 4.00 552990 0.00 601.08 4355.08
12.02 0.04 0.47 359.35 4.00 553000 0.00 601.08 4355.08
12.02 0.04 0.47 359.35 4.00 553010 0.00 601.08 4355.09
12.02 0.04 0.47 359.23 4.00 553020 0.00 600.69 4355.09
12.02 0.04 0.47 359.23 4.00 553030 0.00 600.69 4355.10
12.02 0.04 0.47 359.12 4.00 553040 0.00 600.30 4355.10
12.02 0.04 0.47 359.23 4.00 553050 0.00 600.69 4355.11
12.02 0.04 0.47 359.12 4.00 553060 0.00 600.30 4355.11
12.02 0.04 0.47 359.12 4.00 553070 0.00 600.30 4355.12
12.02 0.04 0.47 359.12 4.00 553080 0.00 600.30 4355.12
12.02 0.04 0.47 359.12 4.00 553090 0.00 600.30 4355.12
12.02 0.04 0.47 359.00 4.00 553100 0.00 599.91 4355.13
12.02 0.04 0.47 359.00 4.00 553110 0.00 599.91 4355.13
12.02 0.04 0.47 359.00 4.00 553120 0.00 599.91 4355.14
12.02 0.04 0.47 359.00 4.00 553130 0.00 599.91 4355.14
12.02 0.04 0.47 358.89 4.00 553140 0.00 599.52 4355.15
12.02 0.04 0.47 358.89 4.00 553150 0.00 599.52 4355.15
12.02 0.04 0.47 358.89 4.00 553160 0.00 599.52 4355.16
12.02 0.04 0.47 358.77 4.00 553170 0.00 599.14 4355.16
12.02 0.04 0.47 358.77 4.00 553180 0.00 599.14 4355.17
12.02 0.04 0.47 358.77 4.00 553190 0.00 599.14 4355.17
12.02 0.04 0.47 358.65 4.00 553200 0.00 598.75 4355.18
12.02 0.04 0.47 358.65 4.00 553210 0.00 598.75 4355.18
12.02 0.04 0.47 358.65 4.00 553220 0.00 598.75 4355.19
12.02 0.04 0.47 358.65 4.00 553230 0.00 598.75 4355.19
12.02 0.04 0.47 358.65 4.00 553240 0.00 598.75 4355.20
12.02 0.04 0.47 358.54 4.00 553250 0.00 598.36 4355.20
12.02 0.04 0.47 358.65 4.00 553260 0.00 598.75 4355.20
12.02 0.04 0.47 358.54 4.00 553270 0.00 598.36 4355.21
12.02 0.04 0.47 358.54 4.00 553280 0.00 598.36 4355.21
12.02 0.04 0.47 358.54 4.00 553290 0.00 598.36 4355.22
12.02 0.04 0.47 358.42 4.00 553300 0.00 597.98 4355.22
12.02 0.04 0.47 358.31 4.00 553310 0.00 597.59 4355.23
12.02 0.04 0.47 358.42 4.00 553320 0.00 597.98 4355.23
12.02 0.04 0.47 358.42 4.00 553330 0.00 597.98 4355.24
12.02 0.04 0.47 358.31 4.00 553340 0.00 597.59 4355.24
12.02 0.04 0.47 358.31 4.00 553350 0.00 597.59 4355.25
12.02 0.04 0.47 358.31 4.00 553360 0.00 597.59 4355.25
12.02 0.04 0.47 358.31 4.00 553370 0.00 597.59 4355.26
12.02 0.04 0.47 358.19 4.00 553380 0.00 597.21 4355.26
12.02 0.04 0.47 358.19 4.00 553390 0.00 597.21 4355.27
12.02 0.04 0.47 358.19 4.00 553400 0.00 597.21 4355.27
12.02 0.04 0.47 358.08 4.00 553410 0.00 596.82 4355.28
12.02 0.04 0.47 358.08 4.00 553420 0.00 596.82 4355.28
12.02 0.04 0.47 358.08 4.00 553430 0.00 596.82 4355.28
12.02 0.04 0.47 358.08 4.00 553440 0.00 596.82 4355.29
12.02 0.04 0.47 358.08 4.00 553450 0.00 596.82 4355.29
12.02 0.04 0.47 358.08 4.00 553460 0.00 596.82 4355.30
12.02 0.04 0.47 358.08 4.00 553470 0.00 596.82 4355.30
12.02 0.04 0.47 357.96 4.00 553480 0.00 596.44 4355.31
12.02 0.04 0.47 357.96 4.00 553490 0.00 596.44 4355.31
12.02 0.04 0.47 357.85 4.00 553500 0.00 596.05 4355.32
12.02 0.04 0.47 357.85 4.00 553510 0.00 596.05 4355.32
12.02 0.04 0.47 357.85 4.00 553520 0.00 596.05 4355.33
12.02 0.04 0.47 357.85 4.00 553530 0.00 596.05 4355.33
12.02 0.04 0.47 357.73 4.00 553540 0.00 595.67 4355.34
12.02 0.04 0.47 357.73 4.00 553550 0.00 595.67 4355.34
12.02 0.04 0.47 357.62 4.00 553560 0.00 595.29 4355.35
12.02 0.04 0.47 357.73 4.00 553570 0.00 595.67 4355.35
12.02 0.04 0.47 357.62 4.00 553580 0.00 595.29 4355.36
12.02 0.04 0.47 357.62 4.00 553590 0.00 595.29 4355.36
12.02 0.04 0.47 357.62 4.00 553600 0.00 595.29 4355.36
12.02 0.04 0.47 357.62 4.00 553610 0.00 595.29 4355.37
12.02 0.04 0.47 357.50 4.00 553620 0.00 594.90 4355.37
12.02 0.04 0.47 357.50 4.00 553630 0.00 594.90 4355.38
12.02 0.04 0.47 357.39 4.00 553640 0.00 594.52 4355.38
12.02 0.04 0.47 357.39 4.00 553650 0.00 594.52 4355.39
12.02 0.04 0.47 357.39 4.00 553660 0.00 594.52 4355.39
12.02 0.04 0.47 357.39 4.00 553670 0.00 594.52 4355.40
12.02 0.04 0.47 357.39 4.00 553680 0.00 594.52 4355.40
12.02 0.04 0.47 357.39 4.00 553690 0.00 594.52 4355.41
12.02 0.04 0.47 357.39 4.00 553700 0.00 594.52 4355.41
12.02 0.04 0.47 357.27 4.00 553710 0.00 594.14 4355.42
12.02 0.04 0.47 357.27 4.00 553720 0.00 594.14 4355.42
12.02 0.04 0.47 357.27 4.00 553730 0.00 594.14 4355.43
12.02 0.04 0.47 357.16 4.00 553740 0.00 593.76 4355.43
12.02 0.04 0.47 357.16 4.00 553750 0.00 593.76 4355.44
12.02 0.04 0.47 357.16 4.00 553760 0.00 593.76 4355.44
12.02 0.04 0.47 357.16 4.00 553770 0.00 593.76 4355.44
12.02 0.04 0.47 357.04 4.00 553780 0.00 593.37 4355.45
12.02 0.04 0.47 357.04 4.00 553790 0.00 593.37 4355.45
12.02 0.04 0.47 356.93 4.00 553800 0.00 592.99 4355.46
12.02 0.04 0.47 356.93 4.00 553810 0.00 592.99 4355.46
12.02 0.04 0.47 356.93 4.00 553820 0.00 592.99 4355.47
12.02 0.04 0.47 356.93 4.00 553830 0.00 592.99 4355.47
12.02 0.04 0.47 356.81 4.00 553840 0.00 592.61 4355.48
12.02 0.04 0.47 356.81 4.00 553850 0.00 592.61 4355.48
12.02 0.04 0.47 356.81 4.00 553860 0.00 592.61 4355.49
12.02 0.04 0.47 356.81 4.00 553870 0.00 592.61 4355.49
12.02 0.04 0.47 356.81 4.00 553880 0.00 592.61 4355.50
12.02 0.04 0.47 356.70 4.00 553890 0.00 592.23 4355.50
12.02 0.04 0.47 356.70 4.00 553900 0.00 592.23 4355.51
12.02 0.04 0.47 356.70 4.00 553910 0.00 592.23 4355.51
12.02 0.04 0.47 356.70 4.00 553920 0.00 592.23 4355.52
12.02 0.04 0.47 356.70 4.00 553930 0.00 592.23 4355.52
12.02 0.04 0.47 356.58 4.00 553940 0.00 591.85 4355.52
12.02 0.04 0.47 356.58 4.00 553950 0.00 591.85 4355.53
12.02 0.04 0.47 356.58 4.00 553960 0.00 591.85 4355.53
12.02 0.04 0.47 356.58 4.00 553970 0.00 591.85 4355.54
12.02 0.04 0.47 356.47 4.00 553980 0.00 591.47 4355.54
12.02 0.04 0.47 356.58 4.00 553990 0.00 591.85 4355.55
12.02 0.04 0.47 356.47 4.00 554000 0.00 591.47 4355.55
12.02 0.04 0.47 356.35 4.00 554010 0.00 591.09 4355.56
12.02 0.04 0.47 356.35 4.00 554020 0.00 591.09 4355.56
12.02 0.04 0.47 356.35 4.00 554030 0.00 591.09 4355.57
12.02 0.04 0.47 356.24 4.00 554040 0.00 590.71 4355.57
12.02 0.04 0.47 356.24 4.00 554050 0.00 590.71 4355.58
12.02 0.04 0.47 356.35 4.00 554060 0.00 591.09 4355.58
12.02 0.04 0.47 356.24 4.00 554070 0.00 590.71 4355.59
12.02 0.04 0.47 356.24 4.00 554080 0.00 590.71 4355.59
12.02 0.04 0.47 356.13 4.00 554090 0.00 590.33 4355.60
12.02 0.04 0.47 356.13 4.00 554100 0.00 590.33 4355.60
12.02 0.04 0.47 356.13 4.00 554110 0.00 590.33 4355.60
12.02 0.04 0.47 356.13 4.00 554120 0.00 590.33 4355.61
12.02 0.04 0.47 356.01 4.00 554130 0.00 589.96 4355.61
12.02 0.04 0.47 356.01 4.00 554140 0.00 589.96 4355.62
12.02 0.04 0.47 356.01 4.00 554150 0.00 589.96 4355.62
12.02 0.04 0.47 355.90 4.00 554160 0.00 589.58 4355.63
12.02 0.04 0.47 355.90 4.00 554170 0.00 589.58 4355.63
12.02 0.04 0.47 355.90 4.00 554180 0.00 589.58 4355.64
12.02 0.04 0.47 355.78 4.00 554190 0.00 589.20 4355.64
12.02 0.04 0.47 355.90 4.00 554200 0.00 589.58 4355.65
12.02 0.04 0.47 355.78 4.00 554210 0.00 589.20 4355.65
12.02 0.04 0.47 355.78 4.00 554220 0.00 589.20 4355.66
12.02 0.04 0.47 355.78 4.00 554230 0.00 589.20 4355.66
12.02 0.04 0.47 355.67 4.00 554240 0.00 588.82 4355.67
12.02 0.04 0.47 355.67 4.00 554250 0.00 588.82 4355.67
12.02 0.04 0.47 355.78 4.00 554260 0.00 589.20 4355.68
12.02 0.04 0.47 355.67 4.00 554270 0.00 588.82 4355.68
12.02 0.04 0.47 355.67 4.00 554280 0.00 588.82 4355.68
12.02 0.04 0.47 355.67 4.00 554290 0.00 588.82 4355.69
12.02 0.04 0.47 355.56 4.00 554300 0.00 588.45 4355.69
12.02 0.04 0.47 355.56 4.00 554310 0.00 588.45 4355.70
12.02 0.04 0.47 355.56 4.00 554320 0.00 588.45 4355.70
12.02 0.04 0.47 355.56 4.00 554330 0.00 588.45 4355.71
12.02 0.04 0.47 355.56 4.00 554340 0.00 588.45 4355.71
12.02 0.04 0.47 355.33 4.00 554350 0.00 587.69 4355.72
12.02 0.04 0.47 355.33 4.00 554360 0.00 587.69 4355.72
12.02 0.04 0.47 355.33 4.00 554370 0.00 587.69 4355.73
12.02 0.04 0.47 355.33 4.00 554380 0.00 587.69 4355.73
12.02 0.04 0.47 355.33 4.00 554390 0.00 587.69 4355.74
12.02 0.04 0.47 355.21 4.00 554400 0.00 587.32 4355.74
12.02 0.04 0.47 355.33 4.00 554410 0.00 587.69 4355.75
12.02 0.04 0.47 355.21 4.00 554420 0.00 587.32 4355.75
12.02 0.04 0.47 355.21 4.00 554430 0.00 587.32 4355.76
12.02 0.04 0.47 355.10 4.00 554440 0.00 586.94 4355.76
12.02 0.04 0.47 355.21 4.00 554450 0.00 587.32 4355.77
12.02 0.04 0.47 355.21 4.00 554460 0.00 587.32 4355.77
12.02 0.04 0.47 355.10 4.00 554470 0.00 586.94 4355.77
12.02 0.04 0.47 355.10 4.00 554480 0.00 586.94 4355.78
12.02 0.04 0.47 355.10 4.00 554490 0.00 586.94 4355.78
12.02 0.04 0.45 354.99 4.00 554500 0.00 586.57 4355.79
12.02 0.04 0.45 354.87 4.00 554510 0.00 586.19 4355.79
12.02 0.04 0.45 354.99 4.00 554520 0.00 586.57 4355.80
12.02 0.04 0.45 354.99 4.00 554530 0.00 586.57 4355.80
12.02 0.04 0.45 354.99 4.00 554540 0.00 586.57 4355.81
12.02 0.04 0.45 354.87 4.00 554550 0.00 586.19 4355.81
12.02 0.04 0.45 354.76 4.00 554560 0.00 585.82 4355.82
12.02 0.04 0.45 354.76 4.00 554570 0.00 585.82 4355.82
12.02 0.04 0.45 354.76 4.00 554580 0.00 585.82 4355.82
12.02 0.04 0.45 354.76 4.00 554590 0.00 585.82 4355.83
12.02 0.04 0.45 354.65 4.00 554600 0.00 585.45 4355.83
12.02 0.04 0.45 354.65 4.00 554610 0.00 585.45 4355.84
12.02 0.04 0.45 354.53 4.00 554620 0.00 585.07 4355.84
12.02 0.04 0.45 354.53 4.00 554630 0.00 585.07 4355.85
12.02 0.04 0.47 354.53 4.00 554640 0.00 585.07 4355.85
12.02 0.04 0.47 354.53 4.00 554650 0.00 585.07 4355.86
12.02 0.04 0.47 354.53 4.00 554660 0.00 585.07 4355.86
12.02 0.04 0.47 354.53 4.00 554670 0.00 585.07 4355.87
12.02 0.04 0.47 354.53 4.00 554680 0.00 585.07 4355.87
12.02 0.04 0.47 354.53 4.00 554690 0.00 585.07 4355.88
12.02 0.04 0.47 354.42 4.00 554700 0.00 584.70 4355.88
12.02 0.04 0.47 354.42 4.00 554710 0.00 584.70 4355.88
12.02 0.04 0.47 354.42 4.00 554720 0.00 584.70 4355.89
12.02 0.04 0.47 354.31 4.00 554730 0.00 584.33 4355.89
12.02 0.04 0.47 354.31 4.00 554740 0.00 584.33 4355.90
12.02 0.04 0.47 354.20 4.00 554750 0.00 583.95 4355.90
12.02 0.04 0.47 354.31 4.00 554760 0.00 584.33 4355.91
12.02 0.04 0.47 354.31 4.00 554770 0.00 584.33 4355.91
12.02 0.04 0.47 354.20 4.00 554780 0.00 583.95 4355.92
12.02 0.04 0.47 354.20 4.00 554790 0.00 583.95 4355.92
12.02 0.04 0.47 354.08 4.00 554800 0.00 583.58 4355.93
12.02 0.04 0.47 354.08 4.00 554810 0.00 583.58 4355.93
12.02 0.04 0.47 354.08 4.00 554820 0.00 583.58 4355.94
12.02 0.04 0.47 353.97 4.00 554830 0.00 583.21 4355.94
12.02 0.04 0.47 353.97 4.00 554840 0.00 583.21 4355.95
12.02 0.04 0.47 353.86 4.00 554850 0.00 582.84 4355.95
12.02 0.04 0.47 353.86 4.00 554860 0.00 582.84 4355.96
12.02 0.04 0.47 353.86 4.00 554870 0.00 582.84 4355.96
12.02 0.04 0.47 353.86 4.00 554880 0.00 582.84 4355.96
12.02 0.04 0.47 353.97 4.00 554890 0.00 583.21 4355.97
12.02 0.04 0.47 353.86 4.00 554900 0.00 582.84 4355.97
12.02 0.04 0.47 353.86 4.00 554910 0.00 582.84 4355.98
12.02 0.04 0.47 353.86 4.00 554920 0.00 582.84 4355.98
12.02 0.04 0.47 353.74 4.00 554930 0.00 582.47 4355.99
12.02 0.04 0.47 353.63 4.00 554940 0.00 582.10 4355.99
12.02 0.04 0.47 353.74 4.00 554950 0.00 582.47 4356.00
12.02 0.04 0.47 353.63 4.00 554960 0.00 582.10 4356.00
12.02 0.04 0.47 353.63 4.00 554970 0.00 582.10 4356.01
12.02 0.04 0.47 353.63 4.00 554980 0.00 582.10 4356.01
12.02 0.04 0.47 353.63 4.00 554990 0.00 582.10 4356.02
12.02 0.04 0.47 353.63 4.00 555000 0.00 582.10 4356.02
12.02 0.04 0.47 353.52 4.00 555010 0.00 581.73 4356.03
12.02 0.04 0.47 353.52 4.00 555020 0.00 581.73 4356.03
12.02 0.04 0.47 353.52 4.00 555030 0.00 581.73 4356.04
12.02 0.04 0.47 353.41 4.00 555040 0.00 581.36 4356.04
12.02 0.04 0.47 353.41 4.00 555050 0.00 581.36 4356.04
12.02 0.04 0.47 353.29 4.00 555060 0.00 580.99 4356.05
12.02 0.04 0.47 353.29 4.00 555070 0.00 580.99 4356.05
12.02 0.04 0.47 353.41 4.00 555080 0.00 581.36 4356.06
12.02 0.04 0.47 353.18 4.00 555090 0.00 580.62 4356.06
12.02 0.04 0.47 353.29 4.00 555100 0.00 580.99 4356.07
12.02 0.04 0.47 353.18 4.00 555110 0.00 580.62 4356.07
12.02 0.04 0.47 353.18 4.00 555120 0.00 580.62 4356.08
12.02 0.04 0.47 353.18 4.00 555130 0.00 580.62 4356.08
12.02 0.04 0.47 353.18 4.00 555140 0.00 580.62 4356.09
12.02 0.04 0.47 353.07 4.00 555150 0.00 580.25 4356.09
12.02 0.04 0.47 353.07 4.00 555160 0.00 580.25 4356.10
12.02 0.04 0.47 353.07 4.00 555170 0.00 580.25 4356.10
12.02 0.04 0.47 353.07 4.00 555180 0.00 580.25 4356.11
12.02 0.04 0.47 353.07 4.00 555190 0.00 580.25 4356.11
12.02 0.04 0.47 352.96 4.00 555200 0.00 579.88 4356.12
12.02 0.04 0.47 352.96 4.00 555210 0.00 579.88 4356.12
12.02 0.04 0.47 352.96 4.00 555220 0.00 579.88 4356.13
12.02 0.04 0.47 352.96 4.00 555230 0.00 579.88 4356.13
12.02 0.04 0.47 352.85 4.00 555240 0.00 579.51 4356.13
12.02 0.04 0.47 352.85 4.00 555250 0.00 579.51 4356.14
12.02 0.04 0.47 352.85 4.00 555260 0.00 579.51 4356.14
12.02 0.04 0.47 352.73 4.00 555270 0.00 579.14 4356.15
12.02 0.04 0.47 352.73 4.00 555280 0.00 579.14 4356.15
12.02 0.04 0.47 352.73 4.00 555290 0.00 579.14 4356.16
12.02 0.04 0.47 352.73 4.00 555300 0.00 579.14 4356.16
12.02 0.04 0.47 352.73 4.00 555310 0.00 579.14 4356.17
12.02 0.04 0.47 352.62 4.00 555320 0.00 578.78 4356.17
12.02 0.04 0.47 352.62 4.00 555330 0.00 578.78 4356.18
12.02 0.04 0.47 352.51 4.00 555340 0.00 578.41 4356.18
12.02 0.04 0.47 352.51 4.00 555350 0.00 578.41 4356.19
12.02 0.04 0.47 352.51 4.00 555360 0.00 578.41 4356.19
12.02 0.04 0.47 352.51 4.00 555370 0.00 578.41 4356.20
12.02 0.04 0.47 352.40 4.00 555380 0.00 578.04 4356.20
12.02 0.04 0.47 352.40 4.00 555390 0.00 578.04 4356.21
12.02 0.04 0.47 352.40 4.00 555400 0.00 578.04 4356.21
12.02 0.04 0.47 352.40 4.00 555410 0.00 578.04 4356.21
12.02 0.04 0.47 352.40 4.00 555420 0.00 578.04 4356.22
12.02 0.04 0.47 352.29 4.00 555430 0.00 577.68 4356.22
12.02 0.04 0.47 352.29 4.00 555440 0.00 577.68 4356.23
12.02 0.04 0.47 352.29 4.00 555450 0.00 577.68 4356.23
12.02 0.04 0.47 352.29 4.00 555460 0.00 577.68 4356.24
12.02 0.04 0.47 352.17 4.00 555470 0.00 577.31 4356.24
12.02 0.04 0.47 352.17 4.00 555480 0.00 577.31 4356.25
12.02 0.04 0.47 352.17 4.00 555490 0.00 577.31 4356.25
12.02 0.04 0.47 352.17 4.00 555500 0.00 577.31 4356.26
12.02 0.04 0.47 352.17 4.00 555510 0.00 577.31 4356.26
12.02 0.04 0.47 352.17 4.00 555520 0.00 577.31 4356.27
12.02 0.04 0.47 352.06 4.00 555530 0.00 576.94 4356.27
12.02 0.04 0.47 352.06 4.00 555540 0.00 576.94 4356.28
12.02 0.04 0.47 351.95 4.00 555550 0.00 576.58 4356.28
12.02 0.04 0.47 351.84 4.00 555560 0.00 576.21 4356.29
12.02 0.04 0.47 351.84 4.00 555570 0.00 576.21 4356.29
12.02 0.04 0.47 351.84 4.00 555580 0.00 576.21 4356.29
12.02 0.04 0.47 351.84 4.00 555590 0.00 576.21 4356.30
12.02 0.04 0.47 351.84 4.00 555600 0.00 576.21 4356.30
12.02 0.04 0.47 351.84 4.00 555610 0.00 576.21 4356.31
12.02 0.04 0.47 351.73 4.00 555620 0.00 575.85 4356.31
12.02 0.04 0.47 351.73 4.00 555630 0.00 575.85 4356.32
12.02 0.04 0.47 351.73 4.00 555640 0.00 575.85 4356.32
12.02 0.04 0.47 351.62 4.00 555650 0.00 575.48 4356.33
12.02 0.04 0.47 351.73 4.00 555660 0.00 575.85 4356.33
12.02 0.04 0.47 351.62 4.00 555670 0.00 575.48 4356.34
12.02 0.04 0.47 351.62 4.00 555680 0.00 575.48 4356.34
12.02 0.04 0.47 351.62 4.00 555690 0.00 575.48 4356.35
12.02 0.04 0.47 351.62 4.00 555700 0.00 575.48 4356.35
12.02 0.04 0.47 351.51 4.00 555710 0.00 575.12 4356.36
12.02 0.04 0.47 351.51 4.00 555720 0.00 575.12 4356.36
12.02 0.04 0.47 351.51 4.00 555730 0.00 575.12 4356.37
12.02 0.04 0.47 351.51 4.00 555740 0.00 575.12 4356.37
12.02 0.04 0.47 351.40 4.00 555750 0.00 574.76 4356.37
12.02 0.04 0.47 351.40 4.00 555760 0.00 574.76 4356.38
12.02 0.04 0.47 351.28 4.00 555770 0.00 574.39 4356.38
12.02 0.04 0.47 351.28 4.00 555780 0.00 574.39 4356.39
12.02 0.04 0.47 351.28 4.00 555790 0.00 574.39 4356.39
12.02 0.04 0.47 351.28 4.00 555800 0.00 574.39 4356.40
12.02 0.04 0.47 351.17 4.00 555810 0.00 574.03 4356.40
12.02 0.04 0.47 351.06 4.00 555820 0.00 573.67 4356.41
12.02 0.04 0.47 351.06 4.00 555830 0.00 573.67 4356.41
12.02 0.04 0.47 351.06 4.00 555840 0.00 573.67 4356.42
12.02 0.04 0.47 351.06 4.00 555850 0.00 573.67 4356.42
12.02 0.04 0.47 351.17 4.00 555860 0.00 574.03 4356.43
12.02 0.04 0.47 351.06 4.00 555870 0.00 573.67 4356.43
