8.21 19.55 160.63 131.32 4.00 218298 0.00 80.27 361.39
8.60 19.47 167.47 132.43 4.00 218308 0.00 81.64 362.99
8.60 19.47 167.47 133.00 4.00 218318 0.00 82.34 364.63
8.60 19.47 167.47 133.58 4.00 218328 0.00 83.06 366.28
8.60 19.47 167.47 134.68 4.00 218338 0.00 84.43 368.03
8.60 19.47 167.47 135.24 4.00 218348 0.00 85.13 369.67
8.60 19.47 167.47 135.80 4.00 218358 0.00 85.84 371.31
8.60 19.47 167.47 136.89 4.00 218368 0.00 87.22 373.07
8.60 19.47 167.47 137.45 4.00 218378 0.00 87.93 374.71
8.60 19.47 167.47 138.01 4.00 218388 0.00 88.66 376.35
8.60 19.47 167.47 139.08 4.00 218398 0.00 90.04 377.99
8.60 19.47 167.47 139.64 4.00 218408 0.00 90.76 379.74
8.60 19.47 167.47 140.70 4.00 218418 0.00 92.15 381.38
8.60 19.47 167.47 141.24 4.00 218428 0.00 92.85 383.03
8.60 19.47 167.47 141.78 4.00 218438 0.00 93.56 384.78
8.96 19.65 176.18 142.82 4.00 218448 0.00 94.94 386.43
8.96 19.65 176.18 143.35 4.00 218458 0.00 95.65 388.15
8.96 19.65 176.18 147.42 4.00 218468 0.00 101.16 389.99
8.96 19.65 176.18 147.93 4.00 218478 0.00 101.86 391.71
8.96 19.65 176.18 148.46 4.00 218488 0.00 102.60 393.44
8.96 19.65 176.18 149.50 4.00 218498 0.00 104.04 395.27
8.96 19.65 176.18 150.05 4.00 218508 0.00 104.80 396.99
8.96 19.65 176.18 151.07 4.00 218518 0.00 106.23 398.71
8.96 19.65 176.18 151.58 4.00 218528 0.00 106.95 400.54
8.96 19.65 176.18 152.56 4.00 218538 0.00 108.34 402.26
8.96 19.65 176.18 153.09 4.00 218548 0.00 109.09 403.99
8.96 19.65 176.18 154.11 4.00 218558 0.00 110.54 405.82
8.96 19.65 176.18 154.58 4.00 218568 0.00 111.22 407.54
8.96 19.65 176.18 155.57 4.00 218578 0.00 112.66 409.38
8.96 19.34 173.39 156.12 4.00 218588 0.00 113.45 411.10
9.38 19.34 181.39 157.11 4.00 218598 0.00 114.90 412.86
9.38 19.34 181.39 157.58 4.00 218608 0.00 115.59 414.77
9.38 19.34 181.39 158.55 4.00 218618 0.00 117.01 416.55
9.38 19.34 181.39 159.05 4.00 218628 0.00 117.75 418.32
9.38 19.34 181.39 160.03 4.00 218638 0.00 119.21 420.11
9.38 19.34 181.39 160.52 4.00 218648 0.00 119.93 422.00
9.38 19.34 181.39 161.48 4.00 218658 0.00 121.37 423.79
9.38 19.34 181.39 161.95 4.00 218668 0.00 122.08 425.56
9.38 19.34 181.39 162.90 4.00 218678 0.00 123.51 427.34
9.38 19.34 181.39 163.37 4.00 218688 0.00 124.24 429.24
9.38 19.34 181.39 164.29 4.00 218698 0.00 125.64 431.02
9.38 19.34 181.39 164.80 4.00 218708 0.00 126.42 432.80
9.38 19.34 181.39 165.74 4.00 218718 0.00 127.86 434.70
9.38 19.34 181.39 166.63 4.00 218728 0.00 129.25 436.49
9.79 19.30 188.94 167.13 4.00 218738 0.00 130.02 438.31
9.79 19.30 188.94 168.04 4.00 218748 0.00 131.44 440.29
9.79 19.30 188.94 168.50 4.00 218758 0.00 132.16 442.14
9.79 19.30 188.94 169.40 4.00 218768 0.00 133.58 443.99
9.79 19.30 188.94 170.34 4.00 218778 0.00 135.06 445.85
9.79 19.30 188.94 170.81 4.00 218788 0.00 135.80 447.82
9.79 19.30 188.94 171.71 4.00 218798 0.00 137.23 449.68
9.79 19.30 188.94 172.19 4.00 218808 0.00 138.00 451.53
9.79 19.30 188.94 170.91 4.00 218818 0.00 135.97 453.51
9.79 19.30 188.94 170.55 4.00 218828 0.00 135.39 455.36
9.79 19.30 188.94 170.97 4.00 218838 0.00 136.06 457.21
9.79 19.30 188.94 171.84 4.00 218848 0.00 137.45 459.07
9.79 19.30 188.94 172.75 4.00 218858 0.00 138.90 461.04
9.79 19.30 188.94 173.18 4.00 218868 0.00 139.60 462.89
10.20 19.65 200.39 174.05 4.00 218878 0.00 141.00 464.81
10.20 19.65 200.39 174.92 4.00 218888 0.00 142.43 466.90
10.20 19.65 200.39 175.36 4.00 218898 0.00 143.15 468.87
10.20 19.65 200.39 176.23 4.00 218908 0.00 144.56 470.83
10.20 19.65 200.39 177.07 4.00 218918 0.00 145.94 472.80
10.20 19.65 200.39 177.92 4.00 218928 0.00 147.35 474.89
10.20 19.65 200.39 178.35 4.00 218938 0.00 148.06 476.85
10.20 19.65 200.39 179.21 4.00 218948 0.00 149.49 478.82
10.20 19.65 200.39 180.05 4.00 218958 0.00 150.90 480.92
10.20 19.65 200.39 180.46 4.00 218968 0.00 151.59 482.89
10.20 19.65 200.39 181.32 4.00 218978 0.00 153.03 484.85
10.20 19.65 200.39 182.15 4.00 218988 0.00 154.44 486.94
10.20 19.65 200.39 182.96 4.00 218998 0.00 155.81 488.91
10.20 19.65 200.39 183.35 4.00 219008 0.00 156.48 490.87
10.57 19.66 207.72 184.17 4.00 219018 0.00 157.89 492.87
10.57 19.66 207.72 185.00 4.00 219028 0.00 159.31 495.03
10.57 19.66 207.72 185.80 4.00 219038 0.00 160.70 497.07
10.57 19.66 207.72 186.24 4.00 219048 0.00 161.45 499.11
10.57 19.66 207.72 187.06 4.00 219058 0.00 162.87 501.28
10.57 19.66 207.72 187.81 4.00 219068 0.00 164.19 503.33
10.57 19.66 207.72 188.61 4.00 219078 0.00 165.59 505.36
10.57 19.66 207.72 189.00 4.00 219088 0.00 166.26 507.40
10.57 19.66 207.72 189.80 4.00 219098 0.00 167.69 509.57
10.57 19.66 207.72 190.59 4.00 219108 0.00 169.07 511.61
10.57 19.66 207.72 191.41 4.00 219118 0.00 170.53 513.65
10.57 19.66 207.72 192.17 4.00 219128 0.00 171.89 515.82
10.57 19.66 207.72 192.93 4.00 219138 0.00 173.27 517.87
10.57 19.66 207.72 193.34 4.00 219148 0.00 173.99 519.90
10.95 19.62 214.76 194.15 4.00 219158 0.00 175.45 521.94
10.95 19.62 214.76 194.90 4.00 219168 0.00 176.81 524.19
10.95 19.62 214.76 195.72 4.00 219178 0.00 178.31 526.30
10.95 19.62 214.76 196.45 4.00 219188 0.00 179.63 528.40
10.95 19.62 214.76 200.27 4.00 219198 0.00 186.70 530.64
10.95 19.62 214.76 201.98 4.00 219208 0.00 189.90 532.75
10.95 19.62 214.76 202.35 4.00 219218 0.00 190.59 534.86
10.95 19.62 214.76 203.17 4.00 219228 0.00 192.13 537.11
10.95 19.62 214.76 203.91 4.00 219238 0.00 193.54 539.22
10.95 19.62 214.76 204.66 4.00 219248 0.00 194.97 541.32
10.95 19.62 214.76 205.46 4.00 219258 0.00 196.49 543.44
10.95 19.62 214.76 210.36 4.00 219268 0.00 205.97 545.68
10.95 19.62 214.76 211.20 4.00 219278 0.00 207.62 547.78
10.95 19.62 214.76 212.00 4.00 219288 0.00 209.21 549.89
10.95 19.62 214.76 212.82 4.00 219298 0.00 210.81 552.13
11.34 19.65 222.88 213.51 4.00 219308 0.00 212.19 554.32
11.34 19.65 222.88 214.29 4.00 219318 0.00 213.75 556.50
11.34 19.65 222.88 214.67 4.00 219328 0.00 214.50 558.69
11.34 19.65 222.88 215.33 4.00 219338 0.00 215.83 561.02
11.34 19.65 222.88 216.17 4.00 219348 0.00 217.51 563.21
11.34 19.65 222.88 216.89 4.00 219358 0.00 218.96 565.40
11.34 19.65 222.88 217.65 4.00 219368 0.00 220.50 567.59
11.34 19.65 222.88 218.38 4.00 219378 0.00 221.98 569.92
11.34 19.65 222.88 219.20 4.00 219388 0.00 223.65 572.11
11.34 19.65 222.88 219.85 4.00 219398 0.00 224.98 574.30
11.34 19.65 222.88 220.59 4.00 219408 0.00 226.50 576.63
11.34 19.65 222.88 221.34 4.00 219418 0.00 228.03 578.82
11.34 19.65 222.88 222.04 4.00 219428 0.00 229.49 581.00
11.34 19.65 222.88 222.80 4.00 219438 0.00 231.06 583.33
11.67 19.38 226.14 223.52 4.00 219448 0.00 232.55 585.54
11.67 19.38 226.14 224.29 4.00 219458 0.00 234.15 587.76
11.67 19.38 226.14 225.01 4.00 219468 0.00 235.67 589.98
11.67 19.38 226.14 221.60 4.00 219478 0.00 228.58 592.35
11.67 19.38 226.14 222.31 4.00 219488 0.00 230.05 594.57
11.67 19.38 226.14 222.98 4.00 219498 0.00 231.43 596.79
11.67 19.38 226.14 223.70 4.00 219508 0.00 232.93 599.01
11.67 19.38 226.14 224.38 4.00 219518 0.00 234.34 601.38
11.67 19.38 226.14 225.06 4.00 219528 0.00 235.77 603.60
11.67 19.38 226.14 221.43 4.00 219538 0.00 228.22 605.82
11.67 19.38 226.14 222.00 4.00 219548 0.00 229.40 608.18
11.67 19.38 226.14 222.67 4.00 219558 0.00 230.78 610.41
11.67 19.38 226.14 223.29 4.00 219568 0.00 232.08 612.62
11.67 19.38 226.14 223.97 4.00 219578 0.00 233.49 614.84
11.51 17.31 199.23 224.60 4.00 219588 0.00 234.81 617.05
11.51 17.31 199.23 225.19 4.00 219598 0.00 236.05 619.01
11.51 17.31 199.23 225.88 4.00 219608 0.00 237.49 620.96
11.51 17.31 199.23 226.76 4.00 219618 0.00 239.34 623.05
11.51 17.31 199.23 227.36 4.00 219628 0.00 240.62 625.01
11.51 17.31 199.23 227.97 4.00 219638 0.00 241.90 626.96
11.51 17.31 199.23 228.48 4.00 219648 0.00 243.00 628.92
11.51 17.31 199.23 229.10 4.00 219658 0.00 244.30 631.00
11.51 17.31 199.23 229.66 4.00 219668 0.00 245.51 632.95
11.51 17.31 199.23 230.23 4.00 219678 0.00 246.74 634.91
11.51 17.31 199.23 230.81 4.00 219688 0.00 247.97 636.99
11.51 17.31 199.23 231.63 4.00 219698 0.00 249.73 638.96
11.51 17.31 199.23 232.21 4.00 219708 0.00 250.98 640.91
11.51 17.31 199.23 232.74 4.00 219718 0.00 252.14 642.87
11.55 15.84 183.00 233.33 4.00 219728 0.00 253.41 644.89
11.55 15.84 183.00 233.82 4.00 219738 0.00 254.48 646.69
11.55 15.84 183.00 234.31 4.00 219748 0.00 255.56 648.48
11.55 15.84 183.00 235.16 4.00 219758 0.00 257.40 650.40
11.55 15.84 183.00 235.65 4.00 219768 0.00 258.49 652.19
11.55 15.84 183.00 236.21 4.00 219778 0.00 259.70 653.98
11.55 15.84 183.00 236.76 4.00 219788 0.00 260.92 655.78
11.55 15.84 183.00 237.26 4.00 219798 0.00 262.03 657.69
11.55 15.84 183.00 237.77 4.00 219808 0.00 263.16 659.49
11.55 15.84 183.00 238.54 4.00 219818 0.00 264.86 661.28
11.55 15.84 183.00 239.05 4.00 219828 0.00 266.00 663.20
11.55 15.84 183.00 239.52 4.00 219838 0.00 267.03 664.99
11.55 15.84 183.00 240.03 4.00 219848 0.00 268.18 666.78
11.55 15.84 183.00 240.81 4.00 219858 0.00 269.93 668.70
11.58 14.85 171.90 241.28 4.00 219868 0.00 270.99 670.47
11.58 14.85 171.90 241.76 4.00 219878 0.00 272.05 672.15
11.58 14.85 171.90 242.23 4.00 219888 0.00 273.12 673.85
11.58 14.85 171.90 242.97 4.00 219898 0.00 274.79 675.64
11.58 14.85 171.90 243.45 4.00 219908 0.00 275.88 677.33
11.58 14.85 171.90 243.88 4.00 219918 0.00 276.85 679.02
11.58 14.85 171.90 244.36 4.00 219928 0.00 277.94 680.82
11.58 14.85 171.90 245.06 4.00 219938 0.00 279.54 682.51
11.58 14.85 171.90 245.50 4.00 219948 0.00 280.53 684.19
11.58 14.85 171.90 245.93 4.00 219958 0.00 281.52 685.88
11.58 14.85 171.90 246.37 4.00 219968 0.00 282.52 687.67
11.58 14.85 171.90 247.08 4.00 219978 0.00 284.16 689.36
11.58 14.85 171.90 247.52 4.00 219988 0.00 285.17 691.05
11.58 14.85 171.90 247.91 4.00 219998 0.00 286.06 692.85
11.58 14.85 171.90 248.35 4.00 220008 0.00 287.09 694.54
11.62 13.85 160.93 249.02 4.00 220018 0.00 288.63 696.11
11.62 13.85 160.93 249.41 4.00 220028 0.00 289.54 697.70
11.62 13.85 160.93 249.80 4.00 220038 0.00 290.45 699.38
11.62 13.85 160.93 250.48 4.00 220048 0.00 292.03 700.96
11.62 13.85 160.93 250.93 4.00 220058 0.00 293.08 702.54
11.62 13.85 160.93 251.33 4.00 220068 0.00 294.01 704.12
11.62 13.85 160.93 252.01 4.00 220078 0.00 295.62 705.81
11.62 13.85 160.93 252.41 4.00 220088 0.00 296.56 707.38
11.62 13.85 160.93 252.81 4.00 220098 0.00 297.50 708.97
11.62 13.85 160.93 253.45 4.00 220108 0.00 299.00 710.65
11.62 13.85 160.93 253.85 4.00 220118 0.00 299.95 712.23
11.62 13.85 160.93 254.26 4.00 220128 0.00 300.92 713.81
11.62 13.85 160.93 254.67 4.00 220138 0.00 301.88 715.39
11.62 13.85 160.93 255.31 4.00 220148 0.00 303.41 717.08
11.63 12.76 148.47 255.66 4.00 220158 0.00 304.25 718.56
11.63 12.76 148.47 256.25 4.00 220168 0.00 305.65 720.02
11.63 12.76 148.47 256.61 4.00 220178 0.00 306.50 721.48
11.63 12.76 148.47 257.02 4.00 220188 0.00 307.49 723.03
11.63 12.76 148.47 257.56 4.00 220198 0.00 308.78 724.49
11.63 12.76 148.47 257.92 4.00 220208 0.00 309.64 725.95
11.63 12.76 148.47 258.28 4.00 220218 0.00 310.50 727.50
11.63 12.76 148.47 258.88 4.00 220228 0.00 311.95 728.96
11.63 12.76 148.47 259.30 4.00 220238 0.00 312.97 730.42
11.63 12.76 148.47 259.61 4.00 220248 0.00 313.70 731.88
11.63 12.76 148.47 260.15 4.00 220258 0.00 315.03 733.43
11.63 12.76 148.47 260.52 4.00 220268 0.00 315.91 734.89
11.63 12.76 148.47 261.07 4.00 220278 0.00 317.25 736.35
11.63 12.76 148.47 261.38 4.00 220288 0.00 318.00 737.90
11.66 12.04 140.38 261.75 4.00 220298 0.00 318.90 739.31
11.66 12.04 140.38 262.30 4.00 220308 0.00 320.25 740.69
11.66 12.04 140.38 262.67 4.00 220318 0.00 321.16 742.07
11.66 12.04 140.38 263.17 4.00 220328 0.00 322.38 743.54
11.66 12.04 140.38 263.48 4.00 220338 0.00 323.15 744.92
11.66 12.04 140.38 263.92 4.00 220348 0.00 324.22 746.29
11.66 12.04 140.38 264.36 4.00 220358 0.00 325.30 747.76
11.66 12.04 140.38 264.74 4.00 220368 0.00 326.23 749.14
11.66 12.04 140.38 265.24 4.00 220378 0.00 327.48 750.52
11.66 12.04 140.38 265.63 4.00 220388 0.00 328.42 751.90
11.66 12.04 140.38 266.13 4.00 220398 0.00 329.68 753.36
11.66 12.04 140.38 266.45 4.00 220408 0.00 330.47 754.74
11.66 12.04 140.38 266.71 4.00 220418 0.00 331.11 756.12
11.66 12.04 140.38 267.29 4.00 220428 0.00 332.54 757.59
11.68 11.30 131.99 267.61 4.00 220438 0.00 333.34 758.93
11.68 11.30 131.99 268.13 4.00 220448 0.00 334.63 760.23
11.68 11.30 131.99 268.45 4.00 220458 0.00 335.44 761.53
11.68 11.30 131.99 268.84 4.00 220468 0.00 336.42 762.90
11.68 11.30 131.99 269.16 4.00 220478 0.00 337.23 764.20
11.68 11.30 131.99 269.69 4.00 220488 0.00 338.54 765.49
11.68 11.30 131.99 270.01 4.00 220498 0.00 339.37 766.88
11.68 11.30 131.99 270.41 4.00 220508 0.00 340.36 768.17
11.68 11.30 131.99 270.74 4.00 220518 0.00 341.19 769.47
11.68 11.30 131.99 271.07 4.00 220528 0.00 342.02 770.76
11.68 11.30 131.99 271.47 4.00 220538 0.00 343.02 772.14
11.68 11.30 131.99 271.86 4.00 220548 0.00 344.03 773.44
11.68 11.30 131.99 272.26 4.00 220558 0.00 345.04 774.73
11.68 11.30 131.99 272.73 4.00 220568 0.00 346.23 776.12
11.68 10.57 123.51 273.00 4.00 220578 0.00 346.91 777.40
11.70 10.57 123.71 273.27 4.00 220588 0.00 347.59 778.61
11.70 10.57 123.71 273.74 4.00 220598 0.00 348.79 779.82
11.70 10.57 123.71 274.21 4.00 220608 0.00 350.00 781.12
11.70 10.57 123.71 274.42 4.00 220618 0.00 350.52 782.33
11.70 10.57 123.71 274.76 4.00 220628 0.00 351.39 783.54
11.70 10.57 123.71 275.16 4.00 220638 0.00 352.43 784.84
11.70 10.57 123.71 275.57 4.00 220648 0.00 353.48 786.06
11.70 10.57 123.71 275.92 4.00 220658 0.00 354.36 787.27
11.70 10.57 123.71 276.19 4.00 220668 0.00 355.06 788.48
11.70 10.57 123.71 276.67 4.00 220678 0.00 356.30 789.78
11.70 10.57 123.71 277.02 4.00 220688 0.00 357.19 790.99
11.70 10.57 123.71 277.36 4.00 220698 0.00 358.08 792.21
11.70 10.57 123.71 277.78 4.00 220708 0.00 359.16 793.50
11.70 10.57 123.71 278.06 4.00 220718 0.00 359.88 794.72
11.72 9.89 115.93 278.47 4.00 220728 0.00 360.96 795.85
11.72 9.89 115.93 278.75 4.00 220738 0.00 361.69 796.99
11.72 9.89 115.93 279.17 4.00 220748 0.00 362.78 798.20
11.72 9.89 115.93 279.31 4.00 220758 0.00 363.14 799.34
11.72 9.89 115.93 279.81 4.00 220768 0.00 364.42 800.48
11.72 9.89 115.93 280.09 4.00 220778 0.00 365.16 801.69
11.72 9.89 115.93 280.44 4.00 220788 0.00 366.08 802.83
11.72 9.89 115.93 280.65 4.00 220798 0.00 366.64 803.96
11.72 9.89 115.93 281.08 4.00 220808 0.00 367.75 805.11
11.72 9.89 115.93 281.44 4.00 220818 0.00 368.68 806.32
11.72 9.89 115.93 281.65 4.00 220828 0.00 369.24 807.46
11.72 9.89 115.93 282.08 4.00 220838 0.00 370.37 808.59
11.72 9.89 115.93 282.37 4.00 220848 0.00 371.12 809.81
11.72 9.89 115.93 282.65 4.00 220858 0.00 371.88 810.95
11.74 9.48 111.24 283.09 4.00 220868 0.00 373.02 812.05
11.74 9.48 111.24 283.30 4.00 220878 0.00 373.59 813.14
11.74 9.48 111.24 283.66 4.00 220888 0.00 374.54 814.30
11.74 9.48 111.24 283.88 4.00 220898 0.00 375.12 815.39
11.74 9.48 111.24 284.32 4.00 220908 0.00 376.27 816.49
11.74 9.48 111.24 284.68 4.00 220918 0.00 377.23 817.65
11.74 9.48 111.24 284.97 4.00 220928 0.00 378.01 818.74
11.74 9.48 111.24 285.27 4.00 220938 0.00 378.78 819.83
11.74 9.48 111.24 285.56 4.00 220948 0.00 379.56 820.93
11.74 9.48 111.24 285.93 4.00 220958 0.00 380.54 822.09
11.74 9.48 111.24 286.15 4.00 220968 0.00 381.13 823.18
11.74 9.48 111.24 286.52 4.00 220978 0.00 382.11 824.27
11.74 9.48 111.24 286.89 4.00 220988 0.00 383.10 825.44
11.74 9.48 111.24 287.11 4.00 220998 0.00 383.69 826.53
11.76 8.79 103.33 287.48 4.00 221008 0.00 384.69 827.58
11.76 8.79 103.33 287.63 4.00 221018 0.00 385.09 828.60
11.76 8.79 103.33 288.00 4.00 221028 0.00 386.09 829.68
11.76 8.79 103.33 288.38 4.00 221038 0.00 387.09 830.69
11.76 8.79 103.33 288.53 4.00 221048 0.00 387.49 831.71
11.76 8.79 103.33 288.90 4.00 221058 0.00 388.50 832.72
11.76 8.79 103.33 289.20 4.00 221068 0.00 389.31 833.80
11.76 8.79 103.33 289.50 4.00 221078 0.00 390.12 834.81
11.76 8.79 103.33 289.80 4.00 221088 0.00 390.93 835.83
11.76 8.79 103.33 290.18 4.00 221098 0.00 391.96 836.91
11.76 8.79 103.33 290.33 4.00 221108 0.00 392.37 837.93
11.76 8.79 103.33 290.64 4.00 221118 0.00 393.19 838.94
11.76 8.79 103.33 290.87 4.00 221128 0.00 393.80 839.96
11.76 8.79 103.33 291.17 4.00 221138 0.00 394.63 841.04
11.77 8.48 99.77 291.55 4.00 221148 0.00 395.67 842.04
11.77 8.48 99.77 291.78 4.00 221158 0.00 396.29 843.02
11.77 8.48 99.77 292.09 4.00 221168 0.00 397.12 844.06
11.77 8.48 99.77 292.40 4.00 221178 0.00 397.96 845.04
11.77 8.48 99.77 292.63 4.00 221188 0.00 398.59 846.02
11.77 8.48 99.77 292.94 4.00 221198 0.00 399.43 847.00
11.77 8.48 99.77 293.25 4.00 221208 0.00 400.27 848.05
11.77 8.48 99.77 293.48 4.00 221218 0.00 400.91 849.02
11.77 8.48 99.77 293.71 4.00 221228 0.00 401.55 850.00
11.77 8.48 99.77 294.02 4.00 221238 0.00 402.40 851.05
11.77 8.48 99.77 294.26 4.00 221248 0.00 403.04 852.03
11.77 8.48 99.77 294.57 4.00 221258 0.00 403.89 853.01
11.77 8.48 99.77 294.80 4.00 221268 0.00 404.53 853.99
11.77 8.48 99.77 295.04 4.00 221278 0.00 405.18 855.03
11.77 7.87 92.60 295.27 4.00 221288 0.00 405.83 856.00
11.78 7.87 92.70 295.59 4.00 221298 0.00 406.69 856.91
11.78 7.87 92.70 295.82 4.00 221308 0.00 407.34 857.88
11.78 7.87 92.70 296.22 4.00 221318 0.00 408.43 858.79
11.78 7.87 92.70 296.45 4.00 221328 0.00 409.08 859.70
11.78 7.87 92.70 296.61 4.00 221338 0.00 409.52 860.61
11.78 7.87 92.70 296.85 4.00 221348 0.00 410.17 861.58
11.78 7.87 92.70 297.17 4.00 221358 0.00 411.05 862.49
11.78 7.87 92.70 297.41 4.00 221368 0.00 411.71 863.40
11.78 7.87 92.70 297.65 4.00 221378 0.00 412.37 864.37
11.78 7.87 92.70 297.96 4.00 221388 0.00 413.26 865.28
11.78 7.87 92.70 298.28 4.00 221398 0.00 414.15 866.19
11.78 7.87 92.70 298.45 4.00 221408 0.00 414.59 867.10
11.78 7.87 92.70 298.77 4.00 221418 0.00 415.48 868.07
11.78 7.87 92.70 299.01 4.00 221428 0.00 416.16 868.98
11.80 7.57 89.31 299.17 4.00 221438 0.00 416.60 869.86
11.80 7.57 89.31 299.49 4.00 221448 0.00 417.50 870.73
11.80 7.57 89.31 299.73 4.00 221458 0.00 418.18 871.67
11.80 7.57 89.31 299.98 4.00 221468 0.00 418.86 872.54
11.80 7.57 89.31 300.22 4.00 221478 0.00 419.54 873.42
11.80 7.57 89.31 300.46 4.00 221488 0.00 420.22 874.36
11.80 7.57 89.31 300.71 4.00 221498 0.00 420.90 875.24
11.80 7.57 89.31 301.03 4.00 221508 0.00 421.81 876.11
11.80 7.57 89.31 301.11 4.00 221518 0.00 422.04 876.99
11.80 7.57 89.31 301.36 4.00 221528 0.00 422.73 877.92
11.80 7.57 89.31 301.60 4.00 221538 0.00 423.42 878.80
11.80 7.57 89.31 301.85 4.00 221548 0.00 424.11 879.68
11.80 7.57 89.31 302.10 4.00 221558 0.00 424.80 880.61
11.80 7.57 89.31 302.34 4.00 221568 0.00 425.49 881.49
11.80 7.21 85.09 302.59 4.00 221578 0.00 426.19 882.33
11.80 7.21 85.09 302.76 4.00 221588 0.00 426.65 883.17
11.80 7.21 85.09 303.09 4.00 221598 0.00 427.59 884.06
11.80 7.21 85.09 303.33 4.00 221608 0.00 428.29 884.89
11.80 7.21 85.09 303.58 4.00 221618 0.00 428.99 885.73
11.80 7.21 85.09 303.83 4.00 221628 0.00 429.69 886.62
11.80 7.21 85.09 304.00 4.00 221638 0.00 430.16 887.46
11.80 7.21 85.09 304.25 4.00 221648 0.00 430.87 888.29
11.80 7.21 85.09 304.41 4.00 221658 0.00 431.34 889.12
11.80 7.21 85.09 304.75 4.00 221668 0.00 432.29 890.01
11.80 7.21 85.09 304.92 4.00 221678 0.00 432.76 890.85
11.80 7.21 85.09 305.08 4.00 221688 0.00 433.24 891.68
11.80 7.21 85.09 305.42 4.00 221698 0.00 434.19 892.57
11.80 7.21 85.09 305.59 4.00 221708 0.00 434.67 893.41
11.82 6.70 79.18 305.75 4.00 221718 0.00 435.15 894.21
11.82 6.70 79.18 306.01 4.00 221728 0.00 435.87 895.04
11.82 6.70 79.18 306.26 4.00 221738 0.00 436.59 895.82
11.82 6.70 79.18 306.51 4.00 221748 0.00 437.31 896.59
11.82 6.70 79.18 306.68 4.00 221758 0.00 437.80 897.37
11.82 6.70 79.18 306.94 4.00 221768 0.00 438.52 898.20
11.82 6.70 79.18 307.02 4.00 221778 0.00 438.76 898.98
11.82 6.70 79.18 307.36 4.00 221788 0.00 439.74 899.75
11.82 6.70 79.18 307.45 4.00 221798 0.00 439.98 900.53
11.82 6.70 79.18 307.62 4.00 221808 0.00 440.47 901.36
11.82 6.70 79.18 307.87 4.00 221818 0.00 441.20 902.14
11.82 6.70 79.18 308.21 4.00 221828 0.00 442.18 902.92
11.82 6.70 79.18 308.38 4.00 221838 0.00 442.67 903.74
11.82 6.70 79.18 308.64 4.00 221848 0.00 443.41 904.52
11.83 6.59 77.91 308.81 4.00 221858 0.00 443.90 905.29
11.83 6.59 77.91 308.99 4.00 221868 0.00 444.39 906.06
11.83 6.59 77.91 309.24 4.00 221878 0.00 445.14 906.88
11.83 6.59 77.91 309.50 4.00 221888 0.00 445.88 907.64
11.83 6.59 77.91 309.59 4.00 221898 0.00 446.13 908.41
11.83 6.59 77.91 309.85 4.00 221908 0.00 446.88 909.22
11.83 6.59 77.91 310.11 4.00 221918 0.00 447.62 909.99
11.83 6.59 77.91 310.37 4.00 221928 0.00 448.38 910.75
11.83 6.59 77.91 310.45 4.00 221938 0.00 448.63 911.52
11.83 6.59 77.91 310.71 4.00 221948 0.00 449.38 912.34
11.83 6.59 77.91 310.80 4.00 221958 0.00 449.63 913.10
11.83 6.59 77.91 310.97 4.00 221968 0.00 450.13 913.87
11.83 6.59 77.91 311.24 4.00 221978 0.00 450.89 914.63
11.83 6.59 77.91 311.41 4.00 221988 0.00 451.40 915.45
11.83 6.15 72.69 311.67 4.00 221998 0.00 452.16 916.20
11.83 6.15 72.75 311.85 4.00 222008 0.00 452.66 916.92
11.83 6.15 72.75 312.02 4.00 222018 0.00 453.17 917.68
11.83 6.15 72.75 312.20 4.00 222028 0.00 453.68 918.39
11.83 6.15 72.75 312.46 4.00 222038 0.00 454.45 919.11
11.83 6.15 72.75 312.64 4.00 222048 0.00 454.96 919.82
11.83 6.15 72.75 312.90 4.00 222058 0.00 455.73 920.58
11.83 6.15 72.75 312.90 4.00 222068 0.00 455.73 921.30
11.83 6.15 72.75 313.17 4.00 222078 0.00 456.50 922.01
11.83 6.15 72.75 313.43 4.00 222088 0.00 457.27 922.77
11.83 6.15 72.75 313.61 4.00 222098 0.00 457.79 923.49
11.83 6.15 72.75 313.78 4.00 222108 0.00 458.31 924.20
11.83 6.15 72.75 313.96 4.00 222118 0.00 458.82 924.92
11.83 6.15 72.75 314.23 4.00 222128 0.00 459.60 925.68
11.83 6.15 72.75 314.41 4.00 222138 0.00 460.12 926.39
11.84 5.86 69.44 314.58 4.00 222148 0.00 460.64 927.08
11.84 5.86 69.44 314.85 4.00 222158 0.00 461.43 927.76
11.84 5.86 69.44 314.94 4.00 222168 0.00 461.69 928.49
11.84 5.86 69.44 315.21 4.00 222178 0.00 462.48 929.17
11.84 5.86 69.44 315.30 4.00 222188 0.00 462.74 929.85
11.84 5.86 69.44 315.39 4.00 222198 0.00 463.00 930.57
11.84 5.86 69.44 315.66 4.00 222208 0.00 463.79 931.26
11.84 5.86 69.44 315.75 4.00 222218 0.00 464.05 931.94
11.84 5.86 69.44 315.93 4.00 222228 0.00 464.58 932.62
11.84 5.86 69.44 316.20 4.00 222238 0.00 465.38 933.35
11.84 5.86 69.44 316.29 4.00 222248 0.00 465.64 934.03
11.84 5.86 69.44 316.56 4.00 222258 0.00 466.44 934.71
11.84 5.86 69.44 316.74 4.00 222268 0.00 466.97 935.44
11.84 5.86 69.44 316.92 4.00 222278 0.00 467.50 936.12
11.85 5.75 68.13 317.01 4.00 222288 0.00 467.77 936.79
11.85 5.75 68.13 317.19 4.00 222298 0.00 468.30 937.46
11.85 5.75 68.13 317.46 4.00 222308 0.00 469.11 938.17
11.85 5.75 68.13 317.55 4.00 222318 0.00 469.37 938.84
11.85 5.75 68.13 317.82 4.00 222328 0.00 470.18 939.51
11.85 5.75 68.13 317.91 4.00 222338 0.00 470.45 940.22
11.85 5.75 68.13 318.10 4.00 222348 0.00 470.99 940.89
11.85 5.75 68.13 318.28 4.00 222358 0.00 471.53 941.56
11.85 5.75 68.13 318.46 4.00 222368 0.00 472.07 942.23
11.85 5.75 68.13 318.64 4.00 222378 0.00 472.61 942.94
11.85 5.75 68.13 318.83 4.00 222388 0.00 473.15 943.61
11.85 5.75 68.13 319.01 4.00 222398 0.00 473.70 944.28
11.85 5.75 68.13 319.19 4.00 222408 0.00 474.24 944.99
11.85 5.75 68.13 319.38 4.00 222418 0.00 474.79 945.66
11.86 5.21 61.80 319.38 4.00 222428 0.00 474.79 946.30
11.86 5.21 61.80 319.65 4.00 222438 0.00 475.61 946.91
11.86 5.21 61.80 319.74 4.00 222448 0.00 475.88 947.56
11.86 5.21 61.80 319.93 4.00 222458 0.00 476.43 948.16
11.86 5.21 61.80 320.11 4.00 222468 0.00 476.98 948.77
11.86 5.21 61.80 320.20 4.00 222478 0.00 477.25 949.42
11.86 5.21 61.80 320.48 4.00 222488 0.00 478.08 950.02
11.86 5.21 61.80 320.57 4.00 222498 0.00 478.36 950.63
11.86 5.21 61.80 320.76 4.00 222508 0.00 478.91 951.24
11.86 5.21 61.80 320.94 4.00 222518 0.00 479.46 951.88
11.86 5.21 61.80 321.04 4.00 222528 0.00 479.74 952.49
11.86 5.21 61.80 321.22 4.00 222538 0.00 480.29 953.10
11.86 5.21 61.80 321.41 4.00 222548 0.00 480.85 953.74
11.86 5.21 61.80 321.60 4.00 222558 0.00 481.41 954.35
11.87 5.25 62.35 321.78 4.00 222568 0.00 481.96 954.96
11.87 5.25 62.35 321.87 4.00 222578 0.00 482.24 955.57
11.87 5.25 62.35 322.06 4.00 222588 0.00 482.80 956.22
11.87 5.25 62.35 322.25 4.00 222598 0.00 483.36 956.82
11.87 5.25 62.35 322.44 4.00 222608 0.00 483.92 957.43
11.87 5.25 62.35 322.53 4.00 222618 0.00 484.20 958.09
11.87 5.25 62.35 322.72 4.00 222628 0.00 484.77 958.69
11.87 5.25 62.35 322.90 4.00 222638 0.00 485.33 959.34
11.87 5.25 62.35 323.00 4.00 222648 0.00 485.61 959.95
11.87 5.25 62.35 323.19 4.00 222658 0.00 486.18 960.56
11.87 5.25 62.35 323.28 4.00 222668 0.00 486.46 961.21
11.87 5.25 62.35 323.47 4.00 222678 0.00 487.03 961.82
11.87 5.25 62.35 323.56 4.00 222688 0.00 487.31 962.43
11.87 5.25 62.35 323.75 4.00 222698 0.00 487.88 963.08
11.87 5.02 59.61 323.84 4.00 222708 0.00 488.16 963.69
11.87 5.02 59.64 324.03 4.00 222718 0.00 488.73 964.27
11.87 5.02 59.64 324.22 4.00 222728 0.00 489.30 964.90
11.87 5.02 59.64 324.32 4.00 222738 0.00 489.59 965.48
11.87 5.02 59.64 324.51 4.00 222748 0.00 490.16 966.07
11.87 5.02 59.64 324.60 4.00 222758 0.00 490.45 966.65
11.87 5.02 59.64 324.79 4.00 222768 0.00 491.02 967.28
11.87 5.02 59.64 324.89 4.00 222778 0.00 491.31 967.86
11.87 5.02 59.64 324.98 4.00 222788 0.00 491.60 968.45
11.87 5.02 59.64 325.17 4.00 222798 0.00 492.17 969.07
11.87 5.02 59.64 325.36 4.00 222808 0.00 492.75 969.65
11.87 5.02 59.64 325.46 4.00 222818 0.00 493.04 970.24
11.87 5.02 59.64 325.65 4.00 222828 0.00 493.62 970.86
11.87 5.02 59.64 325.74 4.00 222838 0.00 493.91 971.45
11.87 5.02 59.64 325.93 4.00 222848 0.00 494.49 972.03
11.88 4.53 53.81 326.03 4.00 222858 0.00 494.78 972.57
11.88 4.53 53.81 326.13 4.00 222868 0.00 495.07 973.13
11.88 4.53 53.81 326.32 4.00 222878 0.00 495.65 973.66
11.88 4.53 53.81 326.51 4.00 222888 0.00 496.23 974.19
11.88 4.53 53.81 326.70 4.00 222898 0.00 496.81 974.72
11.88 4.53 53.81 326.80 4.00 222908 0.00 497.11 975.28
11.88 4.53 53.81 326.89 4.00 222918 0.00 497.40 975.81
11.88 4.53 53.81 326.99 4.00 222928 0.00 497.69 976.34
11.88 4.53 53.81 327.18 4.00 222938 0.00 498.28 976.90
11.88 4.53 53.81 327.38 4.00 222948 0.00 498.87 977.43
11.88 4.53 53.81 327.47 4.00 222958 0.00 499.16 977.96
11.88 4.53 53.81 327.57 4.00 222968 0.00 499.45 978.48
11.88 4.53 53.81 327.66 4.00 222978 0.00 499.75 979.05
11.88 4.53 53.81 327.86 4.00 222988 0.00 500.34 979.58
11.88 4.60 54.65 328.05 4.00 222998 0.00 500.93 980.11
11.88 4.60 54.65 328.15 4.00 223008 0.00 501.23 980.68
11.88 4.60 54.65 328.25 4.00 223018 0.00 501.52 981.22
11.88 4.60 54.65 328.34 4.00 223028 0.00 501.82 981.75
11.88 4.60 54.65 328.54 4.00 223038 0.00 502.41 982.29
11.88 4.60 54.65 328.73 4.00 223048 0.00 503.01 982.86
11.88 4.60 54.65 328.83 4.00 223058 0.00 503.30 983.40
11.88 4.60 54.65 328.93 4.00 223068 0.00 503.60 983.94
11.88 4.60 54.65 329.12 4.00 223078 0.00 504.20 984.51
11.88 4.60 54.65 329.22 4.00 223088 0.00 504.50 985.04
11.88 4.60 54.65 329.32 4.00 223098 0.00 504.80 985.58
11.88 4.60 54.65 329.41 4.00 223108 0.00 505.10 986.12
11.88 4.60 54.65 329.51 4.00 223118 0.00 505.40 986.69
11.88 4.60 54.65 329.71 4.00 223128 0.00 506.00 987.22
11.89 4.42 52.57 329.80 4.00 223138 0.00 506.30 987.75
11.89 4.42 52.57 330.00 4.00 223148 0.00 506.90 988.30
11.89 4.42 52.57 330.10 4.00 223158 0.00 507.20 988.82
11.89 4.42 52.57 330.20 4.00 223168 0.00 507.50 989.33
11.89 4.42 52.57 330.29 4.00 223178 0.00 507.80 989.85
11.89 4.42 52.57 330.49 4.00 223188 0.00 508.41 990.40
11.89 4.42 52.57 330.59 4.00 223198 0.00 508.71 990.91
11.89 4.42 52.57 330.79 4.00 223208 0.00 509.32 991.43
11.89 4.42 52.57 330.88 4.00 223218 0.00 509.62 991.98
11.89 4.42 52.57 330.98 4.00 223228 0.00 509.92 992.50
11.89 4.42 52.57 331.08 4.00 223238 0.00 510.23 993.01
11.89 4.42 52.57 331.28 4.00 223248 0.00 510.84 993.53
11.89 4.42 52.57 331.38 4.00 223258 0.00 511.14 994.08
11.89 4.42 52.57 331.48 4.00 223268 0.00 511.45 994.60
11.91 4.19 49.94 331.67 4.00 223278 0.00 512.06 995.11
11.91 4.19 49.94 331.67 4.00 223288 0.00 512.06 995.63
11.91 4.19 49.94 331.87 4.00 223298 0.00 512.67 996.12
11.91 4.19 49.94 331.87 4.00 223308 0.00 512.67 996.61
11.91 4.19 49.94 332.07 4.00 223318 0.00 513.28 997.10
11.91 4.19 49.94 332.17 4.00 223328 0.00 513.59 997.62
11.91 4.19 49.94 332.27 4.00 223338 0.00 513.90 998.11
11.91 4.19 49.94 332.47 4.00 223348 0.00 514.51 998.60
11.91 4.19 49.94 332.57 4.00 223358 0.00 514.82 999.12
11.91 4.19 49.94 332.67 4.00 223368 0.00 515.13 999.61
11.91 4.19 49.94 332.77 4.00 223378 0.00 515.44 1000.10
11.91 4.19 49.94 332.87 4.00 223388 0.00 515.74 1000.60
11.91 4.19 49.94 332.97 4.00 223398 0.00 516.05 1001.12
11.91 4.19 49.94 333.07 4.00 223408 0.00 516.36 1001.61
11.91 4.07 48.50 333.27 4.00 223418 0.00 516.98 1002.10
11.90 4.07 48.47 333.37 4.00 223428 0.00 517.29 1002.60
11.90 4.07 48.47 333.57 4.00 223438 0.00 517.91 1003.08
11.90 4.07 48.47 333.67 4.00 223448 0.00 518.23 1003.56
11.90 4.07 48.47 333.77 4.00 223458 0.00 518.54 1004.03
11.90 4.07 48.47 333.87 4.00 223468 0.00 518.85 1004.54
11.90 4.07 48.47 333.97 4.00 223478 0.00 519.16 1005.01
11.90 4.07 48.47 334.07 4.00 223488 0.00 519.47 1005.49
11.90 4.07 48.47 334.17 4.00 223498 0.00 519.79 1006.00
11.90 4.07 48.47 334.27 4.00 223508 0.00 520.10 1006.47
11.90 4.07 48.47 334.37 4.00 223518 0.00 520.41 1006.95
11.90 4.07 48.47 334.47 4.00 223528 0.00 520.72 1007.42
11.90 4.07 48.47 334.57 4.00 223538 0.00 521.04 1007.93
11.90 4.07 48.47 334.57 4.00 223548 0.00 521.04 1008.41
11.90 4.07 48.47 334.77 4.00 223558 0.00 521.67 1008.88
11.90 3.78 45.03 334.87 4.00 223568 0.00 521.98 1009.36
11.90 3.78 45.03 334.97 4.00 223578 0.00 522.30 1009.80
11.90 3.78 45.03 335.08 4.00 223588 0.00 522.61 1010.24
11.90 3.78 45.03 335.18 4.00 223598 0.00 522.93 1010.71
11.90 3.78 45.03 335.28 4.00 223608 0.00 523.24 1011.14
11.90 3.78 45.03 335.38 4.00 223618 0.00 523.56 1011.61
11.90 3.78 45.03 335.48 4.00 223628 0.00 523.87 1012.05
11.90 3.78 45.03 335.58 4.00 223638 0.00 524.19 1012.49
11.90 3.78 45.03 335.68 4.00 223648 0.00 524.51 1012.96
11.90 3.78 45.03 335.89 4.00 223658 0.00 525.14 1013.40
11.90 3.78 45.03 335.99 4.00 223668 0.00 525.46 1013.84
11.90 3.78 45.03 336.09 4.00 223678 0.00 525.78 1014.31
11.90 3.78 45.03 336.19 4.00 223688 0.00 526.10 1014.75
11.90 3.78 45.03 336.29 4.00 223698 0.00 526.41 1015.19
11.92 3.70 44.05 336.39 4.00 223708 0.00 526.73 1015.65
11.92 3.70 44.05 336.50 4.00 223718 0.00 527.05 1016.08
11.92 3.70 44.05 336.60 4.00 223728 0.00 527.37 1016.52
11.92 3.70 44.05 336.80 4.00 223738 0.00 528.01 1016.98
11.92 3.70 44.05 336.80 4.00 223748 0.00 528.01 1017.41
11.92 3.70 44.05 336.90 4.00 223758 0.00 528.33 1017.84
11.92 3.70 44.05 337.01 4.00 223768 0.00 528.65 1018.30
11.92 3.70 44.05 337.11 4.00 223778 0.00 528.97 1018.73
11.92 3.70 44.05 337.21 4.00 223788 0.00 529.29 1019.17
11.92 3.70 44.05 337.31 4.00 223798 0.00 529.62 1019.60
11.92 3.70 44.05 337.42 4.00 223808 0.00 529.94 1020.06
11.92 3.70 44.05 337.52 4.00 223818 0.00 530.26 1020.49
11.92 3.70 44.05 337.62 4.00 223828 0.00 530.58 1020.92
11.92 3.70 44.05 337.72 4.00 223838 0.00 530.90 1021.38
11.91 3.72 44.29 337.72 4.00 223848 0.00 530.90 1021.82
11.91 3.72 44.29 337.93 4.00 223858 0.00 531.55 1022.25
11.91 3.72 44.29 338.03 4.00 223868 0.00 531.87 1022.69
11.91 3.72 44.29 338.24 4.00 223878 0.00 532.52 1023.15
11.91 3.72 44.29 338.24 4.00 223888 0.00 532.52 1023.59
11.91 3.72 44.29 338.34 4.00 223898 0.00 532.85 1024.02
11.91 3.72 44.29 338.34 4.00 223908 0.00 532.85 1024.46
11.91 3.72 44.29 338.44 4.00 223918 0.00 533.17 1024.92
11.91 3.72 44.29 338.65 4.00 223928 0.00 533.82 1025.36
11.91 3.72 44.29 338.75 4.00 223938 0.00 534.15 1025.79
11.91 3.72 44.29 338.75 4.00 223948 0.00 534.15 1026.26
11.91 3.72 44.29 338.86 4.00 223958 0.00 534.47 1026.69
11.91 3.72 44.29 339.06 4.00 223968 0.00 535.12 1027.13
11.91 3.72 44.29 339.06 4.00 223978 0.00 535.12 1027.56
11.92 3.42 40.71 339.17 4.00 223988 0.00 535.45 1028.02
11.92 3.42 40.71 339.27 4.00 223998 0.00 535.78 1028.42
11.92 3.42 40.71 339.27 4.00 224008 0.00 535.78 1028.82
11.92 3.42 40.71 339.48 4.00 224018 0.00 536.43 1029.22
11.92 3.42 40.71 339.48 4.00 224028 0.00 536.43 1029.64
11.92 3.42 40.71 339.58 4.00 224038 0.00 536.76 1030.04
11.92 3.42 40.71 339.69 4.00 224048 0.00 537.09 1030.44
11.92 3.42 40.71 339.89 4.00 224058 0.00 537.75 1030.84
11.92 3.42 40.71 339.89 4.00 224068 0.00 537.75 1031.27
11.92 3.42 40.71 340.00 4.00 224078 0.00 538.08 1031.67
11.92 3.42 40.71 340.10 4.00 224088 0.00 538.41 1032.07
11.92 3.42 40.71 340.21 4.00 224098 0.00 538.73 1032.49
11.92 3.42 40.71 340.31 4.00 224108 0.00 539.07 1032.89
11.92 3.42 40.71 340.41 4.00 224118 0.00 539.40 1033.29
11.92 3.42 40.71 340.52 4.00 224128 0.00 539.73 1033.69
11.92 3.05 36.36 340.52 4.00 224138 0.00 539.73 1034.07
11.92 3.05 36.36 340.62 4.00 224148 0.00 540.06 1034.43
11.92 3.05 36.36 340.83 4.00 224158 0.00 540.72 1034.79
11.92 3.05 36.36 340.83 4.00 224168 0.00 540.72 1035.17
11.92 3.05 36.36 340.94 4.00 224178 0.00 541.05 1035.53
11.92 3.05 36.36 340.94 4.00 224188 0.00 541.05 1035.88
11.92 3.05 36.36 341.15 4.00 224198 0.00 541.72 1036.24
11.92 3.05 36.36 341.15 4.00 224208 0.00 541.72 1036.62
11.92 3.05 36.36 341.25 4.00 224218 0.00 542.05 1036.98
11.92 3.05 36.36 341.36 4.00 224228 0.00 542.38 1037.33
11.92 3.05 36.36 341.46 4.00 224238 0.00 542.72 1037.71
11.92 3.05 36.36 341.57 4.00 224248 0.00 543.05 1038.07
11.92 3.05 36.36 341.67 4.00 224258 0.00 543.38 1038.43
11.92 3.05 36.36 341.78 4.00 224268 0.00 543.72 1038.81
11.92 3.22 38.40 341.78 4.00 224278 0.00 543.72 1039.18
11.92 3.22 38.40 341.88 4.00 224288 0.00 544.05 1039.56
11.92 3.22 38.40 341.99 4.00 224298 0.00 544.39 1039.93
11.92 3.22 38.40 342.09 4.00 224308 0.00 544.72 1040.34
11.92 3.22 38.40 342.20 4.00 224318 0.00 545.06 1040.71
11.92 3.22 38.40 342.30 4.00 224328 0.00 545.39 1041.09
11.92 3.22 38.40 342.30 4.00 224338 0.00 545.39 1041.49
11.92 3.22 38.40 342.41 4.00 224348 0.00 545.73 1041.87
11.92 3.22 38.40 342.51 4.00 224358 0.00 546.07 1042.25
11.92 3.22 38.40 342.51 4.00 224368 0.00 546.07 1042.62
11.92 3.22 38.40 342.62 4.00 224378 0.00 546.40 1043.03
11.92 3.22 38.40 342.72 4.00 224388 0.00 546.74 1043.40
11.92 3.22 38.40 342.72 4.00 224398 0.00 546.74 1043.78
11.92 3.22 38.40 342.94 4.00 224408 0.00 547.42 1044.18
11.92 3.04 36.23 342.94 4.00 224418 0.00 547.42 1044.54
11.92 3.04 36.23 343.04 4.00 224428 0.00 547.75 1044.90
11.92 3.04 36.23 343.04 4.00 224438 0.00 547.75 1045.25
11.92 3.04 36.23 343.15 4.00 224448 0.00 548.09 1045.63
11.92 3.04 36.23 343.25 4.00 224458 0.00 548.43 1045.99
11.92 3.04 36.23 343.47 4.00 224468 0.00 549.11 1046.34
11.92 3.04 36.23 343.47 4.00 224478 0.00 549.11 1046.72
11.92 3.04 36.23 343.57 4.00 224488 0.00 549.45 1047.08
11.92 3.04 36.23 343.68 4.00 224498 0.00 549.79 1047.43
11.92 3.04 36.23 343.68 4.00 224508 0.00 549.79 1047.79
11.92 3.04 36.23 343.78 4.00 224518 0.00 550.13 1048.17
11.92 3.04 36.23 343.89 4.00 224528 0.00 550.47 1048.52
11.92 3.04 36.23 344.00 4.00 224538 0.00 550.81 1048.88
11.92 3.04 36.23 344.00 4.00 224548 0.00 550.81 1049.26
11.94 2.94 35.10 344.10 4.00 224558 0.00 551.15 1049.61
11.94 2.94 35.10 344.10 4.00 224568 0.00 551.15 1049.95
11.94 2.94 35.10 344.21 4.00 224578 0.00 551.49 1050.30
11.94 2.94 35.10 344.32 4.00 224588 0.00 551.84 1050.67
11.94 2.94 35.10 344.42 4.00 224598 0.00 552.18 1051.01
11.94 2.94 35.10 344.42 4.00 224608 0.00 552.18 1051.36
11.94 2.94 35.10 344.53 4.00 224618 0.00 552.52 1051.72
11.94 2.94 35.10 344.53 4.00 224628 0.00 552.52 1052.07
11.94 2.94 35.10 344.64 4.00 224638 0.00 552.86 1052.41
11.94 2.94 35.10 344.74 4.00 224648 0.00 553.21 1052.76
11.94 2.94 35.10 344.74 4.00 224658 0.00 553.21 1053.12
11.94 2.94 35.10 344.85 4.00 224668 0.00 553.55 1053.47
11.94 2.94 35.10 345.07 4.00 224678 0.00 554.24 1053.81
11.94 2.94 35.10 345.07 4.00 224688 0.00 554.24 1054.16
11.93 2.97 35.39 345.17 4.00 224698 0.00 554.58 1054.53
11.93 2.97 35.39 345.28 4.00 224708 0.00 554.93 1054.87
11.93 2.97 35.39 345.28 4.00 224718 0.00 554.93 1055.22
11.93 2.97 35.39 345.39 4.00 224728 0.00 555.27 1055.59
11.93 2.97 35.39 345.49 4.00 224738 0.00 555.62 1055.94
11.93 2.97 35.39 345.49 4.00 224748 0.00 555.62 1056.29
11.93 2.97 35.39 345.60 4.00 224758 0.00 555.96 1056.63
11.93 2.97 35.39 345.60 4.00 224768 0.00 555.96 1057.01
11.93 2.97 35.39 345.71 4.00 224778 0.00 556.31 1057.35
11.93 2.97 35.39 345.82 4.00 224788 0.00 556.66 1057.70
11.93 2.97 35.39 345.82 4.00 224798 0.00 556.66 1058.05
11.93 2.97 35.39 345.92 4.00 224808 0.00 557.00 1058.42
11.93 2.97 35.39 345.92 4.00 224818 0.00 557.00 1058.77
11.93 2.97 35.39 346.03 4.00 224828 0.00 557.35 1059.11
11.93 2.97 35.39 346.14 4.00 224838 0.00 557.70 1059.48
11.93 2.85 34.04 346.14 4.00 224848 0.00 557.70 1059.82
11.93 2.85 34.04 346.25 4.00 224858 0.00 558.04 1060.15
11.93 2.85 34.04 346.25 4.00 224868 0.00 558.04 1060.49
11.93 2.85 34.04 346.36 4.00 224878 0.00 558.39 1060.84
11.93 2.85 34.04 346.46 4.00 224888 0.00 558.74 1061.18
11.93 2.85 34.04 346.57 4.00 224898 0.00 559.09 1061.51
11.93 2.85 34.04 346.68 4.00 224908 0.00 559.44 1061.87
11.93 2.85 34.04 346.68 4.00 224918 0.00 559.44 1062.20
11.93 2.85 34.04 346.79 4.00 224928 0.00 559.79 1062.54
11.93 2.85 34.04 346.90 4.00 224938 0.00 560.14 1062.87
11.93 2.85 34.04 347.01 4.00 224948 0.00 560.49 1063.23
11.93 2.85 34.04 347.01 4.00 224958 0.00 560.49 1063.56
11.93 2.85 34.04 347.11 4.00 224968 0.00 560.84 1063.89
11.93 2.85 34.04 347.11 4.00 224978 0.00 560.84 1064.25
11.95 2.56 30.61 347.22 4.00 224988 0.00 561.19 1064.56
11.95 2.56 30.61 347.22 4.00 224998 0.00 561.19 1064.86
11.95 2.56 30.61 347.33 4.00 225008 0.00 561.54 1065.16
11.95 2.56 30.61 347.33 4.00 225018 0.00 561.54 1065.48
11.95 2.56 30.61 347.44 4.00 225028 0.00 561.89 1065.78
11.95 2.56 30.61 347.44 4.00 225038 0.00 561.89 1066.08
11.95 2.56 30.61 347.55 4.00 225048 0.00 562.24 1066.38
11.95 2.56 30.61 347.66 4.00 225058 0.00 562.59 1066.70
11.95 2.56 30.61 347.66 4.00 225068 0.00 562.59 1067.00
11.95 2.56 30.61 347.77 4.00 225078 0.00 562.94 1067.30
11.95 2.56 30.61 347.87 4.00 225088 0.00 563.30 1067.62
11.95 2.56 30.61 347.87 4.00 225098 0.00 563.30 1067.92
11.95 2.56 30.61 347.98 4.00 225108 0.00 563.65 1068.22
11.95 2.56 30.61 348.09 4.00 225118 0.00 564.00 1068.52
11.94 2.73 32.63 348.09 4.00 225128 0.00 564.00 1068.86
11.94 2.73 32.63 348.20 4.00 225138 0.00 564.36 1069.18
11.94 2.73 32.63 348.31 4.00 225148 0.00 564.71 1069.50
11.94 2.73 32.63 348.42 4.00 225158 0.00 565.07 1069.84
11.94 2.73 32.63 348.42 4.00 225168 0.00 565.07 1070.16
11.94 2.73 32.63 348.42 4.00 225178 0.00 565.07 1070.48
11.94 2.73 32.63 348.53 4.00 225188 0.00 565.42 1070.80
11.94 2.73 32.63 348.53 4.00 225198 0.00 565.42 1071.14
11.94 2.73 32.63 348.64 4.00 225208 0.00 565.77 1071.46
11.94 2.73 32.63 348.64 4.00 225218 0.00 565.77 1071.78
11.94 2.73 32.63 348.75 4.00 225228 0.00 566.13 1072.12
11.94 2.73 32.63 348.86 4.00 225238 0.00 566.49 1072.45
11.94 2.73 32.63 348.75 4.00 225248 0.00 566.13 1072.77
11.94 2.73 32.63 348.97 4.00 225258 0.00 566.84 1073.09
11.94 2.62 31.24 348.97 4.00 225268 0.00 566.84 1073.42
11.94 2.62 31.24 349.08 4.00 225278 0.00 567.20 1073.73
11.94 2.62 31.24 349.08 4.00 225288 0.00 567.20 1074.04
11.94 2.62 31.24 349.19 4.00 225298 0.00 567.55 1074.34
11.94 2.62 31.24 349.30 4.00 225308 0.00 567.91 1074.67
11.94 2.62 31.24 349.30 4.00 225318 0.00 567.91 1074.98
11.94 2.62 31.24 349.41 4.00 225328 0.00 568.27 1075.28
11.94 2.62 31.24 349.41 4.00 225338 0.00 568.27 1075.61
11.94 2.62 31.24 349.52 4.00 225348 0.00 568.63 1075.92
11.94 2.62 31.24 349.63 4.00 225358 0.00 568.98 1076.22
11.94 2.62 31.24 349.63 4.00 225368 0.00 568.98 1076.53
11.94 2.62 31.24 349.63 4.00 225378 0.00 568.98 1076.86
11.94 2.62 31.24 349.74 4.00 225388 0.00 569.34 1077.16
11.94 2.62 31.24 349.85 4.00 225398 0.00 569.70 1077.47
11.95 2.34 27.91 349.85 4.00 225408 0.00 569.70 1077.79
11.95 2.34 27.91 349.96 4.00 225418 0.00 570.06 1078.07
11.95 2.34 27.91 349.96 4.00 225428 0.00 570.06 1078.34
11.95 2.34 27.91 350.07 4.00 225438 0.00 570.42 1078.61
11.95 2.34 27.91 350.07 4.00 225448 0.00 570.42 1078.91
11.95 2.34 27.91 350.07 4.00 225458 0.00 570.42 1079.18
11.95 2.34 27.91 350.18 4.00 225468 0.00 570.78 1079.45
11.95 2.34 27.91 350.29 4.00 225478 0.00 571.14 1079.75
11.95 2.34 27.91 350.29 4.00 225488 0.00 571.14 1080.02
11.95 2.34 27.91 350.29 4.00 225498 0.00 571.14 1080.29
11.95 2.34 27.91 350.40 4.00 225508 0.00 571.50 1080.57
11.95 2.34 27.91 350.51 4.00 225518 0.00 571.86 1080.86
11.95 2.34 27.91 350.51 4.00 225528 0.00 571.86 1081.13
11.95 2.34 27.91 350.62 4.00 225538 0.00 572.22 1081.41
11.95 2.34 27.91 350.62 4.00 225548 0.00 572.22 1081.68
11.95 2.41 28.81 350.73 4.00 225558 0.00 572.58 1081.99
11.95 2.41 28.81 350.73 4.00 225568 0.00 572.58 1082.27
11.95 2.41 28.81 350.84 4.00 225578 0.00 572.94 1082.55
11.95 2.41 28.81 350.84 4.00 225588 0.00 572.94 1082.85
11.95 2.41 28.81 350.84 4.00 225598 0.00 572.94 1083.13
11.95 2.41 28.81 350.95 4.00 225608 0.00 573.30 1083.42
11.95 2.41 28.81 351.06 4.00 225618 0.00 573.67 1083.70
11.95 2.41 28.81 351.06 4.00 225628 0.00 573.67 1084.00
11.95 2.41 28.81 351.06 4.00 225638 0.00 573.67 1084.28
11.95 2.41 28.81 351.17 4.00 225648 0.00 574.03 1084.57
11.95 2.41 28.81 351.17 4.00 225658 0.00 574.03 1084.87
11.95 2.41 28.81 351.28 4.00 225668 0.00 574.39 1085.15
11.95 2.41 28.81 351.40 4.00 225678 0.00 574.76 1085.43
11.95 2.41 28.81 351.40 4.00 225688 0.00 574.76 1085.72
11.95 2.44 29.10 351.51 4.00 225698 0.00 575.12 1086.02
11.95 2.44 29.10 351.51 4.00 225708 0.00 575.12 1086.31
11.95 2.44 29.10 351.51 4.00 225718 0.00 575.12 1086.59
11.95 2.44 29.10 351.73 4.00 225728 0.00 575.85 1086.90
11.95 2.44 29.10 351.73 4.00 225738 0.00 575.85 1087.18
11.95 2.44 29.10 351.73 4.00 225748 0.00 575.85 1087.47
11.95 2.44 29.10 351.84 4.00 225758 0.00 576.21 1087.75
11.95 2.44 29.10 351.95 4.00 225768 0.00 576.58 1088.06
11.95 2.44 29.10 351.95 4.00 225778 0.00 576.58 1088.34
11.95 2.44 29.10 351.95 4.00 225788 0.00 576.58 1088.63
11.95 2.44 29.10 352.06 4.00 225798 0.00 576.94 1088.93
11.95 2.44 29.10 352.06 4.00 225808 0.00 576.94 1089.22
11.95 2.44 29.10 352.06 4.00 225818 0.00 576.94 1089.50
11.95 2.44 29.10 352.06 4.00 225828 0.00 576.94 1089.79
11.96 2.16 25.86 352.17 4.00 225838 0.00 577.31 1090.08
11.96 2.16 25.86 352.17 4.00 225848 0.00 577.31 1090.33
11.96 2.16 25.86 352.29 4.00 225858 0.00 577.68 1090.58
11.96 2.16 25.86 352.29 4.00 225868 0.00 577.68 1090.85
11.96 2.16 25.86 352.40 4.00 225878 0.00 578.04 1091.11
11.96 2.16 25.86 352.51 4.00 225888 0.00 578.41 1091.36
11.96 2.16 25.86 352.40 4.00 225898 0.00 578.04 1091.62
11.96 2.16 25.86 352.51 4.00 225908 0.00 578.41 1091.89
11.96 2.16 25.86 352.62 4.00 225918 0.00 578.78 1092.14
11.96 2.16 25.86 352.62 4.00 225928 0.00 578.78 1092.39
11.96 2.16 25.86 352.62 4.00 225938 0.00 578.78 1092.65
11.96 2.16 25.86 352.73 4.00 225948 0.00 579.14 1092.92
11.96 2.16 25.86 352.85 4.00 225958 0.00 579.51 1093.17
11.96 2.16 25.86 352.96 4.00 225968 0.00 579.88 1093.43
11.96 2.15 25.66 352.85 4.00 225978 0.00 579.51 1093.70
11.96 2.15 25.66 352.96 4.00 225988 0.00 579.88 1093.95
11.96 2.15 25.66 352.96 4.00 225998 0.00 579.88 1094.20
11.96 2.15 25.66 353.07 4.00 226008 0.00 580.25 1094.45
11.96 2.15 25.66 353.07 4.00 226018 0.00 580.25 1094.72
11.96 2.15 25.66 353.07 4.00 226028 0.00 580.25 1094.97
11.96 2.15 25.66 353.18 4.00 226038 0.00 580.62 1095.23
11.96 2.15 25.66 353.18 4.00 226048 0.00 580.62 1095.49
11.96 2.15 25.66 353.18 4.00 226058 0.00 580.62 1095.75
11.96 2.15 25.66 353.29 4.00 226068 0.00 580.99 1096.00
11.96 2.15 25.66 353.29 4.00 226078 0.00 580.99 1096.25
11.96 2.15 25.66 353.41 4.00 226088 0.00 581.36 1096.52
11.96 2.15 25.66 353.41 4.00 226098 0.00 581.36 1096.77
11.96 2.15 25.66 353.52 4.00 226108 0.00 581.73 1097.02
11.96 2.25 26.91 353.52 4.00 226118 0.00 581.73 1097.28
11.95 2.25 26.91 353.63 4.00 226128 0.00 582.10 1097.56
11.95 2.25 26.91 353.63 4.00 226138 0.00 582.10 1097.82
11.95 2.25 26.91 353.74 4.00 226148 0.00 582.47 1098.09
11.95 2.25 26.91 353.74 4.00 226158 0.00 582.47 1098.37
11.95 2.25 26.91 353.86 4.00 226168 0.00 582.84 1098.63
11.95 2.25 26.91 353.97 4.00 226178 0.00 583.21 1098.90
11.95 2.25 26.91 353.97 4.00 226188 0.00 583.21 1099.16
11.95 2.25 26.91 353.97 4.00 226198 0.00 583.21 1099.44
11.95 2.25 26.91 353.97 4.00 226208 0.00 583.21 1099.71
11.95 2.25 26.91 353.97 4.00 226218 0.00 583.21 1099.97
11.95 2.25 26.91 354.08 4.00 226228 0.00 583.58 1100.24
11.95 2.25 26.91 354.08 4.00 226238 0.00 583.58 1100.52
11.95 2.25 26.91 354.08 4.00 226248 0.00 583.58 1100.78
11.95 2.25 26.91 354.20 4.00 226258 0.00 583.95 1101.05
11.96 2.07 24.73 354.20 4.00 226268 0.00 583.95 1101.30
11.96 2.07 24.73 354.20 4.00 226278 0.00 583.95 1101.55
11.96 2.07 24.73 354.31 4.00 226288 0.00 584.33 1101.79
11.96 2.07 24.73 354.31 4.00 226298 0.00 584.33 1102.03
11.96 2.07 24.73 354.42 4.00 226308 0.00 584.70 1102.29
11.96 2.07 24.73 354.42 4.00 226318 0.00 584.70 1102.53
11.96 2.07 24.73 354.53 4.00 226328 0.00 585.07 1102.78
11.96 2.07 24.73 354.53 4.00 226338 0.00 585.07 1103.04
11.96 2.07 24.73 354.65 4.00 226348 0.00 585.45 1103.28
11.96 2.07 24.73 354.65 4.00 226358 0.00 585.45 1103.52
11.96 2.07 24.73 354.76 4.00 226368 0.00 585.82 1103.76
11.96 2.07 24.73 354.76 4.00 226378 0.00 585.82 1104.02
11.96 2.07 24.73 354.87 4.00 226388 0.00 586.19 1104.26
11.96 2.07 24.73 354.87 4.00 226398 0.00 586.19 1104.51
11.97 1.88 22.51 354.99 4.00 226408 0.00 586.57 1104.75
11.97 1.88 22.51 354.87 4.00 226418 0.00 586.19 1104.97
11.97 1.88 22.51 354.87 4.00 226428 0.00 586.19 1105.19
11.97 1.88 22.51 354.99 4.00 226438 0.00 586.57 1105.41
11.97 1.88 22.51 354.99 4.00 226448 0.00 586.57 1105.65
11.97 1.88 22.51 355.10 4.00 226458 0.00 586.94 1105.87
11.97 1.88 22.51 355.10 4.00 226468 0.00 586.94 1106.09
11.97 1.88 22.51 355.10 4.00 226478 0.00 586.94 1106.33
11.97 1.88 22.51 355.10 4.00 226488 0.00 586.94 1106.55
11.97 1.88 22.51 355.10 4.00 226498 0.00 586.94 1106.77
11.97 1.88 22.51 355.21 4.00 226508 0.00 587.32 1106.99
11.97 1.88 22.51 355.33 4.00 226518 0.00 587.69 1107.22
11.97 1.88 22.51 355.33 4.00 226528 0.00 587.69 1107.44
11.97 1.88 22.51 355.33 4.00 226538 0.00 587.69 1107.67
11.96 2.06 24.67 355.44 4.00 226548 0.00 588.07 1107.91
11.96 2.06 24.67 355.44 4.00 226558 0.00 588.07 1108.16
11.96 2.06 24.67 355.56 4.00 226568 0.00 588.45 1108.40
11.96 2.06 24.67 355.56 4.00 226578 0.00 588.45 1108.64
11.96 2.06 24.67 355.67 4.00 226588 0.00 588.82 1108.90
11.96 2.06 24.67 355.67 4.00 226598 0.00 588.82 1109.14
11.96 2.06 24.67 355.78 4.00 226608 0.00 589.20 1109.38
11.96 2.06 24.67 355.78 4.00 226618 0.00 589.20 1109.64
11.96 2.06 24.67 355.67 4.00 226628 0.00 588.82 1109.88
11.96 2.06 24.67 355.78 4.00 226638 0.00 589.20 1110.12
11.96 2.06 24.67 355.90 4.00 226648 0.00 589.58 1110.37
11.96 2.06 24.67 355.90 4.00 226658 0.00 589.58 1110.63
11.96 2.06 24.67 356.01 4.00 226668 0.00 589.96 1110.87
11.96 2.06 24.67 355.90 4.00 226678 0.00 589.58 1111.11
11.96 1.99 23.86 355.90 4.00 226688 0.00 589.58 1111.37
11.96 1.99 23.86 356.01 4.00 226698 0.00 589.96 1111.60
11.96 1.99 23.86 356.01 4.00 226708 0.00 589.96 1111.83
11.96 1.99 23.86 356.13 4.00 226718 0.00 590.33 1112.07
11.96 1.99 23.86 356.13 4.00 226728 0.00 590.33 1112.32
11.96 1.99 23.86 356.24 4.00 226738 0.00 590.71 1112.55
11.96 1.99 23.86 356.24 4.00 226748 0.00 590.71 1112.79
11.96 1.99 23.86 356.35 4.00 226758 0.00 591.09 1113.04
11.96 1.99 23.86 356.24 4.00 226768 0.00 590.71 1113.27
11.96 1.99 23.86 356.35 4.00 226778 0.00 591.09 1113.50
11.96 1.99 23.86 356.35 4.00 226788 0.00 591.09 1113.74
11.96 1.99 23.86 356.35 4.00 226798 0.00 591.09 1113.99
11.96 1.99 23.86 356.47 4.00 226808 0.00 591.47 1114.22
11.96 1.99 23.86 356.47 4.00 226818 0.00 591.47 1114.46
11.96 1.72 20.58 356.47 4.00 226828 0.00 591.47 1114.70
11.97 1.72 20.60 356.58 4.00 226838 0.00 591.85 1114.90
11.97 1.72 20.60 356.58 4.00 226848 0.00 591.85 1115.11
11.97 1.72 20.60 356.58 4.00 226858 0.00 591.85 1115.31
11.97 1.72 20.60 356.58 4.00 226868 0.00 591.85 1115.52
11.97 1.72 20.60 356.70 4.00 226878 0.00 592.23 1115.73
11.97 1.72 20.60 356.70 4.00 226888 0.00 592.23 1115.93
11.97 1.72 20.60 356.81 4.00 226898 0.00 592.61 1116.13
11.97 1.72 20.60 356.81 4.00 226908 0.00 592.61 1116.35
11.97 1.72 20.60 356.81 4.00 226918 0.00 592.61 1116.55
11.97 1.72 20.60 356.81 4.00 226928 0.00 592.61 1116.75
11.97 1.72 20.60 356.93 4.00 226938 0.00 592.99 1116.97
11.97 1.72 20.60 356.93 4.00 226948 0.00 592.99 1117.17
11.97 1.72 20.60 357.04 4.00 226958 0.00 593.37 1117.37
11.97 1.72 20.60 357.04 4.00 226968 0.00 593.37 1117.57
11.97 1.85 22.11 357.04 4.00 226978 0.00 593.37 1117.80
11.97 1.85 22.11 357.16 4.00 226988 0.00 593.76 1118.02
11.97 1.85 22.11 357.16 4.00 226998 0.00 593.76 1118.24
11.97 1.85 22.11 357.16 4.00 227008 0.00 593.76 1118.47
11.97 1.85 22.11 357.27 4.00 227018 0.00 594.14 1118.68
11.97 1.85 22.11 357.27 4.00 227028 0.00 594.14 1118.90
11.97 1.85 22.11 357.27 4.00 227038 0.00 594.14 1119.12
11.97 1.85 22.11 357.27 4.00 227048 0.00 594.14 1119.35
11.97 1.85 22.11 357.39 4.00 227058 0.00 594.52 1119.57
11.97 1.85 22.11 357.39 4.00 227068 0.00 594.52 1119.79
11.97 1.85 22.11 357.27 4.00 227078 0.00 594.14 1120.02
11.97 1.85 22.11 357.50 4.00 227088 0.00 594.90 1120.23
11.97 1.85 22.11 357.50 4.00 227098 0.00 594.90 1120.45
11.97 1.85 22.11 357.50 4.00 227108 0.00 594.90 1120.67
11.96 1.89 22.65 357.62 4.00 227118 0.00 595.29 1120.90
11.96 1.89 22.65 357.62 4.00 227128 0.00 595.29 1121.13
11.96 1.89 22.65 357.62 4.00 227138 0.00 595.29 1121.35
11.96 1.89 22.65 357.73 4.00 227148 0.00 595.67 1121.57
11.96 1.89 22.65 357.73 4.00 227158 0.00 595.67 1121.81
11.96 1.89 22.65 357.73 4.00 227168 0.00 595.67 1122.03
11.96 1.89 22.65 357.73 4.00 227178 0.00 595.67 1122.25
11.96 1.89 22.65 357.85 4.00 227188 0.00 596.05 1122.49
11.96 1.89 22.65 357.85 4.00 227198 0.00 596.05 1122.71
11.96 1.89 22.65 357.85 4.00 227208 0.00 596.05 1122.93
11.96 1.89 22.65 357.96 4.00 227218 0.00 596.44 1123.16
11.96 1.89 22.65 357.96 4.00 227228 0.00 596.44 1123.39
11.96 1.89 22.65 357.96 4.00 227238 0.00 596.44 1123.62
11.96 1.89 22.65 357.96 4.00 227248 0.00 596.44 1123.84
11.97 1.67 19.95 357.96 4.00 227258 0.00 596.44 1124.05
11.97 1.67 19.95 357.96 4.00 227268 0.00 596.44 1124.26
11.97 1.67 19.95 358.08 4.00 227278 0.00 596.82 1124.45
11.97 1.67 19.95 358.08 4.00 227288 0.00 596.82 1124.65
11.97 1.67 19.95 358.19 4.00 227298 0.00 597.21 1124.86
11.97 1.67 19.95 358.19 4.00 227308 0.00 597.21 1125.05
11.97 1.67 19.95 358.19 4.00 227318 0.00 597.21 1125.25
11.97 1.67 19.95 358.19 4.00 227328 0.00 597.21 1125.45
11.97 1.67 19.95 358.31 4.00 227338 0.00 597.59 1125.66
11.97 1.67 19.95 358.31 4.00 227348 0.00 597.59 1125.85
11.97 1.67 19.95 358.42 4.00 227358 0.00 597.98 1126.05
11.97 1.67 19.95 358.42 4.00 227368 0.00 597.98 1126.24
11.97 1.67 19.95 358.42 4.00 227378 0.00 597.98 1126.45
11.97 1.67 19.95 358.54 4.00 227388 0.00 598.36 1126.65
11.97 1.61 19.27 358.54 4.00 227398 0.00 598.36 1126.84
11.97 1.61 19.27 358.54 4.00 227408 0.00 598.36 1127.05
11.97 1.61 19.27 358.54 4.00 227418 0.00 598.36 1127.23
11.97 1.61 19.27 358.65 4.00 227428 0.00 598.75 1127.42
11.97 1.61 19.27 358.65 4.00 227438 0.00 598.75 1127.61
11.97 1.61 19.27 358.65 4.00 227448 0.00 598.75 1127.81
11.97 1.61 19.27 358.65 4.00 227458 0.00 598.75 1128.00
11.97 1.61 19.27 358.65 4.00 227468 0.00 598.75 1128.19
11.97 1.61 19.27 358.77 4.00 227478 0.00 599.14 1128.39
11.97 1.61 19.27 358.77 4.00 227488 0.00 599.14 1128.58
11.97 1.61 19.27 358.77 4.00 227498 0.00 599.14 1128.77
11.97 1.61 19.27 358.77 4.00 227508 0.00 599.14 1128.96
11.97 1.61 19.27 358.77 4.00 227518 0.00 599.14 1129.16
11.97 1.61 19.27 358.89 4.00 227528 0.00 599.52 1129.35
11.97 1.77 21.19 358.89 4.00 227538 0.00 599.52 1129.54
11.97 1.77 21.19 359.00 4.00 227548 0.00 599.91 1129.75
11.97 1.77 21.19 359.00 4.00 227558 0.00 599.91 1129.97
11.97 1.77 21.19 359.00 4.00 227568 0.00 599.91 1130.18
11.97 1.77 21.19 359.12 4.00 227578 0.00 600.30 1130.39
11.97 1.77 21.19 359.12 4.00 227588 0.00 600.30 1130.61
11.97 1.77 21.19 359.12 4.00 227598 0.00 600.30 1130.82
11.97 1.77 21.19 359.12 4.00 227608 0.00 600.30 1131.03
11.97 1.77 21.19 359.12 4.00 227618 0.00 600.30 1131.24
11.97 1.77 21.19 359.23 4.00 227628 0.00 600.69 1131.46
11.97 1.77 21.19 359.12 4.00 227638 0.00 600.30 1131.67
11.97 1.77 21.19 359.23 4.00 227648 0.00 600.69 1131.87
11.97 1.77 21.19 359.23 4.00 227658 0.00 600.69 1132.10
11.97 1.77 21.19 359.35 4.00 227668 0.00 601.08 1132.30
11.97 1.77 21.19 359.23 4.00 227678 0.00 600.69 1132.51
11.97 1.67 19.99 359.23 4.00 227688 0.00 600.69 1132.71
11.97 1.67 19.99 359.35 4.00 227698 0.00 601.08 1132.92
11.97 1.67 19.99 359.35 4.00 227708 0.00 601.08 1133.11
11.97 1.67 19.99 359.35 4.00 227718 0.00 601.08 1133.31
11.97 1.67 19.99 359.35 4.00 227728 0.00 601.08 1133.51
11.97 1.67 19.99 359.47 4.00 227738 0.00 601.46 1133.72
11.97 1.67 19.99 359.47 4.00 227748 0.00 601.46 1133.91
11.97 1.67 19.99 359.47 4.00 227758 0.00 601.46 1134.11
11.97 1.67 19.99 359.58 4.00 227768 0.00 601.85 1134.32
11.97 1.67 19.99 359.58 4.00 227778 0.00 601.85 1134.52
11.97 1.67 19.99 359.58 4.00 227788 0.00 601.85 1134.71
11.97 1.67 19.99 359.70 4.00 227798 0.00 602.24 1134.91
11.97 1.67 19.99 359.70 4.00 227808 0.00 602.24 1135.12
11.97 1.67 19.99 359.70 4.00 227818 0.00 602.24 1135.31
11.98 1.42 16.99 359.82 4.00 227828 0.00 602.63 1135.49
11.98 1.42 16.99 359.82 4.00 227838 0.00 602.63 1135.67
11.98 1.42 16.99 359.82 4.00 227848 0.00 602.63 1135.84
11.98 1.42 16.99 359.82 4.00 227858 0.00 602.63 1136.00
11.98 1.42 16.99 359.82 4.00 227868 0.00 602.63 1136.17
11.98 1.42 16.99 359.82 4.00 227878 0.00 602.63 1136.35
11.98 1.42 16.99 359.82 4.00 227888 0.00 602.63 1136.51
11.98 1.42 16.99 359.82 4.00 227898 0.00 602.63 1136.68
11.98 1.42 16.99 359.93 4.00 227908 0.00 603.02 1136.85
11.98 1.42 16.99 359.93 4.00 227918 0.00 603.02 1137.03
11.98 1.42 16.99 360.05 4.00 227928 0.00 603.41 1137.19
11.98 1.42 16.99 359.93 4.00 227938 0.00 603.02 1137.36
11.98 1.42 16.99 360.05 4.00 227948 0.00 603.41 1137.54
11.98 1.42 16.99 360.17 4.00 227958 0.00 603.81 1137.70
11.97 1.63 19.46 360.17 4.00 227968 0.00 603.81 1137.88
11.97 1.63 19.46 360.17 4.00 227978 0.00 603.81 1138.07
11.97 1.63 19.46 360.17 4.00 227988 0.00 603.81 1138.28
11.97 1.63 19.46 360.17 4.00 227998 0.00 603.81 1138.47
11.97 1.63 19.46 360.28 4.00 228008 0.00 604.20 1138.66
11.97 1.63 19.46 360.28 4.00 228018 0.00 604.20 1138.86
11.97 1.63 19.46 360.28 4.00 228028 0.00 604.20 1139.05
11.97 1.63 19.46 360.40 4.00 228038 0.00 604.59 1139.24
11.97 1.63 19.46 360.40 4.00 228048 0.00 604.59 1139.44
11.97 1.63 19.46 360.40 4.00 228058 0.00 604.59 1139.64
11.97 1.63 19.46 360.40 4.00 228068 0.00 604.59 1139.83
11.97 1.63 19.46 360.40 4.00 228078 0.00 604.59 1140.02
11.97 1.63 19.46 360.40 4.00 228088 0.00 604.59 1140.22
11.97 1.63 19.46 360.40 4.00 228098 0.00 604.59 1140.42
11.97 1.63 19.46 360.40 4.00 228108 0.00 604.59 1140.61
11.97 1.63 19.46 360.40 4.00 228118 0.00 604.59 1140.80
11.97 1.63 19.46 360.52 4.00 228128 0.00 604.98 1141.00
11.97 1.63 19.46 360.52 4.00 228138 0.00 604.98 1141.19
11.97 1.63 19.46 360.63 4.00 228148 0.00 605.37 1141.38
11.97 1.63 19.46 360.63 4.00 228158 0.00 605.37 1141.59
11.97 1.63 19.46 360.63 4.00 228168 0.00 605.37 1141.78
11.97 1.63 19.46 360.63 4.00 228178 0.00 605.37 1141.97
11.97 1.63 19.46 360.63 4.00 228188 0.00 605.37 1142.16
11.97 1.63 19.46 360.75 4.00 228198 0.00 605.77 1142.36
11.97 1.63 19.46 360.75 4.00 228208 0.00 605.77 1142.56
11.97 1.63 19.46 360.75 4.00 228218 0.00 605.77 1142.75
11.97 1.63 19.46 360.75 4.00 228228 0.00 605.77 1142.95
11.97 1.63 19.46 360.75 4.00 228238 0.00 605.77 1143.14
11.97 1.39 16.66 360.87 4.00 228248 0.00 606.16 1143.33
11.98 1.39 16.67 360.87 4.00 228258 0.00 606.16 1143.49
11.98 1.39 16.67 360.87 4.00 228268 0.00 606.16 1143.67
11.98 1.39 16.67 360.87 4.00 228278 0.00 606.16 1143.83
11.98 1.39 16.67 360.87 4.00 228288 0.00 606.16 1144.00
11.98 1.39 16.67 360.87 4.00 228298 0.00 606.16 1144.16
11.98 1.39 16.67 360.87 4.00 228308 0.00 606.16 1144.33
11.98 1.39 16.67 360.98 4.00 228318 0.00 606.56 1144.50
11.98 1.39 16.67 360.98 4.00 228328 0.00 606.56 1144.66
11.98 1.39 16.67 360.98 4.00 228338 0.00 606.56 1144.84
11.98 1.39 16.67 361.10 4.00 228348 0.00 606.95 1145.00
11.98 1.39 16.67 360.98 4.00 228358 0.00 606.56 1145.16
11.98 1.39 16.67 361.10 4.00 228368 0.00 606.95 1145.33
11.98 1.39 16.67 361.22 4.00 228378 0.00 607.34 1145.50
11.98 1.39 16.67 361.22 4.00 228388 0.00 607.34 1145.66
11.98 1.41 16.86 361.22 4.00 228398 0.00 607.34 1145.83
11.98 1.41 16.86 361.22 4.00 228408 0.00 607.34 1146.01
11.98 1.41 16.86 361.22 4.00 228418 0.00 607.34 1146.17
11.98 1.41 16.86 361.22 4.00 228428 0.00 607.34 1146.34
11.98 1.41 16.86 361.22 4.00 228438 0.00 607.34 1146.50
11.98 1.41 16.86 361.22 4.00 228448 0.00 607.34 1146.68
11.98 1.41 16.86 361.34 4.00 228458 0.00 607.74 1146.85
11.98 1.41 16.86 361.34 4.00 228468 0.00 607.74 1147.01
11.98 1.41 16.86 361.34 4.00 228478 0.00 607.74 1147.18
11.98 1.41 16.86 361.34 4.00 228488 0.00 607.74 1147.35
11.98 1.41 16.86 361.34 4.00 228498 0.00 607.74 1147.52
11.98 1.41 16.86 361.34 4.00 228508 0.00 607.74 1147.68
11.98 1.41 16.86 361.45 4.00 228518 0.00 608.13 1147.86
11.98 1.41 16.86 361.45 4.00 228528 0.00 608.13 1148.03
11.97 1.56 18.66 361.45 4.00 228538 0.00 608.13 1148.20
11.97 1.56 18.66 361.57 4.00 228548 0.00 608.53 1148.39
11.97 1.56 18.66 361.57 4.00 228558 0.00 608.53 1148.58
11.97 1.56 18.66 361.45 4.00 228568 0.00 608.13 1148.77
11.97 1.56 18.66 361.57 4.00 228578 0.00 608.53 1148.95
11.97 1.56 18.66 361.69 4.00 228588 0.00 608.93 1149.13
11.97 1.56 18.66 361.69 4.00 228598 0.00 608.93 1149.33
11.97 1.56 18.66 361.69 4.00 228608 0.00 608.93 1149.51
11.97 1.56 18.66 361.69 4.00 228618 0.00 608.93 1149.70
11.97 1.56 18.66 361.57 4.00 228628 0.00 608.53 1149.89
11.97 1.56 18.66 361.69 4.00 228638 0.00 608.93 1150.07
11.97 1.56 18.66 361.69 4.00 228648 0.00 608.93 1150.26
11.97 1.56 18.66 361.69 4.00 228658 0.00 608.93 1150.44
11.97 1.56 18.66 361.69 4.00 228668 0.00 608.93 1150.64
11.98 1.42 16.95 361.81 4.00 228678 0.00 609.32 1150.81
11.98 1.42 16.95 361.81 4.00 228688 0.00 609.32 1150.98
11.98 1.42 16.95 361.69 4.00 228698 0.00 608.93 1151.15
11.98 1.42 16.95 361.81 4.00 228708 0.00 609.32 1151.32
11.98 1.42 16.95 361.81 4.00 228718 0.00 609.32 1151.49
11.98 1.42 16.95 361.93 4.00 228728 0.00 609.72 1151.65
11.98 1.42 16.95 361.93 4.00 228738 0.00 609.72 1151.83
11.98 1.42 16.95 361.93 4.00 228748 0.00 609.72 1152.00
11.98 1.42 16.95 362.04 4.00 228758 0.00 610.12 1152.16
11.98 1.42 16.95 362.04 4.00 228768 0.00 610.12 1152.33
11.98 1.42 16.95 362.04 4.00 228778 0.00 610.12 1152.51
11.98 1.42 16.95 362.04 4.00 228788 0.00 610.12 1152.68
11.98 1.42 16.95 362.04 4.00 228798 0.00 610.12 1152.84
11.98 1.42 16.95 362.04 4.00 228808 0.00 610.12 1153.02
11.99 1.23 14.79 362.04 4.00 228818 0.00 610.12 1153.18
11.99 1.23 14.79 362.04 4.00 228828 0.00 610.12 1153.32
11.99 1.23 14.79 362.04 4.00 228838 0.00 610.12 1153.47
11.99 1.23 14.79 362.16 4.00 228848 0.00 610.52 1153.62
11.99 1.23 14.79 362.16 4.00 228858 0.00 610.52 1153.77
11.99 1.23 14.79 362.16 4.00 228868 0.00 610.52 1153.92
11.99 1.23 14.79 362.16 4.00 228878 0.00 610.52 1154.07
11.99 1.23 14.79 362.16 4.00 228888 0.00 610.52 1154.22
11.99 1.23 14.79 362.16 4.00 228898 0.00 610.52 1154.36
11.99 1.23 14.79 362.16 4.00 228908 0.00 610.52 1154.51
11.99 1.23 14.79 362.16 4.00 228918 0.00 610.52 1154.66
11.99 1.23 14.79 362.28 4.00 228928 0.00 610.91 1154.81
11.99 1.23 14.79 362.28 4.00 228938 0.00 610.91 1154.95
11.99 1.23 14.79 362.28 4.00 228948 0.00 610.91 1155.11
11.99 1.09 13.06 362.28 4.00 228958 0.00 610.91 1155.25
11.99 1.09 13.06 362.28 4.00 228968 0.00 610.91 1155.38
11.99 1.09 13.06 362.28 4.00 228978 0.00 610.91 1155.51
11.99 1.09 13.06 362.40 4.00 228988 0.00 611.31 1155.64
11.99 1.09 13.06 362.28 4.00 228998 0.00 610.91 1155.77
11.99 1.09 13.06 362.40 4.00 229008 0.00 611.31 1155.90
11.99 1.09 13.06 362.28 4.00 229018 0.00 610.91 1156.03
11.99 1.09 13.06 362.40 4.00 229028 0.00 611.31 1156.16
11.99 1.09 13.06 362.28 4.00 229038 0.00 610.91 1156.29
11.99 1.09 13.06 362.28 4.00 229048 0.00 610.91 1156.42
11.99 1.09 13.06 362.16 4.00 229058 0.00 610.52 1156.56
11.99 1.09 13.06 362.16 4.00 229068 0.00 610.52 1156.69
11.99 1.09 13.06 362.16 4.00 229078 0.00 610.52 1156.81
11.99 1.09 13.06 362.28 4.00 229088 0.00 610.91 1156.95
11.99 1.09 13.06 362.16 4.00 229098 0.00 610.52 1157.08
12.02 0.05 0.59 362.16 4.00 229108 0.00 610.52 1157.10
12.02 0.05 0.59 362.16 4.00 229118 0.00 610.52 1157.11
12.02 0.05 0.59 362.16 4.00 229128 0.00 610.52 1157.11
12.02 0.05 0.59 362.04 4.00 229138 0.00 610.12 1157.12
12.02 0.05 0.59 362.04 4.00 229148 0.00 610.12 1157.12
12.02 0.05 0.59 362.04 4.00 229158 0.00 610.12 1157.13
12.02 0.05 0.59 362.04 4.00 229168 0.00 610.12 1157.14
12.02 0.05 0.59 361.93 4.00 229178 0.00 609.72 1157.14
12.02 0.05 0.59 362.04 4.00 229188 0.00 610.12 1157.15
12.02 0.05 0.59 362.04 4.00 229198 0.00 610.12 1157.15
12.02 0.05 0.59 361.93 4.00 229208 0.00 609.72 1157.16
12.02 0.05 0.59 361.93 4.00 229218 0.00 609.72 1157.16
12.02 0.05 0.59 361.93 4.00 229228 0.00 609.72 1157.17
12.02 0.05 0.59 361.81 4.00 229238 0.00 609.32 1157.18
12.02 0.04 0.47 361.81 4.00 229248 0.00 609.32 1157.18
12.02 0.04 0.47 361.81 4.00 229258 0.00 609.32 1157.19
12.02 0.04 0.47 361.81 4.00 229268 0.00 609.32 1157.19
12.02 0.04 0.47 361.69 4.00 229278 0.00 608.93 1157.20
12.02 0.04 0.47 361.69 4.00 229288 0.00 608.93 1157.20
12.02 0.04 0.47 361.69 4.00 229298 0.00 608.93 1157.20
12.02 0.04 0.47 361.57 4.00 229308 0.00 608.53 1157.21
12.02 0.04 0.47 361.57 4.00 229318 0.00 608.53 1157.21
12.02 0.04 0.47 361.57 4.00 229328 0.00 608.53 1157.22
12.02 0.04 0.47 361.57 4.00 229338 0.00 608.53 1157.22
12.02 0.04 0.47 361.57 4.00 229348 0.00 608.53 1157.23
12.02 0.04 0.47 361.57 4.00 229358 0.00 608.53 1157.23
12.02 0.04 0.47 361.57 4.00 229368 0.00 608.53 1157.24
12.02 0.04 0.47 361.57 4.00 229378 0.00 608.53 1157.24
12.02 0.04 0.47 361.57 4.00 229388 0.00 608.53 1157.25
12.02 0.04 0.47 361.45 4.00 229398 0.00 608.13 1157.25
12.02 0.04 0.47 361.45 4.00 229408 0.00 608.13 1157.26
12.02 0.04 0.47 361.34 4.00 229418 0.00 607.74 1157.26
12.02 0.04 0.47 361.34 4.00 229428 0.00 607.74 1157.27
12.02 0.04 0.47 361.34 4.00 229438 0.00 607.74 1157.27
12.02 0.04 0.47 361.34 4.00 229448 0.00 607.74 1157.28
12.02 0.04 0.47 361.22 4.00 229458 0.00 607.34 1157.28
12.02 0.04 0.47 361.22 4.00 229468 0.00 607.34 1157.28
12.02 0.04 0.47 361.22 4.00 229478 0.00 607.34 1157.29
12.02 0.04 0.47 361.22 4.00 229488 0.00 607.34 1157.29
12.02 0.04 0.47 361.22 4.00 229498 0.00 607.34 1157.30
12.02 0.04 0.47 361.10 4.00 229508 0.00 606.95 1157.30
12.02 0.04 0.47 361.10 4.00 229518 0.00 606.95 1157.31
12.02 0.04 0.47 361.10 4.00 229528 0.00 606.95 1157.31
12.02 0.04 0.47 361.10 4.00 229538 0.00 606.95 1157.32
12.02 0.04 0.47 361.10 4.00 229548 0.00 606.95 1157.32
12.02 0.04 0.47 361.10 4.00 229558 0.00 606.95 1157.33
12.02 0.04 0.47 361.10 4.00 229568 0.00 606.95 1157.33
12.02 0.04 0.47 360.98 4.00 229578 0.00 606.56 1157.34
12.02 0.04 0.47 360.98 4.00 229588 0.00 606.56 1157.34
12.02 0.04 0.47 360.87 4.00 229598 0.00 606.16 1157.35
12.02 0.04 0.47 360.87 4.00 229608 0.00 606.16 1157.35
12.02 0.04 0.47 360.87 4.00 229618 0.00 606.16 1157.36
12.02 0.04 0.47 360.87 4.00 229628 0.00 606.16 1157.36
12.02 0.04 0.47 360.87 4.00 229638 0.00 606.16 1157.36
12.02 0.04 0.47 360.75 4.00 229648 0.00 605.77 1157.37
12.02 0.04 0.47 360.87 4.00 229658 0.00 606.16 1157.37
12.02 0.04 0.47 360.75 4.00 229668 0.00 605.77 1157.38
12.02 0.04 0.47 360.75 4.00 229678 0.00 605.77 1157.38
12.02 0.04 0.47 360.63 4.00 229688 0.00 605.37 1157.39
12.02 0.04 0.47 360.63 4.00 229698 0.00 605.37 1157.39
12.02 0.04 0.47 360.63 4.00 229708 0.00 605.37 1157.40
12.02 0.04 0.47 360.63 4.00 229718 0.00 605.37 1157.40
12.02 0.04 0.47 360.63 4.00 229728 0.00 605.37 1157.41
12.02 0.04 0.47 360.63 4.00 229738 0.00 605.37 1157.41
12.02 0.04 0.47 360.63 4.00 229748 0.00 605.37 1157.42
12.02 0.04 0.47 360.52 4.00 229758 0.00 604.98 1157.42
12.02 0.04 0.47 360.52 4.00 229768 0.00 604.98 1157.43
12.02 0.04 0.47 360.52 4.00 229778 0.00 604.98 1157.43
12.02 0.04 0.47 360.52 4.00 229788 0.00 604.98 1157.44
12.02 0.04 0.47 360.40 4.00 229798 0.00 604.59 1157.44
12.02 0.04 0.47 360.40 4.00 229808 0.00 604.59 1157.45
12.02 0.04 0.47 360.40 4.00 229818 0.00 604.59 1157.45
12.02 0.04 0.47 360.40 4.00 229828 0.00 604.59 1157.45
12.02 0.04 0.47 360.28 4.00 229838 0.00 604.20 1157.46
12.02 0.04 0.47 360.28 4.00 229848 0.00 604.20 1157.46
12.02 0.04 0.47 360.28 4.00 229858 0.00 604.20 1157.47
12.02 0.04 0.47 360.28 4.00 229868 0.00 604.20 1157.47
12.02 0.04 0.47 360.17 4.00 229878 0.00 603.81 1157.48
12.02 0.04 0.47 360.17 4.00 229888 0.00 603.81 1157.48
12.02 0.04 0.47 360.17 4.00 229898 0.00 603.81 1157.49
12.02 0.04 0.47 360.17 4.00 229908 0.00 603.81 1157.49
12.02 0.04 0.47 360.05 4.00 229918 0.00 603.41 1157.50
12.02 0.04 0.47 360.05 4.00 229928 0.00 603.41 1157.50
12.02 0.04 0.47 360.05 4.00 229938 0.00 603.41 1157.51
12.02 0.04 0.47 360.05 4.00 229948 0.00 603.41 1157.51
12.02 0.04 0.47 360.05 4.00 229958 0.00 603.41 1157.52
12.02 0.04 0.47 359.93 4.00 229968 0.00 603.02 1157.52
12.02 0.04 0.47 359.93 4.00 229978 0.00 603.02 1157.53
12.02 0.04 0.47 359.93 4.00 229988 0.00 603.02 1157.53
12.02 0.04 0.47 359.93 4.00 229998 0.00 603.02 1157.53
12.02 0.04 0.47 359.82 4.00 230008 0.00 602.63 1157.54
12.02 0.04 0.47 359.82 4.00 230018 0.00 602.63 1157.54
12.02 0.04 0.47 359.82 4.00 230028 0.00 602.63 1157.55
12.02 0.04 0.47 359.82 4.00 230038 0.00 602.63 1157.55
12.02 0.04 0.47 359.82 4.00 230048 0.00 602.63 1157.56
12.02 0.04 0.47 359.70 4.00 230058 0.00 602.24 1157.56
12.02 0.04 0.47 359.70 4.00 230068 0.00 602.24 1157.57
12.02 0.04 0.47 359.58 4.00 230078 0.00 601.85 1157.57
12.02 0.04 0.47 359.70 4.00 230088 0.00 602.24 1157.58
12.02 0.04 0.47 359.70 4.00 230098 0.00 602.24 1157.58
12.02 0.04 0.47 359.58 4.00 230108 0.00 601.85 1157.59
12.02 0.04 0.47 359.58 4.00 230118 0.00 601.85 1157.59
12.02 0.04 0.47 359.58 4.00 230128 0.00 601.85 1157.60
12.02 0.04 0.47 359.58 4.00 230138 0.00 601.85 1157.60
12.02 0.04 0.47 359.58 4.00 230148 0.00 601.85 1157.60
12.02 0.04 0.47 359.58 4.00 230158 0.00 601.85 1157.61
12.02 0.04 0.47 359.58 4.00 230168 0.00 601.85 1157.61
12.02 0.04 0.47 359.58 4.00 230178 0.00 601.85 1157.62
12.02 0.04 0.47 359.58 4.00 230188 0.00 601.85 1157.62
12.02 0.04 0.47 359.47 4.00 230198 0.00 601.46 1157.63
12.02 0.04 0.47 359.47 4.00 230208 0.00 601.46 1157.63
12.02 0.04 0.47 359.35 4.00 230218 0.00 601.08 1157.64
12.02 0.04 0.47 359.35 4.00 230228 0.00 601.08 1157.64
12.02 0.04 0.47 359.35 4.00 230238 0.00 601.08 1157.65
12.02 0.04 0.47 359.35 4.00 230248 0.00 601.08 1157.65
12.02 0.04 0.47 359.23 4.00 230258 0.00 600.69 1157.66
12.02 0.04 0.47 359.23 4.00 230268 0.00 600.69 1157.66
12.02 0.04 0.47 359.23 4.00 230278 0.00 600.69 1157.67
12.02 0.04 0.47 359.12 4.00 230288 0.00 600.30 1157.67
12.02 0.04 0.47 359.12 4.00 230298 0.00 600.30 1157.68
12.02 0.04 0.47 359.12 4.00 230308 0.00 600.30 1157.68
12.02 0.04 0.47 359.12 4.00 230318 0.00 600.30 1157.68
12.02 0.04 0.47 359.00 4.00 230328 0.00 599.91 1157.69
12.02 0.04 0.47 359.12 4.00 230338 0.00 600.30 1157.69
12.02 0.04 0.47 359.00 4.00 230348 0.00 599.91 1157.70
12.02 0.04 0.47 359.00 4.00 230358 0.00 599.91 1157.70
12.02 0.04 0.47 359.00 4.00 230368 0.00 599.91 1157.71
12.02 0.04 0.47 359.00 4.00 230378 0.00 599.91 1157.71
12.02 0.04 0.47 359.00 4.00 230388 0.00 599.91 1157.72
12.02 0.04 0.47 359.00 4.00 230398 0.00 599.91 1157.72
12.02 0.04 0.47 358.89 4.00 230408 0.00 599.52 1157.73
12.02 0.04 0.47 358.89 4.00 230418 0.00 599.52 1157.73
12.02 0.04 0.47 358.89 4.00 230428 0.00 599.52 1157.74
12.02 0.04 0.47 358.77 4.00 230438 0.00 599.14 1157.74
12.02 0.04 0.47 358.89 4.00 230448 0.00 599.52 1157.75
12.02 0.04 0.47 358.77 4.00 230458 0.00 599.14 1157.75
12.02 0.04 0.47 358.77 4.00 230468 0.00 599.14 1157.76
12.02 0.04 0.47 358.65 4.00 230478 0.00 598.75 1157.76
12.02 0.04 0.47 358.65 4.00 230488 0.00 598.75 1157.77
12.02 0.04 0.47 358.54 4.00 230498 0.00 598.36 1157.77
12.02 0.04 0.47 358.65 4.00 230508 0.00 598.75 1157.77
12.02 0.04 0.47 358.65 4.00 230518 0.00 598.75 1157.78
12.02 0.04 0.47 358.54 4.00 230528 0.00 598.36 1157.78
12.02 0.04 0.47 358.54 4.00 230538 0.00 598.36 1157.79
12.02 0.04 0.47 358.54 4.00 230548 0.00 598.36 1157.79
12.02 0.04 0.47 358.54 4.00 230558 0.00 598.36 1157.80
12.02 0.04 0.47 358.42 4.00 230568 0.00 597.98 1157.80
12.02 0.04 0.47 358.42 4.00 230578 0.00 597.98 1157.81
12.02 0.04 0.47 358.42 4.00 230588 0.00 597.98 1157.81
12.02 0.04 0.47 358.42 4.00 230598 0.00 597.98 1157.82
12.02 0.04 0.47 358.31 4.00 230608 0.00 597.59 1157.82
12.02 0.04 0.47 358.31 4.00 230618 0.00 597.59 1157.83
12.02 0.04 0.47 358.31 4.00 230628 0.00 597.59 1157.83
12.02 0.04 0.47 358.31 4.00 230638 0.00 597.59 1157.84
12.02 0.04 0.47 358.31 4.00 230648 0.00 597.59 1157.84
12.02 0.04 0.47 358.31 4.00 230658 0.00 597.59 1157.85
12.02 0.04 0.47 358.19 4.00 230668 0.00 597.21 1157.85
12.02 0.04 0.47 358.19 4.00 230678 0.00 597.21 1157.85
12.02 0.04 0.47 358.19 4.00 230688 0.00 597.21 1157.86
12.02 0.04 0.47 358.08 4.00 230698 0.00 596.82 1157.86
12.02 0.04 0.47 358.08 4.00 230708 0.00 596.82 1157.87
12.02 0.04 0.47 358.08 4.00 230718 0.00 596.82 1157.87
12.02 0.04 0.47 358.08 4.00 230728 0.00 596.82 1157.88
12.02 0.04 0.47 358.08 4.00 230738 0.00 596.82 1157.88
12.02 0.04 0.47 358.08 4.00 230748 0.00 596.82 1157.89
12.02 0.04 0.47 358.08 4.00 230758 0.00 596.82 1157.89
12.02 0.04 0.47 357.96 4.00 230768 0.00 596.44 1157.90
12.02 0.04 0.47 357.96 4.00 230778 0.00 596.44 1157.90
12.02 0.04 0.47 357.96 4.00 230788 0.00 596.44 1157.91
12.02 0.04 0.47 357.85 4.00 230798 0.00 596.05 1157.91
12.02 0.04 0.47 357.96 4.00 230808 0.00 596.44 1157.92
12.02 0.04 0.47 357.85 4.00 230818 0.00 596.05 1157.92
12.02 0.04 0.47 357.85 4.00 230828 0.00 596.05 1157.93
12.02 0.04 0.47 357.85 4.00 230838 0.00 596.05 1157.93
12.02 0.04 0.47 357.73 4.00 230848 0.00 595.67 1157.93
12.02 0.04 0.47 357.73 4.00 230858 0.00 595.67 1157.94
12.02 0.04 0.47 357.73 4.00 230868 0.00 595.67 1157.94
12.02 0.04 0.47 357.73 4.00 230878 0.00 595.67 1157.95
12.02 0.04 0.47 357.73 4.00 230888 0.00 595.67 1157.95
12.02 0.04 0.47 357.62 4.00 230898 0.00 595.29 1157.96
12.02 0.04 0.47 357.62 4.00 230908 0.00 595.29 1157.96
12.02 0.04 0.47 357.62 4.00 230918 0.00 595.29 1157.97
12.02 0.04 0.47 357.62 4.00 230928 0.00 595.29 1157.97
12.02 0.04 0.47 357.62 4.00 230938 0.00 595.29 1157.98
12.02 0.04 0.47 357.50 4.00 230948 0.00 594.90 1157.98
12.02 0.04 0.47 357.50 4.00 230958 0.00 594.90 1157.99
12.02 0.04 0.47 357.39 4.00 230968 0.00 594.52 1157.99
12.02 0.04 0.47 357.50 4.00 230978 0.00 594.90 1158.00
12.02 0.04 0.47 357.39 4.00 230988 0.00 594.52 1158.00
12.02 0.04 0.47 357.39 4.00 230998 0.00 594.52 1158.01
12.02 0.04 0.47 357.39 4.00 231008 0.00 594.52 1158.01
12.02 0.04 0.47 357.39 4.00 231018 0.00 594.52 1158.01
12.02 0.04 0.47 357.27 4.00 231028 0.00 594.14 1158.02
12.02 0.04 0.47 357.27 4.00 231038 0.00 594.14 1158.02
12.02 0.04 0.47 357.27 4.00 231048 0.00 594.14 1158.03
12.02 0.04 0.47 357.16 4.00 231058 0.00 593.76 1158.03
12.02 0.04 0.47 357.16 4.00 231068 0.00 593.76 1158.04
12.02 0.04 0.47 357.16 4.00 231078 0.00 593.76 1158.04
12.02 0.04 0.47 357.16 4.00 231088 0.00 593.76 1158.05
12.02 0.04 0.47 357.04 4.00 231098 0.00 593.37 1158.05
12.02 0.04 0.47 357.16 4.00 231108 0.00 593.76 1158.06
12.02 0.04 0.47 357.16 4.00 231118 0.00 593.76 1158.06
12.02 0.04 0.47 357.04 4.00 231128 0.00 593.37 1158.07
12.02 0.04 0.47 357.04 4.00 231138 0.00 593.37 1158.07
12.02 0.04 0.47 357.04 4.00 231148 0.00 593.37 1158.08
12.02 0.04 0.47 357.04 4.00 231158 0.00 593.37 1158.08
12.02 0.04 0.47 357.04 4.00 231168 0.00 593.37 1158.09
12.02 0.04 0.47 357.04 4.00 231178 0.00 593.37 1158.09
12.02 0.04 0.47 356.93 4.00 231188 0.00 592.99 1158.09
12.02 0.04 0.47 356.93 4.00 231198 0.00 592.99 1158.10
12.02 0.04 0.47 356.93 4.00 231208 0.00 592.99 1158.10
12.02 0.04 0.47 356.81 4.00 231218 0.00 592.61 1158.11
12.02 0.04 0.47 356.93 4.00 231228 0.00 592.99 1158.11
12.02 0.04 0.47 356.81 4.00 231238 0.00 592.61 1158.12
12.02 0.04 0.47 356.70 4.00 231248 0.00 592.23 1158.12
12.02 0.04 0.47 356.70 4.00 231258 0.00 592.23 1158.13
12.02 0.04 0.47 356.70 4.00 231268 0.00 592.23 1158.13
12.02 0.04 0.47 356.70 4.00 231278 0.00 592.23 1158.14
12.02 0.04 0.47 356.70 4.00 231288 0.00 592.23 1158.14
12.02 0.04 0.47 356.58 4.00 231298 0.00 591.85 1158.15
12.02 0.04 0.47 356.70 4.00 231308 0.00 592.23 1158.15
12.02 0.04 0.47 356.58 4.00 231318 0.00 591.85 1158.16
12.02 0.04 0.47 356.58 4.00 231328 0.00 591.85 1158.16
12.02 0.04 0.47 356.58 4.00 231338 0.00 591.85 1158.17
12.02 0.04 0.47 356.58 4.00 231348 0.00 591.85 1158.17
12.02 0.04 0.47 356.58 4.00 231358 0.00 591.85 1158.17
12.02 0.04 0.47 356.58 4.00 231368 0.00 591.85 1158.18
12.02 0.04 0.47 356.58 4.00 231378 0.00 591.85 1158.18
12.02 0.04 0.47 356.47 4.00 231388 0.00 591.47 1158.19
12.02 0.04 0.47 356.47 4.00 231398 0.00 591.47 1158.19
12.02 0.04 0.47 356.47 4.00 231408 0.00 591.47 1158.20
12.02 0.04 0.47 356.35 4.00 231418 0.00 591.09 1158.20
12.02 0.04 0.47 356.35 4.00 231428 0.00 591.09 1158.21
12.02 0.04 0.47 356.35 4.00 231438 0.00 591.09 1158.21
12.02 0.04 0.47 356.24 4.00 231448 0.00 590.71 1158.22
12.02 0.04 0.47 356.24 4.00 231458 0.00 590.71 1158.22
12.02 0.04 0.47 356.24 4.00 231468 0.00 590.71 1158.23
12.02 0.04 0.47 356.13 4.00 231478 0.00 590.33 1158.23
12.02 0.04 0.47 356.13 4.00 231488 0.00 590.33 1158.24
12.02 0.04 0.47 356.13 4.00 231498 0.00 590.33 1158.24
12.02 0.04 0.47 356.01 4.00 231508 0.00 589.96 1158.25
12.02 0.04 0.47 356.01 4.00 231518 0.00 589.96 1158.25
12.02 0.04 0.47 356.01 4.00 231528 0.00 589.96 1158.25
12.02 0.04 0.47 356.01 4.00 231538 0.00 589.96 1158.26
12.02 0.04 0.47 356.01 4.00 231548 0.00 589.96 1158.26
12.02 0.04 0.47 356.01 4.00 231558 0.00 589.96 1158.27
12.02 0.04 0.47 356.01 4.00 231568 0.00 589.96 1158.27
12.02 0.04 0.47 356.01 4.00 231578 0.00 589.96 1158.28
12.02 0.04 0.47 356.01 4.00 231588 0.00 589.96 1158.28
12.02 0.04 0.47 355.90 4.00 231598 0.00 589.58 1158.29
12.02 0.04 0.47 355.90 4.00 231608 0.00 589.58 1158.29
12.02 0.04 0.47 355.90 4.00 231618 0.00 589.58 1158.30
12.02 0.04 0.47 355.78 4.00 231628 0.00 589.20 1158.30
12.02 0.04 0.47 355.78 4.00 231638 0.00 589.20 1158.31
12.02 0.04 0.47 355.78 4.00 231648 0.00 589.20 1158.31
12.02 0.04 0.47 355.78 4.00 231658 0.00 589.20 1158.32
12.02 0.04 0.47 355.67 4.00 231668 0.00 588.82 1158.32
12.02 0.04 0.47 355.78 4.00 231678 0.00 589.20 1158.33
12.02 0.04 0.47 355.67 4.00 231688 0.00 588.82 1158.33
12.02 0.04 0.47 355.56 4.00 231698 0.00 588.45 1158.34
12.02 0.04 0.47 355.56 4.00 231708 0.00 588.45 1158.34
12.02 0.04 0.47 355.56 4.00 231718 0.00 588.45 1158.34
12.02 0.04 0.47 355.56 4.00 231728 0.00 588.45 1158.35
12.02 0.04 0.47 355.56 4.00 231738 0.00 588.45 1158.35
12.02 0.04 0.47 355.44 4.00 231748 0.00 588.07 1158.36
12.02 0.04 0.47 355.44 4.00 231758 0.00 588.07 1158.36
12.02 0.04 0.47 355.44 4.00 231768 0.00 588.07 1158.37
12.02 0.04 0.47 355.44 4.00 231778 0.00 588.07 1158.37
12.02 0.04 0.47 355.33 4.00 231788 0.00 587.69 1158.38
12.02 0.04 0.47 355.44 4.00 231798 0.00 588.07 1158.38
12.02 0.04 0.47 355.44 4.00 231808 0.00 588.07 1158.39
12.02 0.04 0.47 355.33 4.00 231818 0.00 587.69 1158.39
12.02 0.04 0.47 355.33 4.00 231828 0.00 587.69 1158.40
12.02 0.04 0.47 355.33 4.00 231838 0.00 587.69 1158.40
12.02 0.04 0.47 355.33 4.00 231848 0.00 587.69 1158.41
12.02 0.04 0.47 355.33 4.00 231858 0.00 587.69 1158.41
12.02 0.04 0.47 355.21 4.00 231868 0.00 587.32 1158.42
12.02 0.04 0.47 355.21 4.00 231878 0.00 587.32 1158.42
12.02 0.04 0.47 355.10 4.00 231888 0.00 586.94 1158.42
12.02 0.04 0.47 355.10 4.00 231898 0.00 586.94 1158.43
12.02 0.04 0.47 355.10 4.00 231908 0.00 586.94 1158.43
12.02 0.04 0.47 354.99 4.00 231918 0.00 586.57 1158.44
12.02 0.04 0.47 354.99 4.00 231928 0.00 586.57 1158.44
12.02 0.04 0.47 354.99 4.00 231938 0.00 586.57 1158.45
12.02 0.04 0.47 354.99 4.00 231948 0.00 586.57 1158.45
12.02 0.04 0.47 354.99 4.00 231958 0.00 586.57 1158.46
12.02 0.04 0.47 354.99 4.00 231968 0.00 586.57 1158.46
12.02 0.04 0.47 354.99 4.00 231978 0.00 586.57 1158.47
12.02 0.04 0.47 354.87 4.00 231988 0.00 586.19 1158.47
12.02 0.04 0.47 354.87 4.00 231998 0.00 586.19 1158.48
12.02 0.04 0.47 354.76 4.00 232008 0.00 585.82 1158.48
12.02 0.04 0.47 354.87 4.00 232018 0.00 586.19 1158.49
12.02 0.04 0.47 354.76 4.00 232028 0.00 585.82 1158.49
12.02 0.04 0.47 354.76 4.00 232038 0.00 585.82 1158.50
12.02 0.04 0.47 354.76 4.00 232048 0.00 585.82 1158.50
12.02 0.04 0.47 354.76 4.00 232058 0.00 585.82 1158.50
12.02 0.04 0.47 354.76 4.00 232068 0.00 585.82 1158.51
12.02 0.04 0.47 354.76 4.00 232078 0.00 585.82 1158.51
12.02 0.04 0.47 354.65 4.00 232088 0.00 585.45 1158.52
12.02 0.04 0.47 354.65 4.00 232098 0.00 585.45 1158.52
12.02 0.04 0.47 354.65 4.00 232108 0.00 585.45 1158.53
12.02 0.04 0.47 354.53 4.00 232118 0.00 585.07 1158.53
12.02 0.04 0.47 354.53 4.00 232128 0.00 585.07 1158.54
12.02 0.04 0.47 354.53 4.00 232138 0.00 585.07 1158.54
12.02 0.04 0.47 354.53 4.00 232148 0.00 585.07 1158.55
12.02 0.04 0.47 354.53 4.00 232158 0.00 585.07 1158.55
12.02 0.04 0.47 354.42 4.00 232168 0.00 584.70 1158.56
12.02 0.04 0.47 354.42 4.00 232178 0.00 584.70 1158.56
12.02 0.04 0.47 354.42 4.00 232188 0.00 584.70 1158.57
12.02 0.04 0.47 354.42 4.00 232198 0.00 584.70 1158.57
12.02 0.04 0.47 354.42 4.00 232208 0.00 584.70 1158.58
12.02 0.04 0.47 354.31 4.00 232218 0.00 584.33 1158.58
12.02 0.04 0.47 354.31 4.00 232228 0.00 584.33 1158.58
12.02 0.04 0.47 354.31 4.00 232238 0.00 584.33 1158.59
12.02 0.04 0.47 354.31 4.00 232248 0.00 584.33 1158.59
12.02 0.04 0.47 354.20 4.00 232258 0.00 583.95 1158.60
12.02 0.04 0.47 354.20 4.00 232268 0.00 583.95 1158.60
12.02 0.04 0.47 354.20 4.00 232278 0.00 583.95 1158.61
12.02 0.04 0.47 354.20 4.00 232288 0.00 583.95 1158.61
12.02 0.04 0.47 354.08 4.00 232298 0.00 583.58 1158.62
12.02 0.04 0.47 354.08 4.00 232308 0.00 583.58 1158.62
12.02 0.04 0.47 354.08 4.00 232318 0.00 583.58 1158.63
12.02 0.04 0.47 354.08 4.00 232328 0.00 583.58 1158.63
12.02 0.04 0.47 354.08 4.00 232338 0.00 583.58 1158.64
12.02 0.04 0.47 354.08 4.00 232348 0.00 583.58 1158.64
12.02 0.04 0.47 353.97 4.00 232358 0.00 583.21 1158.65
12.02 0.04 0.47 353.97 4.00 232368 0.00 583.21 1158.65
12.02 0.04 0.47 353.97 4.00 232378 0.00 583.21 1158.66
12.02 0.04 0.47 353.97 4.00 232388 0.00 583.21 1158.66
12.02 0.04 0.47 353.86 4.00 232398 0.00 582.84 1158.66
12.02 0.04 0.47 353.86 4.00 232408 0.00 582.84 1158.67
12.02 0.04 0.47 353.86 4.00 232418 0.00 582.84 1158.67
12.02 0.04 0.47 353.86 4.00 232428 0.00 582.84 1158.68
12.02 0.04 0.47 353.86 4.00 232438 0.00 582.84 1158.68
12.02 0.04 0.47 353.74 4.00 232448 0.00 582.47 1158.69
12.02 0.04 0.47 353.74 4.00 232458 0.00 582.47 1158.69
12.02 0.04 0.47 353.74 4.00 232468 0.00 582.47 1158.70
12.02 0.04 0.47 353.63 4.00 232478 0.00 582.10 1158.70
12.02 0.04 0.47 353.74 4.00 232488 0.00 582.47 1158.71
12.02 0.04 0.47 353.63 4.00 232498 0.00 582.10 1158.71
12.02 0.04 0.47 353.63 4.00 232508 0.00 582.10 1158.72
12.02 0.04 0.47 353.63 4.00 232518 0.00 582.10 1158.72
12.02 0.04 0.47 353.52 4.00 232528 0.00 581.73 1158.73
12.02 0.04 0.47 353.52 4.00 232538 0.00 581.73 1158.73
12.02 0.04 0.47 353.52 4.00 232548 0.00 581.73 1158.74
12.02 0.04 0.47 353.52 4.00 232558 0.00 581.73 1158.74
12.02 0.04 0.47 353.52 4.00 232568 0.00 581.73 1158.74
12.02 0.04 0.47 353.52 4.00 232578 0.00 581.73 1158.75
12.02 0.04 0.47 353.52 4.00 232588 0.00 581.73 1158.75
12.02 0.04 0.47 353.41 4.00 232598 0.00 581.36 1158.76
12.02 0.04 0.47 353.41 4.00 232608 0.00 581.36 1158.76
12.02 0.04 0.47 353.41 4.00 232618 0.00 581.36 1158.77
12.02 0.04 0.47 353.29 4.00 232628 0.00 580.99 1158.77
12.02 0.04 0.47 353.29 4.00 232638 0.00 580.99 1158.78
12.02 0.04 0.47 353.29 4.00 232648 0.00 580.99 1158.78
12.02 0.04 0.47 353.18 4.00 232658 0.00 580.62 1158.79
12.02 0.04 0.47 353.18 4.00 232668 0.00 580.62 1158.79
12.02 0.04 0.47 353.18 4.00 232678 0.00 580.62 1158.80
12.02 0.04 0.47 353.07 4.00 232688 0.00 580.25 1158.80
12.02 0.04 0.47 353.07 4.00 232698 0.00 580.25 1158.81
12.02 0.04 0.47 353.07 4.00 232708 0.00 580.25 1158.81
12.02 0.04 0.47 352.96 4.00 232718 0.00 579.88 1158.82
12.02 0.04 0.47 352.96 4.00 232728 0.00 579.88 1158.82
12.02 0.04 0.47 352.96 4.00 232738 0.00 579.88 1158.83
12.02 0.04 0.47 352.96 4.00 232748 0.00 579.88 1158.83
12.02 0.04 0.47 352.96 4.00 232758 0.00 579.88 1158.83
12.02 0.04 0.47 352.96 4.00 232768 0.00 579.88 1158.84
12.02 0.04 0.47 352.96 4.00 232778 0.00 579.88 1158.84
12.02 0.04 0.47 352.96 4.00 232788 0.00 579.88 1158.85
12.02 0.04 0.47 352.96 4.00 232798 0.00 579.88 1158.85
12.02 0.04 0.47 352.85 4.00 232808 0.00 579.51 1158.86
12.02 0.04 0.47 352.73 4.00 232818 0.00 579.14 1158.86
12.02 0.04 0.47 352.73 4.00 232828 0.00 579.14 1158.87
12.02 0.04 0.47 352.73 4.00 232838 0.00 579.14 1158.87
12.02 0.04 0.47 352.73 4.00 232848 0.00 579.14 1158.88
12.02 0.04 0.47 352.73 4.00 232858 0.00 579.14 1158.88
12.02 0.04 0.47 352.73 4.00 232868 0.00 579.14 1158.89
12.02 0.04 0.47 352.62 4.00 232878 0.00 578.78 1158.89
12.02 0.04 0.47 352.73 4.00 232888 0.00 579.14 1158.90
12.02 0.04 0.47 352.62 4.00 232898 0.00 578.78 1158.90
12.02 0.04 0.47 352.51 4.00 232908 0.00 578.41 1158.91
12.02 0.04 0.47 352.51 4.00 232918 0.00 578.41 1158.91
12.02 0.04 0.47 352.51 4.00 232928 0.00 578.41 1158.91
12.02 0.04 0.47 352.51 4.00 232938 0.00 578.41 1158.92
12.02 0.04 0.47 352.51 4.00 232948 0.00 578.41 1158.92
12.02 0.04 0.47 352.40 4.00 232958 0.00 578.04 1158.93
12.02 0.04 0.47 352.40 4.00 232968 0.00 578.04 1158.93
12.02 0.04 0.47 352.51 4.00 232978 0.00 578.41 1158.94
12.02 0.04 0.47 352.40 4.00 232988 0.00 578.04 1158.94
12.02 0.04 0.47 352.40 4.00 232998 0.00 578.04 1158.95
12.02 0.04 0.47 352.40 4.00 233008 0.00 578.04 1158.95
12.02 0.04 0.47 352.40 4.00 233018 0.00 578.04 1158.96
12.02 0.04 0.47 352.29 4.00 233028 0.00 577.68 1158.96
12.02 0.04 0.47 352.29 4.00 233038 0.00 577.68 1158.97
12.02 0.04 0.47 352.29 4.00 233048 0.00 577.68 1158.97
12.02 0.04 0.47 352.17 4.00 233058 0.00 577.31 1158.98
12.02 0.04 0.47 352.17 4.00 233068 0.00 577.31 1158.98
12.02 0.04 0.47 352.17 4.00 233078 0.00 577.31 1158.99
12.02 0.04 0.47 352.06 4.00 233088 0.00 576.94 1158.99
12.02 0.04 0.47 352.06 4.00 233098 0.00 576.94 1158.99
12.02 0.04 0.47 352.06 4.00 233108 0.00 576.94 1159.00
12.02 0.04 0.47 352.06 4.00 233118 0.00 576.94 1159.00
12.02 0.04 0.47 352.06 4.00 233128 0.00 576.94 1159.01
12.02 0.04 0.47 351.95 4.00 233138 0.00 576.58 1159.01
12.02 0.04 0.47 351.95 4.00 233148 0.00 576.58 1159.02
12.02 0.04 0.47 351.95 4.00 233158 0.00 576.58 1159.02
12.02 0.04 0.47 351.95 4.00 233168 0.00 576.58 1159.03
12.02 0.04 0.47 351.95 4.00 233178 0.00 576.58 1159.03
12.02 0.04 0.47 351.84 4.00 233188 0.00 576.21 1159.04
12.02 0.04 0.47 351.95 4.00 233198 0.00 576.58 1159.04
12.02 0.04 0.47 351.84 4.00 233208 0.00 576.21 1159.05
12.02 0.04 0.47 351.84 4.00 233218 0.00 576.21 1159.05
12.02 0.04 0.47 351.84 4.00 233228 0.00 576.21 1159.06
12.02 0.04 0.47 351.84 4.00 233238 0.00 576.21 1159.06
12.02 0.04 0.47 351.84 4.00 233248 0.00 576.21 1159.06
12.02 0.04 0.47 351.73 4.00 233258 0.00 575.85 1159.07
12.02 0.04 0.47 351.73 4.00 233268 0.00 575.85 1159.07
12.02 0.04 0.47 351.73 4.00 233278 0.00 575.85 1159.08
12.02 0.04 0.47 351.62 4.00 233288 0.00 575.48 1159.08
12.02 0.04 0.47 351.62 4.00 233298 0.00 575.48 1159.09
12.02 0.04 0.47 351.62 4.00 233308 0.00 575.48 1159.09
12.02 0.04 0.47 351.62 4.00 233318 0.00 575.48 1159.10
12.02 0.04 0.47 351.51 4.00 233328 0.00 575.12 1159.10
12.02 0.04 0.47 351.62 4.00 233338 0.00 575.48 1159.11
12.02 0.04 0.47 351.51 4.00 233348 0.00 575.12 1159.11
12.02 0.04 0.47 351.51 4.00 233358 0.00 575.12 1159.12
12.02 0.04 0.47 351.51 4.00 233368 0.00 575.12 1159.12
12.02 0.04 0.47 351.51 4.00 233378 0.00 575.12 1159.13
12.02 0.04 0.47 351.40 4.00 233388 0.00 574.76 1159.13
12.02 0.04 0.47 351.40 4.00 233398 0.00 574.76 1159.14
12.02 0.04 0.47 351.40 4.00 233408 0.00 574.76 1159.14
12.02 0.04 0.47 351.40 4.00 233418 0.00 574.76 1159.15
12.02 0.04 0.47 351.28 4.00 233428 0.00 574.39 1159.15
12.02 0.04 0.47 351.28 4.00 233438 0.00 574.39 1159.15
12.02 0.04 0.47 351.28 4.00 233448 0.00 574.39 1159.16
12.02 0.04 0.47 351.28 4.00 233458 0.00 574.39 1159.16
12.02 0.04 0.47 351.17 4.00 233468 0.00 574.03 1159.17
12.02 0.04 0.47 351.17 4.00 233478 0.00 574.03 1159.17
12.02 0.04 0.47 351.17 4.00 233488 0.00 574.03 1159.18
12.02 0.04 0.47 351.17 4.00 233498 0.00 574.03 1159.18
12.02 0.04 0.47 351.06 4.00 233508 0.00 573.67 1159.19
12.02 0.04 0.47 351.06 4.00 233518 0.00 573.67 1159.19
12.02 0.04 0.47 351.06 4.00 233528 0.00 573.67 1159.20
12.02 0.04 0.47 351.06 4.00 233538 0.00 573.67 1159.20
12.02 0.04 0.47 351.06 4.00 233548 0.00 573.67 1159.21
12.02 0.04 0.47 351.06 4.00 233558 0.00 573.67 1159.21
12.02 0.04 0.47 350.95 4.00 233568 0.00 573.30 1159.22
12.02 0.04 0.47 350.95 4.00 233578 0.00 573.30 1159.22
12.02 0.04 0.47 350.95 4.00 233588 0.00 573.30 1159.23
12.02 0.04 0.47 350.95 4.00 233598 0.00 573.30 1159.23
12.02 0.04 0.47 350.95 4.00 233608 0.00 573.30 1159.23
12.02 0.04 0.47 350.84 4.00 233618 0.00 572.94 1159.24
12.02 0.04 0.47 350.84 4.00 233628 0.00 572.94 1159.24
12.02 0.04 0.47 350.84 4.00 233638 0.00 572.94 1159.25
12.02 0.04 0.47 350.84 4.00 233648 0.00 572.94 1159.25
12.02 0.04 0.47 350.73 4.00 233658 0.00 572.58 1159.26
12.02 0.04 0.47 350.73 4.00 233668 0.00 572.58 1159.26
12.02 0.04 0.47 350.73 4.00 233678 0.00 572.58 1159.27
12.02 0.04 0.47 350.62 4.00 233688 0.00 572.22 1159.27
12.02 0.04 0.47 350.62 4.00 233698 0.00 572.22 1159.28
12.02 0.04 0.47 350.62 4.00 233708 0.00 572.22 1159.28
12.02 0.04 0.47 350.51 4.00 233718 0.00 571.86 1159.29
12.02 0.04 0.47 350.51 4.00 233728 0.00 571.86 1159.29
12.02 0.04 0.47 350.51 4.00 233738 0.00 571.86 1159.30
12.02 0.04 0.47 350.51 4.00 233748 0.00 571.86 1159.30
12.02 0.04 0.47 350.51 4.00 233758 0.00 571.86 1159.31
12.02 0.04 0.47 350.51 4.00 233768 0.00 571.86 1159.31
12.02 0.04 0.47 350.51 4.00 233778 0.00 571.86 1159.31
12.02 0.04 0.47 350.40 4.00 233788 0.00 571.50 1159.32
12.02 0.04 0.47 350.40 4.00 233798 0.00 571.50 1159.32
12.02 0.04 0.47 350.40 4.00 233808 0.00 571.50 1159.33
12.02 0.04 0.47 350.40 4.00 233818 0.00 571.50 1159.33
12.02 0.04 0.47 350.29 4.00 233828 0.00 571.14 1159.34
12.02 0.04 0.47 350.29 4.00 233838 0.00 571.14 1159.34
